 1 230 740 0 0 1 2 5480.6797 5481.6821
 12.278 -0.321-14.498 35.335 46.657  3.613  1.297  0.000  0.000
   0.000  0.000  0.000  0.000  0.000  0.000  0.000 46.534   0.00
 1 730 727 0 0 1 5 5485.6890 5486.7632
 14.908 -2.961-14.516 32.307 47.271 23.139 97.133  0.000  0.000
   0.000  0.000  0.000  0.000  0.000  0.000  0.000 46.704   0.00
 12030 73316 117 1 5498.6846 5499.6919
 15.245 -1.302 14.065  5.098 19.463 35.442  0.841 -0.503-25.670
  31.043  4.580 12.544 12.319 60.952  0.050  0.000  0.000   0.00
 12130 723 3 2 5 3 5499.6919 5500.6880
 14.438 -0.158 15.569-34.922-21.509  7.102  8.985 33.297  0.130
 -34.109-34.981 15.054 15.606  0.478  6.624-20.939-21.913   0.84
 12130 723 0 0 1 1 5499.6919 5500.6880
 13.823  0.257 12.754 19.463 32.263  0.841  2.108  0.000  0.000
   0.000  0.000  0.000  0.000  0.000  0.000  0.000  0.000   0.00
 12230 729 2 1 3 4 5500.6880 5501.6738
 13.828 -0.256 15.411-21.509 -8.847  8.985  6.138 34.139 -0.171
 -20.939-21.913 15.039 15.675  3.729  5.256 -8.729 -9.727 -33.37
 12330 749 1 2 316 5501.6738 5502.7368
 16.418 -0.260 13.474-59.207-42.792 26.539 25.101 29.342  8.011
 -59.014-59.887 13.368 13.845 20.660  5.879-37.443-46.388 -15.13
 12330 749 2 2 4 4 5501.6738 5502.7368
 14.395 -0.491 15.158 -8.847  5.417  6.138  4.985  0.770  1.659
  -8.729 -9.727 15.157 15.170  5.410  0.728  7.286  4.657  13.23
 13030 756 1 1 2 1 5508.6689 5509.7231
 15.055  0.591  6.011-48.961-34.122 27.186 13.800  1.430 -4.568
 -48.941-53.533  6.011  6.125 27.073  0.113  0.000  0.000   0.00
 13130 638 0 0 1 1 5509.7231 5510.6841
 14.773  0.590  6.634-34.122-20.864 13.800  9.207  0.000  0.000
   0.000  0.000  0.000  0.000  0.000  0.000  0.000  0.000   0.00
 13130 638 2 1 3 3 5509.7231 5510.6841
 13.178  0.497 19.692-58.898-47.174 18.634 38.646-23.353  0.465
 -58.094-59.098 20.018 19.610  3.709 14.925-46.067-47.636  13.52
 13130 638 1 1 2 1 5509.7231 5510.6841
 13.568 -0.367 17.084 17.132 29.231  4.160  5.801-18.274 -0.563
  17.227 16.668 17.114 16.938  3.451  0.709  0.000  0.000   0.00
 13130 638 1 3 4 1 5509.7231 5510.6841
 14.308  0.409 17.470 27.417 40.228  5.262  0.505-11.166 -1.055
  27.545 26.460 17.494 17.290  4.641  0.621  0.000  0.000   0.00
 2 130 734 0 0 1 3 5510.6841 5511.6738
 13.734  0.083  7.201-20.864 -8.242  9.207 11.056  0.000  0.000
   0.000  0.000  0.000  0.000  0.000  0.000  0.000 -8.576   0.00
 2 130 734 1 2 3 6 5510.6841 5511.6738
 13.582 -0.424 20.169-47.174-34.702 38.646 17.585 -9.836  0.228
 -46.067-47.636 20.349 20.094 11.386 27.260-34.434-36.216  22.99
 2 130 734 0 0 1 1 5510.6841 5511.6738
 14.075 -0.458 16.731 29.231 42.191  5.801 14.843  0.000  0.000
   0.000  0.000  0.000  0.000  0.000  0.000  0.000  0.000   0.00
 2 130 734 0 0 1 2 5510.6841 5511.6738
 13.545  0.008 17.863 40.228 52.663  0.505  3.928  0.000  0.000
   0.000  0.000  0.000  0.000  0.000  0.000  0.000 49.649   0.00
 2 230 749 2 5 7 5 5511.6738 5512.6841
 13.803  0.302 -5.343 -1.523 11.435  5.473  4.034 -2.096  1.858
   0.539 -2.911 -5.418 -5.293  2.201  3.272 15.611 10.294   4.36
 2 230 749 2 4 6 4 5511.6738 5512.6841
 14.272 -0.511 19.749-34.702-21.270 17.585 11.565 13.152 -0.661
 -34.434-36.216 19.690 20.082 14.950  2.635-20.517-21.600 -28.73
 2 230 749 1 2 3 3 5511.6738 5512.6841
 14.340 -0.362  7.283 -8.242  5.258 11.056  8.125-22.594  0.130
  -8.003 -8.576  7.382  7.145  6.448  4.609  5.490  4.937 -20.05
 2 230 749 0 0 1 1 5511.6738 5512.6841
 13.827 -0.940 16.278 42.191 55.173 14.843 11.848  0.000  0.000
   0.000  0.000  0.000  0.000  0.000  0.000  0.000  0.000   0.00
 2 330 734 5 611 4 5512.6841 5513.6963
 12.354  0.427 -7.103-51.984-40.467 16.576  7.384  2.180 -5.595
 -47.100-54.487 -6.918 -7.197  5.618 10.958-40.172-41.827 -21.69
 2 330 734 0 0 1 1 5512.6841 5513.6963
 15.327  0.230 12.395-25.309-10.782  0.050  0.334  0.000  0.000
   0.000  0.000  0.000  0.000  0.000  0.000  0.000  0.000   0.00
 2 330 734 1 3 4 2 5512.6841 5513.6963
 14.084 -0.089 19.232-21.270 -8.001 11.565 11.016-15.575 -0.419
 -20.517-21.600 19.430 19.145  3.528  8.037 -7.480 -8.158  11.01
 2 330 734 1 2 3 3 5512.6841 5513.6963
 14.081  0.128  6.918  5.258 18.524  8.125 19.130-42.647 -0.102
   5.490  4.937  7.129  6.624  4.719  3.406 18.870 18.267  20.92
 2 430 716 2 1 3 9 5513.6963 5514.6763
 13.790  0.196-12.549  5.357 17.910 12.478 24.895 23.412  1.824
   7.443  3.317-11.668-13.412  6.172  6.307 21.250 15.504   2.14
 2 430 716 1 1 2 3 5513.6963 5514.6763
 15.837 -0.536 -6.969-33.556-18.997  3.507  8.051  7.498 -0.831
 -32.125-33.854 -6.782 -7.008  0.605  2.902-18.986-19.884  -0.20
 2 430 716 2 2 4 5 5513.6963 5514.6763
 15.188 -1.167 -7.535-40.467-26.544  7.384  6.675-19.513 -0.136
 -40.172-41.827 -7.639 -7.057  6.067  1.317-25.924-27.409  42.59
 2 430 716 0 0 1 1 5513.6963 5514.6763
 14.301 -0.400 -3.373-51.183-38.130  6.457  9.394  0.000  0.000
   0.000  0.000  0.000  0.000  0.000  0.000  0.000  0.000   0.00
 2 430 716 2 1 3 3 5513.6963 5514.6763
 14.543  0.448  7.528-51.503-38.212 16.489 10.777  1.966 -0.091
 -51.337-52.724  7.522  7.569 14.517  1.972-37.604-38.542  41.72
 2 430 716 1 1 2 4 5513.6963 5514.6763
 13.869  0.302 19.142 -8.001  4.629 11.016  8.606 -4.570  0.078
  -7.480 -8.158 19.182 19.131  2.548  8.468  4.756  4.010  -8.12
 2 430 716 2 1 3 2 5513.6963 5514.6763
 14.045  0.111  7.047 18.524 31.327 19.130  8.859-21.727  0.189
  18.870 18.267  7.184  6.945  8.166 10.965 31.805 31.147 -16.68
 2 530 746 3 6 911 5514.6763 5515.6826
 12.347  1.111-12.741 17.910 29.349 24.895 19.646 25.554 -1.344
  21.250 15.504-11.183-13.863 10.425 14.470 32.599 28.153   2.00
 2 530 746 1 5 6 3 5514.6763 5515.6826
 14.689  0.977-17.175-38.913-25.117 36.294  9.355  5.502 -0.002
 -38.287-39.928-17.118-17.269 22.449 13.845-25.026-26.475  23.41
 2 530 746 1 1 2 2 5514.6763 5515.6826
 14.074  0.433-17.526-46.339-33.162 11.369  9.006-30.054  1.213
 -46.070-46.391-17.675-17.498  1.841  9.528-31.555-33.201  28.05
 2 530 746 4 1 5 5 5514.6763 5515.6826
 15.532  1.011-12.093-51.604-36.959 19.589 16.559 -0.506 -1.721
 -46.768-51.970-12.135-12.090  1.378 18.210-35.322-38.771   3.99
 2 530 746 0 0 1 1 5514.6763 5515.6826
 14.715 -0.049-12.040-59.979-46.158  1.323  0.400  0.000  0.000
   0.000  0.000  0.000  0.000  0.000  0.000  0.000  0.000   0.00
 2 530 746 2 3 5 6 5514.6763 5515.6826
 14.938  0.376 -6.392-26.544-12.498  6.675  1.716 23.079 -0.487
 -25.924-27.409 -6.129 -6.758  3.889  2.786-11.899-12.985  -7.93
 2 530 746 0 0 1 1 5514.6763 5515.6826
 14.396  0.451 -2.981-38.130-24.629  9.394  2.163  0.000  0.000
   0.000  0.000  0.000  0.000  0.000  0.000  0.000  0.000   0.00
 2 530 746 1 2 3 3 5514.6763 5515.6826
 14.320  0.070  7.966-38.212-24.788 10.777 17.693 43.689  0.620
 -37.604-38.542  7.391  8.279  3.793  6.984-23.319-25.068 -19.08
 2 530 746 1 3 4 1 5514.6763 5515.6826
 13.784 -0.278 19.438  4.629 17.514  8.606 10.155-12.687 -0.721
   4.756  4.010 19.465 19.306  7.145  1.461  0.000  0.000   0.00
 2 530 746 1 1 2 2 5514.6763 5515.6826
 14.369 -0.525  7.156 31.327 44.800  8.859  0.303-38.409  0.795
  31.805 31.147  7.533  7.015  2.418  6.442 44.999 43.791  -4.10
 2 630 737 5 611 4 5515.6826 5516.6709
 12.509  0.159-13.859 29.349 40.743 19.646  3.964 27.552 -2.943
  32.599 28.153-12.213-14.465  5.286 14.360 40.875 40.355  47.26
 2 630 737 2 1 3 6 5515.6826 5516.6709
 14.728  0.753-18.158-25.117-11.530  9.355 37.356 28.913  0.988
 -25.026-26.475-18.110-18.871  8.769  0.587-10.350-12.949 -12.75
 2 630 737 1 1 2 1 5515.6826 5516.6709
 13.782 -0.078-17.962-33.162-20.510  9.006  4.704 -2.003 -1.566
 -31.555-33.201-18.015-17.961  0.210  8.796  0.000  0.000   0.00
 2 630 737 2 4 6 2 5515.6826 5516.6709
 16.641 -0.333 -6.770-12.498  2.979  1.716  0.217 15.145  0.901
 -11.899-12.985 -6.609 -6.901  0.771  0.945  3.445  1.425 -20.74
 2 630 737 4 1 5 5 5515.6826 5516.6709
 15.062 -0.325-13.111-36.959-23.043 16.559  3.820  3.489  2.363
 -35.322-38.771-13.014-13.219  8.698  7.860-19.731-25.589   0.78
 2 630 737 0 0 1 1 5515.6826 5516.6709
 14.718  0.354 -3.435-24.629-11.052  2.163  2.958  0.000  0.000
   0.000  0.000  0.000  0.000  0.000  0.000  0.000  0.000   0.00
 2 630 737 0 0 1 3 5515.6826 5516.6709
 13.987  0.017-11.991-46.158-33.303  0.400  8.750  0.000  0.000
   0.000  0.000  0.000  0.000  0.000  0.000  0.000-34.485   0.00
 2 630 737 1 2 3 3 5515.6826 5516.6709
 13.751  0.214  8.037-24.788-12.167 17.693  6.909 24.610 -0.576
 -23.319-25.068  7.370  8.164  2.834 14.859-12.037-13.368 -32.27
 2 630 737 0 0 1 2 5515.6826 5516.6709
 14.737 -0.199 19.158 17.514 31.110 10.155  2.332  0.000  0.000
   0.000  0.000  0.000  0.000  0.000  0.000  0.000 30.563   0.00
 2 630 737 1 1 2 2 5515.6826 5516.6709
 14.664  0.170  6.628 44.800 58.324  0.303  2.621-42.511 -0.483
  44.999 43.791  6.810  5.709  0.253  0.050 58.344 57.272  20.92
 2 730 753 7 2 9 8 5516.6709 5517.6777
 14.321 -0.332-11.511 45.976 59.411 25.703 16.404 44.056 -3.921
  46.577 41.904-10.942-15.372 22.399  3.304 60.826 58.382 -56.03
 2 730 753 2 2 4 3 5516.6709 5517.6777
 13.485  0.690-14.016 40.743 53.336  3.964  0.825 74.809 -0.342
  40.875 40.355-13.546-15.405  2.962  1.003 54.543 53.170-107.82
 2 730 753 4 1 5 2 5516.6709 5517.6777
 16.948 -0.644-12.790-23.043 -6.963  3.820  0.766  4.272 -5.108
 -19.731-25.589-12.548-12.975  1.661  2.160 -6.373 -7.004   1.86
 2 730 753 1 1 2 3 5516.6709 5517.6777
 14.116  0.273-13.837-26.107-12.879  7.566  5.204-79.613  0.095
 -26.099-26.205-13.877-13.316  7.030  0.535-12.607-12.924 142.13
 2 730 753 2 1 3 1 5516.6709 5517.6777
 14.763 -0.363-12.008-33.303-19.424  8.750  4.024 21.055 -1.662
 -32.900-34.485-11.856-12.453  6.523  2.227  0.000  0.000   0.00
 2 730 753 0 0 1 1 5516.6709 5517.6777
 13.975 -0.118 -3.785-11.052  2.034  2.958  4.281  0.000  0.000
   0.000  0.000  0.000  0.000  0.000  0.000  0.000  0.000   0.00
 2 730 753 2 1 3 3 5516.6709 5517.6777
 13.156 -0.017  8.248-12.167  0.095  6.909  7.873 -7.664  0.021
 -12.037-13.368  8.266  8.088  6.235  0.674  0.802 -0.538  -3.10
 2 730 753 1 1 2 2 5516.6709 5517.6777
 16.222  0.636 -6.441  2.979 18.328  0.217  2.023 -5.595 -1.695
   3.445  1.425 -6.486 -6.289  0.167  0.050 18.403 18.100  26.94
 2 730 753 1 1 2 1 5516.6709 5517.6777
 13.335 -0.462 18.962 31.110 43.551  2.332  3.038 11.703 -0.580
  31.164 30.563 18.951 19.069  2.123  0.209  0.000  0.000   0.00
 2 830 744 1 1 2 1 5517.6777 5518.6875
 14.710  0.474 -7.081 18.328 32.192  2.023  2.409 21.343 -0.322
  18.403 18.100 -7.052 -7.169  1.522  0.502  0.000  0.000   0.00
 2 830 744 1 1 2 1 5517.6777 5518.6875
 14.144  0.356-12.141 -6.963  6.330  0.766  0.955  6.130 -0.621
  -6.373 -7.004-12.079-12.145  0.050  0.716  0.000  0.000   0.00
 2 830 744 1 2 3 1 5517.6777 5518.6875
 14.033  0.806-14.112-12.879  0.302  5.204  0.185 62.514 -0.665
 -12.607-12.924-13.606-14.196  0.739  4.464  0.000  0.000   0.00
 2 830 744 0 0 1 1 5517.6777 5518.6875
 13.605  0.231-11.642-19.424 -6.675  4.024  3.083  0.000  0.000
   0.000  0.000  0.000  0.000  0.000  0.000  0.000  0.000   0.00
 2 830 744 1 2 3 2 5517.6777 5518.6875
 13.845 -0.213  8.231  0.095 13.086  7.873 13.478-10.763 -0.011
   0.802 -0.538  8.364  8.112  3.718  4.155 13.744 12.499 -12.21
 2 830 744 0 0 1 1 5517.6777 5518.6875
 14.425  0.291 -3.666  2.034 15.610  4.281  1.590  0.000  0.000
   0.000  0.000  0.000  0.000  0.000  0.000  0.000  0.000   0.00
 2 830 744 0 0 1 2 5517.6777 5518.6875
 13.562 -0.215 18.497 43.551 56.257  3.038 23.502  0.000  0.000
   0.000  0.000  0.000  0.000  0.000  0.000  0.000 56.140   0.00
 2 930 730 7 71419 5518.6875 5519.6787
 14.999 -0.678-18.658 15.222 29.115 46.075 29.438 -1.566  0.587
  17.088 12.878-18.706-18.597 25.654 20.421 30.978 26.243  -8.70
 2 930 730 1 1 2 1 5518.6875 5519.6787
 13.344  0.260 12.750-57.426-45.173  6.095  0.050 24.718 -1.641
 -57.413-58.942 12.744 13.430  6.045  0.050  0.000  0.000   0.00
 2 930 730 1 1 2 4 5518.6875 5519.6787
 14.348  0.507  8.016 13.086 26.334 13.478 13.587-22.975  0.157
  13.744 12.499  8.292  7.769  6.358  7.120 26.507 25.609 -30.61
 2 930 730 0 0 1 1 5518.6875 5519.6787
 14.418 -0.561 -3.960 15.610 28.928  1.590  3.667  0.000  0.000
   0.000  0.000  0.000  0.000  0.000  0.000  0.000  0.000   0.00
 21030 74210 91919 5519.6787 5520.7007
 14.087 -0.697-17.987 29.115 42.514 29.438 49.339-10.269  2.488
  30.978 26.243-18.308-17.492 17.856 11.582 45.659 38.313  17.17
 21030 742 0 0 1 7 5519.6787 5520.7007
 12.679 -1.133 13.007-45.173-33.214  0.050  3.313  0.000  0.000
   0.000  0.000  0.000  0.000  0.000  0.000  0.000-33.501   0.00
 21030 742 1 2 3 6 5519.6787 5520.7007
 15.586  0.493 -2.992 -2.758 12.173  3.745  6.074-39.808  0.517
  -2.392 -3.739 -3.297 -2.176  2.727  1.018 12.531 10.311  52.26
 21030 742 1 3 4 5 5519.6787 5520.7007
 13.116 -0.558  8.518 26.334 38.740 13.587 12.248-53.586 -0.123
  26.507 25.609  8.750  7.546 10.970  2.617 39.326 37.988  38.28
 21130 71016 319 6 5520.7007 5521.7583
 15.052  1.180-17.274 42.514 57.398 49.339 58.092  6.897  1.136
  45.659 38.313-16.911-17.760 28.217 21.122 60.582 51.943  -4.02
 21130 710 4 3 7 5 5520.7007 5521.7583
 15.351  0.210 11.849-33.214-18.014  3.313  6.903-10.588  3.541
 -32.096-33.501 12.054 11.797  0.678  2.634-16.749-20.759  48.03
 21130 710 2 3 5 2 5520.7007 5521.7583
 15.101 -1.005  7.947 38.740 53.676 12.248  9.970-15.304  0.066
  39.326 37.988  8.106  7.743  6.885  5.363 53.717 52.393  -8.79
 21230 547 3 2 5 7 5521.7583 5522.6826
 15.737 -0.904 12.072-18.014 -4.374  6.903  4.785 37.441  0.281
 -16.749-20.759 11.124 14.127  4.725  2.178 -3.729 -8.517 -11.55
 21330 737 1 3 4 1 5522.6826 5523.6743
 12.428 -0.826 -5.021 36.938 48.291  4.743  1.417-22.615 -0.872
  37.025 36.217 -5.057 -4.722  4.233  0.510  0.000  0.000   0.00
 21330 737 3 4 710 5522.6826 5523.6743
 12.791  1.077 11.236 -4.374  7.340  4.785 11.391 25.895  0.297
  -3.729 -8.517 10.928 13.208  4.141  0.645  9.524  4.213  -6.02
 21430 748 3 710 1 5523.6743 5524.6855
 16.837 -0.661 12.303  7.340 23.373 11.391  8.382 19.874 -5.517
   9.524  4.213 11.532 13.407  6.706  4.685  0.000  0.000   0.00
 21530 732 0 0 1 1 5524.6855 5525.6758
 14.408 -0.056 11.635 23.373 36.671  8.382  4.610  0.000  0.000
   0.000  0.000  0.000  0.000  0.000  0.000  0.000  0.000   0.00
 21530 732 2 1 3 1 5524.6855 5525.6758
 14.254 -0.262 13.817 17.186 30.330  1.033  2.452 20.083 -0.742
  17.525 16.807 13.696 13.951  0.545  0.488  0.000  0.000   0.00
 21530 732 2 1 3 1 5524.6855 5525.6758
 12.104  1.708 13.097-57.246-46.230  4.472  0.499 33.524 -4.212
 -55.675-59.280 12.083 14.410  2.523  1.949  0.000  0.000   0.00
 21830 731 3 3 610 5527.6860 5528.6797
 14.949 -0.208 11.550-26.611-12.730 15.140  7.215 17.886 -0.050
 -25.137-29.853 11.084 12.575 10.408  4.731-11.367-16.239 -11.77
 3 930 344 5 510 4 5546.8442 5547.8442
 17.066  0.394-16.031 19.969 36.052 45.792 20.365 13.125 -2.761
  21.917 17.404-15.594-16.605 26.020 19.772 36.669 34.991   5.02
 3 930 344 11011 8 5546.8442 5547.8442
 14.009  0.207-17.893 10.191 23.217 45.437 56.470  4.413  3.766
  12.046  8.433-17.757-18.022 22.106 23.331 26.093 18.588   4.10
 31030 344 3 1 4 3 5547.8442 5548.6792
 15.005 -0.674-16.425 36.052 47.757 20.365 12.797 18.148  0.269
  36.669 34.991-16.231-16.758 12.881  7.483 48.719 46.788   0.63
 32130 756 0 0 1 1 5558.6689 5559.6665
 13.231 -0.623 -1.527 41.588 53.809 12.901  7.920  0.000  0.000
   0.000  0.000  0.000  0.000  0.000  0.000  0.000  0.000   0.00
 32430 749 0 0 1 2 5561.6738 5562.7529
 14.113 -0.696 10.751-48.050-33.882 18.919 26.314  0.000  0.000
   0.000  0.000  0.000  0.000  0.000  0.000  0.000-33.977   0.00
 32530 555 1 1 2 2 5562.7529 5563.6646
 14.009  0.498 10.000-33.882-22.006 26.314 20.663-47.105  0.260
 -33.650-33.977 10.246  9.899  7.675 18.638-21.931-22.069 -32.23
 32530 555 0 0 1 1 5562.7529 5563.6646
 13.289  0.736  8.645-58.126-46.906 16.923 12.678  0.000  0.000
   0.000  0.000  0.000  0.000  0.000  0.000  0.000  0.000   0.00
 32630 8 3 0 0 1 1 5563.6646 5564.6821
 14.874  0.257  9.316-46.906-32.776 12.678  7.015  0.000  0.000
   0.000  0.000  0.000  0.000  0.000  0.000  0.000  0.000   0.00
 32630 8 3 1 1 2 2 5563.6646 5564.6821
 14.467 -0.374 10.455-22.006 -8.290 20.663  7.183-79.335  0.357
 -21.931-22.069 10.846 10.125  9.450 11.213 -7.788 -8.435  25.03
 32730 737 0 0 1 3 5564.6821 5565.6694
 14.183 -0.464  9.578-32.776-19.743  7.015 18.765  0.000  0.000
   0.000  0.000  0.000  0.000  0.000  0.000  0.000-19.940   0.00
 32730 737 1 1 2 1 5564.6821 5565.6694
 13.658 -0.976 10.074 -8.290  4.225  7.183  3.847-54.306 -1.091
  -7.788 -8.435 10.762  9.875  1.607  5.576  0.000  0.000   0.00
 32830 755 1 3 4 2 5565.6694 5566.6729
 14.469  0.121 -4.577-54.027-40.497 74.015 48.096-12.431 -0.546
 -54.022-56.712 -4.578 -3.987 73.865  0.150-40.494-42.702  13.62
 32830 755 1 2 3 1 5565.6694 5566.6729
 14.485  0.107  9.119-19.743 -6.196 18.765  4.322  6.468 -0.548
 -19.388-19.940  9.079  9.141  6.722 12.043  0.000  0.000   0.00
 32830 755 0 0 1 2 5565.6694 5566.6729
 14.723 -0.419  9.110  4.225 18.011  3.847  4.594  0.000  0.000
   0.000  0.000  0.000  0.000  0.000  0.000  0.000 17.866   0.00
 4 230 741 1 2 3 6 5570.6792 5571.6748
 14.505 -1.316 -7.051 12.605 26.069 41.633 41.569 58.443  2.758
  13.970 12.601 -4.846 -7.058  0.129 41.504 26.267 20.886 -57.83
 4 330 747 2 4 6 1 5571.6748 5572.6123
 13.905 -0.160 -5.741 26.069 38.181 41.569 37.746  0.615 -5.354
  26.267 20.886 -5.739 -5.796 40.037  1.532  0.000  0.000   0.00
 4 330 747 0 0 1 1 5571.6748 5572.6123
 14.706 -1.688 -8.854 12.964 25.827  1.491  0.414  0.000  0.000
   0.000  0.000  0.000  0.000  0.000  0.000  0.000  0.000   0.00
 4 330 747 4 3 716 5571.6748 5572.6123
 12.269 -0.271 13.002-52.615-42.037 39.183 64.379-11.689  1.082
 -50.738-60.582 13.381 11.396 31.711  7.472-38.827-49.914   5.50
 4 430 918 0 0 1 1 5572.6123 5573.6689
 14.573  0.375 -5.591 38.181 52.533 37.746 60.240  0.000  0.000
   0.000  0.000  0.000  0.000  0.000  0.000  0.000  0.000   0.00
 4 430 918 7 91631 5572.6123 5573.6689
 14.658 -0.507 12.748-42.037-27.596 64.379 59.076 -6.185 -2.233
 -38.827-49.914 13.088 11.916 45.738 18.641-22.905-31.710  11.57
 4 530 75611203123 5573.6689 5574.6787
 16.412 -0.046 12.213-27.596-12.020 59.076 71.263  5.390  1.585
 -22.905-31.710 11.780 12.592 27.605 31.471 -9.206-19.662  -3.18
 4 630 742 51823 5 5574.6787 5575.6729
 16.695 -0.311 12.167-12.020  3.603 71.263 26.997  2.206 -9.226
  -9.206-19.662 12.061 12.454 52.084 19.179  4.100  3.187 -29.23
 4 730 751 1 1 2 9 5575.6729 5576.6729
 11.458 -0.184 14.788-47.792-37.320 24.090 18.773-21.608 -0.895
 -47.782-52.562 14.792 12.961 24.040  0.050-35.711-39.862  11.72
 4 730 751 0 0 1 9 5575.6729 5576.6729
 17.132  0.342 14.263-53.466-37.320 17.381 18.773  0.000  0.000
   0.000  0.000  0.000  0.000  0.000  0.000  0.000-39.862   0.00
 4 730 751 4 4 8 1 5575.6729 5576.6729
 14.942  0.077 13.253 -7.700  6.256 14.551  3.062 27.404 -2.190
  -6.475 -8.472 12.635 13.643  5.628  8.923  0.000  0.000   0.00
 4 730 751 2 3 5 7 5575.6729 5576.6729
 13.220  0.282 11.857  3.603 15.837 26.997 40.511-27.022  0.941
   4.100  3.187 12.106 11.650 12.285 14.712 16.306 14.534  54.01
 4 830 751 0 0 1 2 5576.6729 5577.6777
 15.251  0.507 -7.133-59.252-44.917  0.462  0.471  0.000  0.000
   0.000  0.000  0.000  0.000  0.000  0.000  0.000-44.924   0.00
 4 830 751 2 5 7 3 5576.6729 5577.6777
 14.171 -0.870 12.139 15.837 29.087 40.511 35.161 26.987 -0.750
  16.306 14.534 11.906 12.788 29.801 10.710 29.992 28.784 -33.91
 42030 922 1 2 3 3 5588.6089 5589.6978
 11.523 -0.416-12.534-42.278-30.805  9.647  5.485 16.799 -3.248
 -39.583-44.420-11.739-13.165  4.271  5.375-29.578-30.896 -56.87
 42030 922 3 2 5 5 5588.6089 5589.6978
 15.209 -0.960 27.846-25.664-10.177  5.539  6.252 21.909  2.089
 -25.081-26.002 27.639 27.967  2.034  3.505 -8.540-11.864 -20.82
 42030 922 0 0 1 2 5588.6089 5589.6978
 15.453  0.415 13.475 41.579 57.331  0.050  0.342  0.000  0.000
   0.000  0.000  0.000  0.000  0.000  0.000  0.000 56.051   0.00
 42130 715 2 1 3 3 5589.6978 5590.6284
 14.694 -0.115-12.081-30.805-18.049  5.485  2.229-40.075  0.953
 -29.578-30.896-13.090-12.006  0.378  5.108-15.849-18.540  42.99
 42630 731 1 1 2 3 5594.6860 5595.6611
 14.020  0.001 -6.844-25.706-12.999 48.393 26.737 23.141  0.812
 -25.702-27.370 -6.842 -7.550 48.276  0.117-12.951-15.375  -0.17
 42630 731 1 3 4 6 5594.6860 5595.6611
 14.129 -0.289 12.696-34.470-21.656  2.571  6.578 17.591  0.351
 -32.274-35.634 12.016 13.056  0.891  1.681-19.733-23.613 -18.10
 42730 8 7 1 2 3 4 5595.6611 5596.6631
 14.155  0.299 -6.844-12.999  0.198 26.737 44.858 22.974 -0.945
 -12.951-15.375 -6.825 -7.845 26.214  0.523  0.258 -1.423 -25.37
 42730 8 7 3 3 6 5 5595.6611 5596.6631
 13.434 -0.281 12.413-21.656 -9.182  6.578  7.980 -0.512 -0.065
 -19.733-23.613 12.430 12.396  3.319  3.259 -6.268-10.074   3.01
 5 830 757 4 5 9 8 5606.6680 5607.6694
 11.899  0.254 16.116 16.865 27.793 61.026 19.839  4.502 -4.628
  21.830 13.103 15.740 16.400 26.303 34.722 31.023 27.100 -10.15
 5 930 755 1 1 2 7 5607.6694 5608.6699
 12.141  0.247 15.117 34.767 45.930 33.740 52.219-88.809  5.978
  34.790 34.766 16.195 15.070  1.407 32.333 47.898 40.610  97.17
 51930 9 8 7 81516 5617.6187 5618.6694
 16.272  0.418-10.047-33.668-17.606 10.136 22.135  6.285 -1.702
 -30.532-37.490 -9.707-10.461  5.567  4.569-16.105-21.259   6.16
 52030 755 4121613 5618.6694 5619.5874
 14.597 -0.524-10.486-17.606 -5.108 22.135 53.372 12.449 -1.097
 -16.105-21.259-10.160-11.279 15.689  6.446 -4.143 -8.077   6.39
 52130 953 5 813 9 5619.5874 5620.5942
 12.353  0.342-10.006 -5.108  6.339 53.372 13.127 18.843  2.036
  -4.143 -8.077 -9.681-11.003 40.270 13.101  9.253  3.490   3.51
 52130 953 1 1 2 2 5619.5874 5620.5942
 13.638 -0.051 -6.228-49.767-37.026  4.786  3.812 12.777  0.034
 -49.761-50.296 -6.227 -6.348  4.736  0.050-36.601-37.142   9.13
 52230 943 5 4 912 5620.5942 5621.5972
 15.248 -0.367-10.350  6.339 20.642 13.127 17.470 22.357  0.630
   9.253  3.490 -9.172-11.503  6.490  6.636 22.454 15.979  -2.97
 52230 943 1 1 2 2 5620.5942 5621.5972
 14.361 -0.006 -6.177-37.026-23.612  3.812  4.131 21.909  0.131
 -36.601-37.142 -6.007 -6.223  0.817  2.995-23.175-23.878 -11.77
 52330 939 3 912 4 5621.5972 5622.5903
 16.473 -0.594 -9.982 20.642 36.024 17.470  8.930 19.392 -6.249
  22.454 15.979 -9.354-11.599 12.582  4.888 36.209 35.784  15.58
 52330 939 1 1 2 2 5621.5972 5622.5903
 14.141  0.368 -6.171-23.612-10.547  4.131  1.661 10.136 -0.490
 -23.175-23.878 -6.093 -6.218  1.564  2.567-10.544-10.652  50.57
 52330 939 2 3 5 1 5621.5972 5622.5903
 12.167  1.298 24.961 42.986 54.091  2.474  0.974 25.627 -4.478
  45.080 40.626 24.051 25.987  1.311  1.163  0.000  0.000   0.00
 52430 949 1 3 4 5 5622.5903 5623.6113
 12.432 -0.922 -9.392 36.024 47.710  8.930  1.658 34.970  1.751
  36.209 35.784 -9.265 -9.557  5.037  3.893 49.494 47.260 -47.31
 52430 949 1 1 2 1 5622.5903 5623.6113
 14.123  0.146 -6.537-10.547  2.865  1.661  1.211 60.702 -0.220
 -10.544-10.652 -6.531 -6.723  1.611  0.050  0.000  0.000   0.00
 52430 949 2 2 4 1 5622.5903 5623.6113
 14.275  1.140-10.777-46.386-32.819  0.481  2.381 74.209 -2.491
 -46.143-46.833 -9.931-12.329  0.311  0.170  0.000  0.000   0.00
 52430 949 1 3 4 3 5622.5903 5623.6113
 13.048  1.272 11.939-58.693-46.378  4.775 11.241 13.772  2.762
 -58.654-59.905 11.930 12.230  4.625  0.150-45.374-47.888  38.75
 52430 949 0 0 1 8 5622.5903 5623.6113
 13.988 -0.092 18.459-14.895 -1.620  0.650  8.306  0.000  0.000
   0.000  0.000  0.000  0.000  0.000  0.000  0.000 -4.517   0.00
 52530 919 0 0 1 1 5623.6113 5624.5952
 13.388  0.048 -6.686  2.865 15.071  1.211  2.412  0.000  0.000
   0.000  0.000  0.000  0.000  0.000  0.000  0.000  0.000   0.00
 52530 919 2 1 3 3 5623.6113 5624.5952
 14.233 -1.144 13.238-46.378-33.341 11.241  4.930 52.521 -3.674
 -45.374-47.888 11.963 15.155  6.750  4.490-33.282-33.634 -43.90
 52530 919 3 5 8 1 5623.6113 5624.5952
 16.568  0.591 18.365 -1.620 13.716  8.306  3.924  0.491 -3.260
  -1.082 -4.517 18.361 18.389  7.006  1.300  0.000  0.000   0.00
 52530 919 1 1 2 1 5623.6113 5624.5952
 12.862  0.501 25.224  0.290 11.978  1.763  0.643 36.762 -1.957
   1.798  0.065 24.205 25.377  0.229  1.534  0.000  0.000   0.00
 52630 942 0 0 1 2 5624.5952 5625.7012
 14.223  0.003 -6.733 15.071 29.717  2.412  4.668  0.000  0.000
   0.000  0.000  0.000  0.000  0.000  0.000  0.000 27.506   0.00
 52630 942 1 2 3 1 5624.5952 5625.7012
 11.393 -0.298 12.112-33.341-21.826  4.930  1.461  8.617 -0.348
 -33.282-33.634 12.104 12.156  4.111  0.819  0.000  0.000   0.00
 52630 942 3 2 5 9 5624.5952 5625.7012
 15.838 -0.130 18.856  7.050 23.482  3.210 17.628  4.130  1.940
  10.867  6.377 18.596 18.902  0.481  2.729 27.214 20.719   3.00
 52730 7 9 1 1 2 2 5625.7012 5626.5938
 14.575 -0.040 -6.737 29.717 41.845  4.668  4.323 27.927 -0.321
  29.766 27.506 -6.711 -7.900  4.566  0.102 43.538 41.468 -49.97
 52730 7 9 0 0 1 9 5625.7012 5626.5938
 15.365  0.843 11.340-28.555-15.723  0.804  5.578  0.000  0.000
   0.000  0.000  0.000  0.000  0.000  0.000  0.000-18.053   0.00
 52730 7 9 7 2 9 3 5625.7012 5626.5938
 11.323  0.685 18.713 23.482 32.708 17.628 18.823  7.128 -5.548
  27.214 20.719 18.271 19.040  7.499 10.130 33.106 32.538  27.50
 52830 945 1 3 4 9 5626.5938 5627.5991
 11.400 -0.243 19.736 41.782 52.256  3.252 22.112-41.579  2.513
  42.082 40.380 19.987 18.565  2.679  0.574 54.537 49.620  36.32
 52830 945 1 1 2 2 5626.5938 5627.5991
 14.634  0.845 -6.701 41.845 55.571  4.323  1.802-22.044 -0.538
  43.538 41.468 -7.382 -6.550  0.786  3.536 55.617 54.125  -6.30
 52830 945 7 2 910 5626.5938 5627.5991
 14.715 -0.348 12.093-15.723 -1.915  5.578  9.685 16.689  0.302
 -14.145-18.053 11.630 12.776  3.326  2.251 -0.818 -4.915   4.07
 52930 937 1 3 4 3 5627.5991 5628.5933
 13.541  0.798 -1.974-20.730 -8.251  0.552  1.064-15.107 -0.083
 -19.779-21.229 -2.231 -1.839  0.190  0.362 -7.167 -8.569   5.89
 52930 937 2 810 3 5627.5991 5628.5933
 16.735 -0.078 11.742 -1.915 13.738  9.685  9.169 20.760 -1.903
  -0.818 -4.915 11.335 12.856  7.092  2.593 15.720 13.716  13.95
 53030 945 2 1 3 1 5628.5933 5629.6729
 14.235  0.410 11.665 13.738 28.048  9.169  2.706 34.713 -2.387
  15.720 13.716 10.321 11.680  0.100  9.069  0.000  0.000   0.00
 53030 945 0 0 1 1 5628.5933 5629.6729
 13.360 -0.090 16.477-49.069-35.704 24.161 39.237  0.000  0.000
   0.000  0.000  0.000  0.000  0.000  0.000  0.000  0.000   0.00
 53130 751 0 0 1 1 5629.6729 5630.5874
 15.261  0.755 16.380-35.704-22.646 39.237 18.385  0.000  0.000
   0.000  0.000  0.000  0.000  0.000  0.000  0.000  0.000   0.00
 6 430 751 0 0 1 9 5633.6729 5634.5820
 15.045  0.040  0.512-19.043 -6.260  0.091 11.032  0.000  0.000
   0.000  0.000  0.000  0.000  0.000  0.000  0.000 -7.883   0.00
 6 430 751 1 2 3 2 5633.6729 5634.5820
 14.044 -0.128 17.077 17.011 28.884 21.747 18.399 15.394 -1.457
  17.030 15.154 17.072 17.566 21.520  0.227 28.886 28.881  74.06
 6 53010 1 0 0 113 5634.5820 5635.5840
 13.831  0.322 -9.609-37.284-24.409  2.557 15.818  0.000  0.000
   0.000  0.000  0.000  0.000  0.000  0.000  0.000-26.872   0.00
 6 53010 1 2 7 9 4 5634.5820 5635.5840
 13.176  1.498  0.549 -6.260  5.959 11.032  6.652 20.803  1.416
  -4.726 -7.883 -0.034  1.165  5.673  5.359  8.559  4.652  14.64
 6 53010 1 1 1 2 1 5634.5820 5635.5840
 13.677 -0.198 16.961 28.884 41.605 18.399 15.934 89.449 -0.403
  28.886 28.881 16.825 17.229 12.229  6.170  0.000  0.000   0.00
 6 630 958 5 81312 5635.5840 5636.5869
 13.410  0.247 -9.932-24.409-11.947 15.818 14.558  5.335  2.645
 -23.439-26.872 -9.843-10.158 11.350  4.468 -8.201-14.335  -3.26
 6 630 958 2 2 4 9 5635.5840 5636.5869
 16.973 -1.630  2.050  5.959 21.994  6.652 13.505 35.447 -1.707
   8.559  4.652  0.199  2.979  2.224  4.427 23.379 20.352 -24.15
 6 630 958 4 4 8 9 5635.5840 5636.5869
 15.337  0.252 -0.163  7.599 21.994 21.331 13.505  6.101 -0.329
   9.579  6.182  0.049 -0.314  8.898 12.433 23.379 20.352   5.19
 6 630 958 0 0 1 1 5635.5840 5636.5869
 13.947 -0.544 16.763 41.605 54.606 15.934 10.934  0.000  0.000
   0.000  0.000  0.000  0.000  0.000  0.000  0.000  0.000   0.00
 6 730 954 6 3 9 6 5636.5869 5637.5908
 15.295 -0.396 -0.415 21.994 36.366 13.505 14.724 11.292  0.697
  23.379 20.352 -0.139 -0.743  7.326  6.179 37.419 33.673  -3.19
 6 730 954 8 412 9 5636.5869 5637.5908
 15.307  0.082-10.180-11.947  2.437 14.558 16.016  2.073  0.425
  -8.201-14.335-10.046-10.265  5.669  8.890  5.800 -0.761   1.13
 6 730 954 0 0 1 6 5636.5869 5637.5908
 13.017  0.509 -5.608-44.518-32.433  0.050  3.304  0.000  0.000
   0.000  0.000  0.000  0.000  0.000  0.000  0.000-33.520   0.00
 61030 948 2 5 717 5639.5908 5640.5840
 17.133  1.096 13.578-24.260 -8.222  7.732 18.761 13.859 -1.070
 -23.420-27.645 13.376 14.390  6.193  1.539 -7.228-10.268   7.63
 61130 958 8 91715 5640.5840 5641.5903
 13.051 -1.541 14.666 -8.222  3.923 18.761 23.671 21.487  0.648
  -7.228-10.268 14.287 15.445 12.626  6.135  6.305  2.612  -2.28
 61230 949 41115 9 5641.5903 5642.6694
 14.261  0.260 13.115  3.923 18.254 23.671 28.481 19.205  0.222
   6.305  2.612 12.307 13.560  8.407 15.264 20.740 16.720  -5.16
 61330 755 2 7 9 9 5642.6694 5643.5820
 14.344  0.441 13.396 18.254 30.448 28.481 19.677 14.043 -0.722
  20.740 16.720 12.791 13.769 10.869 17.612 32.646 29.565  11.23
 6143010 1 1 8 9 8 5643.5820 5644.5723
 13.974  0.382 13.798 30.448 43.314 19.677 25.942 25.268  0.044
  32.646 29.565 12.791 14.203  5.638 14.040 45.100 42.437  14.38
 615301015 2 6 8 4 5644.5723 5645.5806
 14.296 -0.474 14.177 43.314 56.740 25.942 10.248 39.643 -0.106
  45.100 42.437 12.743 14.882  8.551 17.392 57.736 55.471   7.69
 62630 950 0 0 1 1 5655.5894 5656.5903
 14.095  0.515 17.964-57.624-44.499  3.444  3.523  0.000  0.000
   0.000  0.000  0.000  0.000  0.000  0.000  0.000  0.000   0.00
 62930 945 4 0 4 2 5658.5938 5659.5835
 12.666  1.146 13.727-52.713-41.149 19.575  0.451-24.382-28.756
 -30.412  0.000 13.390  0.000 12.316  1.000-40.901-43.139 -29.62
 6303010 0 1 1 2 2 5659.5835 5660.5850
 14.701 -0.192 14.441-34.832-21.091  6.842  4.652  3.742  0.628
 -34.819-35.397 14.441 14.477  6.679  0.163-21.079-22.228  16.76
 6303010 0 2 2 4 9 5659.5835 5660.5850
 13.981 -0.546 13.372-13.426 -0.407  2.241  7.934 -8.328  1.157
 -10.690-14.317 13.762 13.245  0.550  1.691  3.786 -1.059   8.31
 7 130 957 1 1 2 3 5660.5850 5661.5820
 12.889  0.084 14.250-21.091 -9.215  4.652  2.543 20.502  3.474
 -21.079-22.228 14.245 14.662  4.602  0.050 -8.521-13.310 -14.75
 7 23010 1 1 2 3 1 5661.5820 5662.5801
 14.258 -0.257 14.333 -9.215  4.036  2.543  1.590  5.757 -4.663
  -8.521-13.310 14.265 14.733  2.174  0.369  0.000  0.000   0.00
 7 430 957 6 2 8 5 5663.5850 5664.5869
 14.468 -0.026  8.487-51.449-37.931 18.319  1.789 -7.591  0.325
 -49.605-51.956  8.730  8.420  3.954 14.365-36.345-38.845  29.82
 7123010 9 2 1 311 5671.5762 5672.6904
 15.090  0.520 -5.595-54.129-38.411  6.749 14.955  8.487  0.336
 -49.737-55.238 -4.943 -5.760  1.361  5.388-34.613-40.496  -3.41
 7143010 0 4 610 2 5673.5825 5674.7891
 16.738  0.251 -5.947-22.831 -3.821 12.906 13.989  5.049 -2.066
 -20.755-27.505 -5.764 -6.358  8.936  3.969 -3.805 -8.505  -5.80
 71530 5 3 1 1 2 1 5674.7891 5675.6797
 15.018 -0.414 -6.250 -3.821  8.688 13.989 23.088 -0.754 -4.673
  -3.805 -8.505 -6.250 -6.188 13.939  0.050  0.000  0.000   0.00
 71530 5 3 1 1 2 4 5674.7891 5675.6797
 16.183 -0.725 -6.599-11.417  2.130  7.289  1.692 26.496  1.037
 -10.984-11.965 -6.384 -6.870  4.068  3.220  3.163  1.099 -11.37
 71630 740 0 0 1 7 5675.6797 5676.5874
 14.067 -0.154 -5.881  8.688 20.568 23.088 21.160  0.000  0.000
   0.000  0.000  0.000  0.000  0.000  0.000  0.000 14.000   0.00
 71730 953 1 6 7 1 5676.5874 5677.5854
 16.337 -0.666 -5.741 20.568 35.895 21.160 19.606  6.406 -7.528
  21.519 14.000 -5.634 -6.474 18.483  2.678  0.000  0.000   0.00
 71830 956 0 0 1 2 5677.5854 5678.5884
 14.807 -0.281 -5.076 35.895 49.762 19.606 13.670  0.000  0.000
   0.000  0.000  0.000  0.000  0.000  0.000  0.000 49.696   0.00
 72330 919 0 0 1 1 5682.6113 5683.6055
 13.729 -0.473  3.875-50.776-38.096  4.715  3.974  0.000  0.000
   0.000  0.000  0.000  0.000  0.000  0.000  0.000  0.000   0.00
 72430 927 0 0 1 1 5683.6055 5684.5693
 14.685  0.480  3.404-38.096-24.885  3.974  1.643  0.000  0.000
   0.000  0.000  0.000  0.000  0.000  0.000  0.000  0.000   0.00
 725301019 0 0 1 1 5684.5693 5685.5742
 13.756  0.076  3.867-24.885-12.045  1.643  9.753  0.000  0.000
   0.000  0.000  0.000  0.000  0.000  0.000  0.000  0.000   0.00
 726301012 0 0 1 1 5685.5742 5686.5806
 14.225  0.057  3.944-12.045  1.284  9.753  0.173  0.000  0.000
   0.000  0.000  0.000  0.000  0.000  0.000  0.000  0.000   0.00
 726301012 1 2 3 4 5685.5742 5686.5806
 14.685 -0.380  3.260-56.088-42.296 13.035 15.686-85.079  0.019
 -56.077-56.101  3.379  3.108  7.331  5.704-42.096-42.364 108.26
 7273010 3 2 2 4 2 5686.5806 5687.5854
 13.576 -1.139  2.878-42.296-29.636 15.686  1.968 23.180  1.898
 -42.096-42.364  2.793  2.907  3.995 11.692-28.849-30.732 -53.84
 72830 956 1 1 2 5 5687.5854 5688.5791
 15.356  0.356  1.733-29.636-15.348  1.968  9.831-30.662 -1.557
 -28.849-30.732  2.199  1.083  1.146  0.822-15.267-15.844  54.65
 7293010 5 3 2 5 3 5688.5791 5689.6104
 13.834 -0.337  2.087-15.348 -2.091  9.831 10.214 23.985 -0.094
 -15.267-15.844  2.051  2.307  8.443  1.388 -1.993 -2.304  30.75
 73030 920 1 2 3 5 5689.6104 5690.6084
 13.855  0.234  1.739 -2.091 10.759 10.214  4.120 54.734  1.911
  -1.993 -2.304  1.601  2.040  7.004  3.210 11.235  9.471 -10.80
 73130 923 3 2 5 2 5690.6084 5691.8062
 14.124 -0.482  1.972 10.759 26.506  4.120  2.103 43.935 -0.841
  11.235  9.471  1.513  3.212  3.008  1.112 26.931 25.344 -34.79
 8 930 941 1 1 2 4 5699.5967 5700.5840
 13.868  0.586  4.291-12.566  0.162  5.834 19.336-42.730  1.942
 -12.504-12.822  4.347  4.055  4.707  1.127  0.888 -0.987  80.81
 8 930 941 1 3 4 1 5699.5967 5700.5840
 14.732  0.253 -6.056-35.731-22.150 40.276 47.302 19.869 -6.235
 -35.614-41.511 -6.014 -8.133 39.477  0.799  0.000  0.000   0.00
 81030 958 0 0 1 1 5700.5840 5701.5859
 13.824 -0.060 -6.306-22.150 -9.277 47.302 25.696  0.000  0.000
   0.000  0.000  0.000  0.000  0.000  0.000  0.000  0.000   0.00
 81130 956 0 0 1 6 5701.5859 5702.5859
 13.550  0.071 -6.245 -9.277  3.294 25.696 34.623  0.000  0.000
   0.000  0.000  0.000  0.000  0.000  0.000  0.000  0.184   0.00
 81230 956 1 5 6 2 5702.5859 5703.5894
 14.969 -0.193 -6.317  3.294 17.333 34.623 31.899  3.437 -2.460
   3.511  0.184 -6.304 -6.502 32.369  2.254 17.558 17.329 -77.96
 81330 950 1 1 2 3 5703.5894 5704.5894
 14.119  0.142 -6.123 17.333 30.474 31.899 40.288-74.523  2.673
  17.558 17.329 -6.930 -6.108  0.572 31.327 30.494 27.236  97.81
 81430 950 2 1 3 2 5704.5894 5705.6074
 13.978  0.332 -6.265 30.474 43.707 40.288 44.423 23.291 -2.714
  30.494 27.236 -6.256 -7.650 40.039  0.249 43.869 43.412  32.68
 81530 924 1 1 2 2 5705.6074 5706.5918
 15.012  0.024 -6.603 43.707 57.516 44.423 35.610 55.971  0.332
  43.869 43.412 -6.365 -7.037 28.699 15.724 57.591 56.525 -33.84
 82030 956 1 1 2 3 5710.5859 5711.5884
 14.099  0.080-10.168-50.388-37.242  2.904  8.379 58.948  3.035
 -50.376-50.501-10.149-10.353  2.632  0.272-37.151-40.398 -46.36
 82030 956 1 2 3 6 5710.5859 5711.5884
 14.537 -0.208  7.222-55.883-42.297 24.589 13.964 20.957 -1.309
 -55.222-58.369  6.971  8.167 19.422  5.167-42.031-43.905   2.91
 82030 956 1 2 3 2 5710.5859 5711.5884
 14.903 -0.124 11.117-42.265-28.313 12.006  0.609  3.529 -1.247
 -42.241-43.893 11.115 11.215 11.830  0.176-27.994-28.379  -4.14
 82130 952 1 2 3 4 5711.5884 5712.7012
 13.531  0.495-10.248-37.242-23.270  8.379  4.347 12.591  0.192
 -37.151-40.398-10.228-10.942  8.144  0.234-22.007-25.501  -4.67
 82130 952 3 3 6 6 5711.5884 5712.7012
 13.414  0.084  7.014-42.297-28.456 13.964 14.798 23.869  1.624
 -42.031-43.905  6.896  7.720 11.978  1.986-26.951-30.635 -25.96
 82230 7 9 1 3 4 7 5712.7012 5713.8022
 16.297  1.501-10.798-23.270 -6.410  4.347 17.176  7.923  1.599
 -22.007-25.501-10.626-11.104  2.775  1.571 -4.170 -9.163   7.76
 82230 7 9 3 3 6 1 5712.7012 5713.8022
 15.376 -2.563  7.107-28.456-12.610 14.798  6.722 -2.089 -3.659
 -26.951-30.635  7.161  7.028  8.751  6.047  0.000  0.000   0.00
 82530 6 0 1 3 4 2 5715.7500 5716.5918
 14.415 -2.152  8.086 12.778 24.085  8.512  7.827 25.732 -4.789
  12.965  8.237  7.997 10.253  8.174  0.338 24.118 24.079-110.36
 82630 948 1 1 2 1 5716.5918 5717.5957
 14.367 -0.493  6.275 24.085 37.527  7.827  2.975-84.632 -0.408
  24.118 24.079  6.619  6.212  1.200  6.627  0.000  0.000   0.00
 82630 948 1 5 6 4 5716.5918 5717.5957
 13.896 -0.773 -8.112-44.456-31.486  1.770  8.025 -9.727 -2.752
 -40.436-44.845 -8.794 -8.046  0.156  1.614-30.674-32.230 -13.21
 82630 948 0 0 1 4 5716.5918 5717.5957
 14.355  0.918  7.385-55.842-42.412  7.842  6.286  0.000  0.000
   0.000  0.000  0.000  0.000  0.000  0.000  0.000-45.256   0.00
 82730 941 0 0 1 1 5717.5957 5718.5918
 14.213 -0.833  5.780 37.527 50.704  2.975  1.552  0.000  0.000
   0.000  0.000  0.000  0.000  0.000  0.000  0.000  0.000   0.00
 82730 941 1 3 4 6 5717.5957 5718.5918
 12.488  0.504  8.307-42.412-30.953  6.286 27.827  5.754  0.606
 -42.133-45.256  8.279  8.591  5.725  0.561-29.111-32.867  -4.62
 82830 948 3 3 6 9 5718.5918 5719.6729
 13.991  0.024  8.809-30.953-16.885 27.827 22.076  1.130 -0.258
 -29.111-32.867  8.773  8.846 14.186 13.642-14.985-18.397  11.48
 82930 751 1 2 3 6 5719.6729 5720.6118
 12.874  0.517 -8.146 -2.170  8.996  1.031  5.693 29.456  3.225
  -2.037 -2.724 -8.071 -8.455  0.831  0.200 10.201  6.150 -28.00
 82930 751 4 5 912 5719.6729 5720.6118
 13.559  0.518  8.835-16.885 -5.076 22.076 11.375 12.610  0.315
 -14.985-18.397  8.415  9.169  9.783 12.293 -2.594 -6.274   2.98
 82930 751 1 2 3 2 5719.6729 5720.6118
 14.689 -0.078-11.445-55.531-42.660  3.613  5.342 34.005 -2.548
 -55.462-57.978-11.399-13.062  3.513  0.100-42.514-42.809  13.41
 82930 751 0 0 1 1 5719.6729 5720.6118
 14.149 -0.137 10.891-55.707-43.344  5.400  4.129  0.000  0.000
   0.000  0.000  0.000  0.000  0.000  0.000  0.000  0.000   0.00
 83030 918 3 3 6 8 5720.6118 5721.5874
 14.925 -0.179 -8.631  8.996 22.602  5.693  6.103  1.452 -1.440
  10.201  6.150 -8.601 -8.703  4.000  1.692 23.198 20.835  22.96
 83030 918 1 1 2 3 5720.6118 5721.5874
 14.550 -0.050-11.372-42.660-29.421  5.342  0.563 47.413  0.781
 -42.514-42.809-11.216-11.530  2.692  2.650-28.757-29.987 -50.93
 83030 918 4 812 8 5720.6118 5721.5874
 14.576 -1.460  9.321 -5.076  8.189 11.375  7.912 15.588 -0.287
  -2.594 -6.274  8.638  9.651  3.703  7.672 10.139  6.641 -21.48
 83030 918 0 0 1 1 5720.6118 5721.5874
 14.397 -0.275 10.762-43.344-30.254  4.129  5.725  0.000  0.000
   0.000  0.000  0.000  0.000  0.000  0.000  0.000  0.000   0.00
 83130 953 2 6 8 5 5721.5874 5722.6001
 13.914 -0.133 -8.456 22.602 35.696  6.103  6.229 24.415 -0.810
  23.198 20.835 -8.188 -9.249  4.562  1.541 36.387 34.828   4.16
 83130 953 3 5 8 3 5721.5874 5722.6001
 16.526  0.947  7.897  8.189 23.928  7.912  6.815 -5.889 -1.556
  10.139  6.641  8.097  7.739  3.500  4.412 24.082 22.424 -25.90
 83130 953 2 1 3 1 5721.5874 5722.6001
 15.133  0.068-11.323-29.421-15.092  0.563  1.248 -3.514 -1.208
 -28.757-29.987-11.363-11.289  0.259  0.304  0.000  0.000   0.00
 83130 953 0 0 1 2 5721.5874 5722.6001
 14.380 -0.097 10.494-30.254-16.687  5.725  8.420  0.000  0.000
   0.000  0.000  0.000  0.000  0.000  0.000  0.000-20.073   0.00
 9 130 935 2 3 5 1 5722.6001 5723.5986
 15.446 -0.214 -8.321 35.696 50.141  6.229  0.990 28.573 -1.756
  36.387 34.828 -7.949 -8.789  3.468  2.761  0.000  0.000   0.00
 9 130 935 1 1 2 1 5722.6001 5723.5986
 14.502  0.133 10.396-16.687 -3.185  8.420  3.479-11.845 -3.444
 -16.646-20.073 10.404  9.697  8.318  0.102  0.000  0.000   0.00
 9 230 937 0 0 1 1 5723.5986 5724.5986
 14.359 -0.037 10.528 -3.185 10.192  3.479  7.179  0.000  0.000
   0.000  0.000  0.000  0.000  0.000  0.000  0.000  0.000   0.00
 9 330 937 4 5 9 8 5724.5986 5725.5933
 14.895  0.063  5.803 -9.946  3.891  4.648 11.970  9.237  2.390
  -8.415-10.608  5.555  5.910  1.403  3.245  7.267  2.646  -6.85
 9 330 937 1 1 2 1 5724.5986 5725.5933
 14.450  0.800  5.421-53.207-39.814  0.100  1.104 66.979 -0.463
 -53.116-53.298  5.208  5.634  0.050  0.050  0.000  0.000   0.00
 9 330 937 0 0 1 1 5724.5986 5725.5933
 14.319 -0.276 10.491 10.192 23.456  7.179  6.734  0.000  0.000
   0.000  0.000  0.000  0.000  0.000  0.000  0.000  0.000   0.00
 9 430 945 0 0 1 1 5725.5933 5726.5923
 14.106  0.172 10.217 23.456 36.571  6.734  3.684  0.000  0.000
   0.000  0.000  0.000  0.000  0.000  0.000  0.000  0.000   0.00
 9 430 945 2 6 810 5725.5933 5726.5923
 17.284 -0.334  5.866  3.891 20.182 11.970 18.801  2.384  0.387
   7.267  2.646  5.726  5.917  3.225  8.745 21.480 16.532   6.68
 9 430 945 0 0 1 1 5725.5933 5726.5923
 14.606  0.612 -5.190-48.522-34.906  7.915 17.760  0.000  0.000
   0.000  0.000  0.000  0.000  0.000  0.000  0.000  0.000   0.00
 9 530 946 1 91021 5726.5923 5727.5918
 13.580 -0.261  5.532 20.182 32.771 18.801 32.032  9.068 -0.172
  21.480 16.532  5.326  6.112 13.869  4.932 35.038 30.321   3.68
 9 530 946 0 0 1 1 5726.5923 5727.5918
 14.198 -0.994 10.389 36.571 49.779  3.684  2.847  0.000  0.000
   0.000  0.000  0.000  0.000  0.000  0.000  0.000  0.000   0.00
 9 530 946 0 0 1 1 5726.5923 5727.5918
 14.134 -0.880 -5.802-34.906-21.763 17.760  6.884  0.000  0.000
   0.000  0.000  0.000  0.000  0.000  0.000  0.000  0.000   0.00
 9 630 948 41721 6 5727.5918 5728.5884
 16.106  0.125  5.271 32.771 47.843 32.032 30.017 12.743 -0.602
  35.038 30.321  4.761  5.823 16.640 15.393 48.480 44.641  12.15
 9 630 948 0 0 1 1 5727.5918 5728.5884
 13.787  0.799 -4.922-21.763 -9.002  6.884 11.284  0.000  0.000
   0.000  0.000  0.000  0.000  0.000  0.000  0.000  0.000   0.00
 9 730 952 0 0 1 1 5728.5884 5729.6182
 14.057  0.437 -5.719 -9.002  4.463 11.284  5.294  0.000  0.000
   0.000  0.000  0.000  0.000  0.000  0.000  0.000  0.000   0.00
 9 730 952 1 2 3 4 5728.5884 5729.6182
 14.599 -0.419 17.820-47.803-33.780 15.357 10.418  6.434  0.089
 -46.980-48.332 17.732 17.877  6.004  9.353-33.359-34.794   1.58
 9 830 9 9 0 0 1 2 5729.6182 5730.5981
 14.306  0.356 -6.169  4.463 17.519  5.294  9.291  0.000  0.000
   0.000  0.000  0.000  0.000  0.000  0.000  0.000 17.519   0.00
 9 830 9 9 1 3 411 5729.6182 5730.5981
 13.721 -0.071 17.388-33.780-21.298 10.418 20.648  8.010  0.408
 -33.359-34.794 17.332 17.525  7.360  3.058-20.244-22.099   0.60
 9 930 938 1 1 2 1 5730.5981 5731.5972
 14.191  0.351 -6.517 17.519 30.718  9.291  5.804-40.846 -0.330
  17.770 17.519 -6.733 -6.517  0.015  9.276  0.000  0.000   0.00
 9 930 938 5 61112 5730.5981 5731.5972
 13.582 -0.339 17.319-21.298 -8.707 20.648 16.611  8.610 -0.342
 -20.244-22.099 17.166 17.434  8.921 11.727 -7.696 -9.112  12.38
 91030 939 0 0 1 1 5731.5972 5732.7070
 13.892 -0.047 -6.868 30.718 45.044  5.804  0.246  0.000  0.000
   0.000  0.000  0.000  0.000  0.000  0.000  0.000  0.000   0.00
 91030 939 9 312 7 5731.5972 5732.7070
 13.946  0.276 16.980 -8.707  5.679 16.611 11.715 20.988 -0.306
  -7.696 -9.112 16.610 17.129  4.750 11.860  6.287  5.418  22.55
 91130 7 1 3 4 714 5732.7070 5733.6006
 15.106 -0.738 17.286  5.679 18.302 11.715 17.164 43.540  1.123
   6.287  5.418 16.735 17.523  3.518  8.197 19.396 17.288 -16.53
 91230 934 5 914 9 5733.6006 5734.7041
 14.830  0.024 16.626 18.302 33.582 17.164 16.089 27.011  1.955
  19.396 17.288 16.092 17.121  8.255  8.910 35.667 32.266  12.46
 91330 7 6 5 4 9 7 5734.7041 5735.5991
 13.057  0.427 16.652 33.582 44.390 16.089  3.977 39.475 -0.593
  35.667 32.266 15.007 17.690  6.223  9.865 47.162 43.871  -9.63
 91430 937 1 1 2 3 5735.5991 5736.5942
 12.455 -0.158 -9.480-59.165-47.749  4.285 10.794-12.799 -0.207
 -59.131-62.073 -9.488 -8.829  4.235  0.050-46.354-49.122   3.37
 91430 937 3 4 7 3 5735.5991 5736.5942
 12.841  1.013 17.035 44.390 56.190  3.977  6.007 29.842 -2.891
  47.162 43.871 15.514 17.319  0.627  3.350 56.768 56.172   9.92
 91530 943 1 2 3 2 5736.5942 5737.6890
 14.840  0.534 -9.323-47.749-32.584 10.794  4.856 -9.426 -0.779
 -46.354-49.122 -9.551 -9.098  5.356  5.438-31.365-33.380   5.48
 91630 727 1 1 2 2 5737.6890 5738.6665
 13.322 -0.269 -9.908-32.584-20.519  4.856  0.100 -3.942 -1.661
 -31.365-33.380 -9.990 -9.853  1.919  2.937-20.381-20.657  38.17
 91930 6 9 1 1 2 2 5740.7432 5741.7544
 13.619  2.092 14.848-16.693 -3.918  0.251  0.093-26.781 -0.480
 -15.910-16.888 15.231 14.753  0.050  0.201 -3.644 -4.153  59.73
 92330 926 1 1 2 5 5744.6064 5745.6182
 14.138  0.266 18.806  2.255 15.563  6.374  1.264 16.175  0.511
   3.061 -0.175 18.584 19.473  4.786  1.589 16.922 13.453  11.48
 92430 9 9 2 3 5 4 5745.6182 5746.6216
 12.514  0.428 19.075 15.563 27.133  1.264  7.701 27.658 -1.189
  16.922 13.453 18.402 20.120  0.769  0.495 29.195 26.544 -21.70
 92530 9 4 3 1 4 2 5746.6216 5747.6616
 13.926 -0.642 19.505 27.133 40.595  7.701 18.084  5.954  1.057
  29.195 26.544 19.302 19.562  1.710  5.991 43.126 39.488   9.30
 92630 8 7 1 1 2 6 5747.6616 5748.6084
 12.865 -0.269 18.836 40.595 51.840 18.084 13.494 15.252  0.345
  43.126 39.488 18.183 19.122  5.503 12.581 54.936 50.880  -4.48
 92630 8 7 0 0 1 1 5747.6616 5748.6084
 13.752  0.140  6.807-57.848-45.763 50.051 21.983  0.000  0.000
   0.000  0.000  0.000  0.000  0.000  0.000  0.000  0.000   0.00
 92730 923 0 0 1 2 5748.6084 5749.6660
 14.525  0.380  6.940-45.763-31.443 21.983 29.606  0.000  0.000
   0.000  0.000  0.000  0.000  0.000  0.000  0.000-32.513   0.00
10 630 756 5 3 821 5757.6689 5758.6724
 13.210  0.252  8.003-55.648-43.382 34.812 63.976  6.106  2.115
 -52.161-59.513  7.634  8.413 18.299 16.513-38.168-47.685  -2.61
101330 9 911 516 8 5764.6182 5765.6729
 15.745 -1.774  7.887 30.822 46.390 18.432  2.290 13.272  2.692
  33.178 29.123  7.336  8.284  7.721 10.711 48.730 42.209   4.73
101330 9 9 1 3 4 3 5764.6182 5765.6729
 12.381 -0.022  6.968 42.575 54.595 21.734 18.594-35.496  5.127
  42.699 42.106  7.056  6.636 17.188  4.546 56.744 50.910  43.67
101330 9 9 3101312 5764.6182 5765.6729
 12.270  0.404 11.260-21.688 -9.785 24.937 18.557  9.800 -0.786
 -20.037-27.047 10.981 12.168 19.065  5.873 -7.046-13.222   2.50
101530 9 8 1 3 4 7 5766.6187 5767.6660
 14.583 -0.367 11.179  6.282 20.521 12.574  5.286 22.985 -3.534
   6.547  2.219 11.068 12.869 11.805  0.770 20.819 20.332  40.68
101530 9 8 2 1 3 5 5766.6187 5767.6660
 14.020  0.073 12.734 -1.123 12.526  2.978  1.642-35.410 -0.084
  -1.028 -1.693 12.799 12.339  2.556  0.422 13.044 12.315  33.62
101630 8 0 2 5 7 2 5767.6660 5768.6699
 13.815  0.838 10.794 20.521 33.404  5.286  1.639 63.667  1.340
  20.819 20.332 10.203 11.169  2.055  3.231 33.776 31.475 -42.40
101830 9 4 3 3 6 5 5769.6216 5770.7207
 13.022  0.454 14.435 40.103 53.334 10.841 29.188 14.333  1.077
  40.800 38.871 14.263 14.740  6.927  3.914 54.981 51.875 -11.51
102430 7 6 2 2 4 7 5775.7041 5776.6763
 14.621 -0.015 -5.031-52.189-38.934 29.205 15.282-19.101 -0.162
 -51.739-52.485 -5.186 -4.929 11.561 17.644-38.840-39.400  -7.71
102530 746 2 5 7 5 5776.6763 5777.6743
 14.378 -0.151 -5.017-38.934-25.570 15.282 22.629-26.809 -0.051
 -38.840-39.400 -5.064 -4.782 12.733  2.549-25.417-25.739 -29.24
102530 746 2 2 4 2 5776.6763 5777.6743
 14.467 -0.029  5.784 26.369 39.821 16.845 19.276 -5.947  1.066
  27.851 25.013  5.938  5.644  8.047  8.798 41.902 37.977   6.08
102630 748 1 1 2 3 5777.6743 5778.6680
 14.947  0.908  5.756 39.821 53.694 19.276 21.450  0.135  0.438
  41.902 37.977  5.751  5.760  9.057 10.219 55.183 50.821  -4.01
102630 748 4 1 512 5777.6743 5778.6680
 13.019  0.250 -4.866-25.570-13.613 22.629 36.837-56.046  7.270
 -25.417-25.739 -5.093 -4.617 11.860 10.769-12.706-20.508  63.84
102730 757 6 61212 5778.6680 5779.7026
 15.405  0.074 -5.115-13.613  1.306 36.837 44.230  7.792 -6.845
 -12.706-20.508 -4.992 -6.055 32.553  4.285  1.833  0.921  16.94
102730 757 2 2 4 2 5778.6680 5779.7026
 16.222 -1.677 -8.844-30.418-14.654  8.902  3.473 14.628  0.698
 -27.948-31.929 -8.207 -9.234  3.378  5.524-13.007-16.815 -52.14
102830 7 8 6 612 9 5779.7026 5780.6831
 14.042  0.136 -5.192  1.306 14.108 44.230 23.312 24.735  4.562
   1.833  0.921 -4.950 -5.368 18.666 25.565 15.013  9.461 -31.04
102830 7 8 1 1 2 2 5779.7026 5780.6831
 14.007 -2.944 -7.109-14.654 -1.887  3.473  1.503-37.510 10.176
 -13.007-16.815 -8.363 -5.463  1.971  1.502 -1.887-16.815  42.27
102830 7 8 0 0 1 2 5779.7026 5780.6831
 16.145 -2.385 -9.224-18.551 -3.687  6.681  0.100  0.000  0.000
   0.000  0.000  0.000  0.000  0.000  0.000  0.000 -6.134   0.00
102830 7 8 1 1 2 2 5779.7026 5780.6831
 16.342  1.901 -5.021-18.744 -3.687  0.257  0.100 41.163  4.591
 -18.127-18.893 -4.483 -5.151  0.050  0.207 -1.241 -6.134 -71.09
102930 736 5 4 914 5780.6831 5781.6201
 14.080  0.087 -5.325 14.108 26.374 23.312 55.940 -6.301  1.208
  15.013  9.461 -5.424 -4.814 19.512  3.800 27.633 20.860  11.42
102930 736 2 0 215 5780.6831 5781.6201
 12.169  2.292 -4.222 -1.887  8.589  1.503 23.518-13.102-19.774
  23.878  0.000 -5.542  0.000 11.616  1.000 10.260  5.632   2.74
102930 736 1 1 215 5780.6831 5781.6201
 14.090 -0.550 -6.885 -3.687  8.589  0.100 23.518-29.930 -0.929
  -1.241 -6.134 -8.283 -5.486  0.050  0.050 10.260  5.632  19.56
103030 9 7 8 71511 5781.6201 5782.6255
 13.262 -0.333 -6.369  8.589 20.933 23.518 32.009-10.365  1.298
  10.260  5.632 -6.673 -5.832 15.023  8.496 23.489 17.487   7.99
103130 858 8101815 5782.6255 5783.6250
 12.986  0.777 -5.449 36.768 48.760 50.623 31.296  6.256  0.515
  41.542 33.703 -4.928 -5.783 19.792 30.831 52.715 44.436   4.07
103130 858 9 211 7 5782.6255 5783.6250
 14.843  2.112 -6.035 20.933 34.779 32.009  9.925 -2.380 -1.311
  23.489 17.487 -6.141 -5.892 18.377 13.632 35.960 32.122 -33.07
11 130 9 0 1 6 714 5783.6250 5784.6646
 13.713  0.257 -3.542 37.729 50.959 20.970 17.085  8.373  2.824
  39.693 35.346 -3.253 -3.892 11.496  9.474 52.555 45.600   7.36
11 130 9 0 4 3 7 5 5783.6250 5784.6646
 15.132  1.127 -8.145 34.779 49.485  9.925  0.470-35.445  0.565
  35.960 32.122 -8.977 -6.273  6.872  3.053 52.568 47.285  39.82
11 530 856 0 0 1 1 5787.6279 5788.6221
 13.928  0.144 13.277-48.160-35.290  6.226 15.524  0.000  0.000
   0.000  0.000  0.000  0.000  0.000  0.000  0.000  0.000   0.00
11 630 9 3 0 0 1 3 5788.6221 5789.6230
 14.310 -0.126 13.420-35.290-21.956 15.524 14.363  0.000  0.000
   0.000  0.000  0.000  0.000  0.000  0.000  0.000-23.290   0.00
11 730 9 3 1 2 3 1 5789.6230 5790.6255
 14.403 -0.086 13.295-21.956 -8.501 14.363  4.267-26.226 -1.664
 -21.756-23.290 13.390 12.655 12.490  1.873  0.000  0.000   0.00
111930 638 9 21110 5801.7231 5802.6987
 17.030  0.181  4.878  0.586 16.241 28.642 46.128  8.823 -2.886
   8.315 -0.647  3.682  5.068  3.940 24.702 20.054 14.096   6.41
112030 714 4 610 9 5802.6987 5803.6631
 13.623 -0.216  5.054 16.241 28.431 46.128 35.681 15.237 -0.418
  20.054 14.096  4.020  5.636 16.606 29.522 30.727 25.313   4.53
112030 714 2 2 4 5 5802.6987 5803.6631
 13.478 -0.215 -4.180-55.268-43.218 25.743 37.661-33.784  0.998
 -52.839-55.695 -5.800 -3.895  3.850 21.893-39.543-43.868  20.96
112430 721 1 1 2 3 5806.6938 5807.6738
 14.432 -0.604-26.518 44.373 57.550  4.029  3.993 10.233  0.033
  44.840 42.625-26.442-26.800  3.179  0.850 59.086 56.954 -30.75
112430 721 4 610 4 5806.6938 5807.6738
 14.644 -0.053 -6.076 -1.167 12.218 15.962 10.865-22.631 -1.023
  -0.199 -1.786 -6.477 -5.819  6.230  9.732 12.522 11.917  -6.21
112430 721 7 41110 5806.6938 5807.6738
 14.107  0.235 -7.464-31.005-18.146 32.871 40.377  2.410 -0.709
 -28.650-35.145 -7.366 -7.637 20.952 11.919-15.412-21.201  -1.72
112430 721 1 1 2 1 5806.6938 5807.6738
 15.020 -0.153  5.277-39.991-26.237  2.156  2.578-71.123 -0.350
 -39.887-40.000  5.580  5.249  0.187  1.970  0.000  0.000   0.00
112430 721 1 2 3 3 5806.6938 5807.6738
 14.388 -0.426  7.018-32.401-19.268 14.943  9.471 37.881  0.198
 -32.239-32.464  6.893  7.067  4.184 10.759-19.247-19.487  22.37
112930 754 5 2 710 5811.6699 5812.6689
 14.215  0.485 -8.321 34.290 47.503 41.897 17.870 -5.829  0.512
  36.336 31.292 -8.527 -8.018 24.905 16.992 49.747 44.177   0.35
112930 754 5 510 7 5811.6699 5812.6689
 14.528 -0.144  9.072 -9.789  3.736  9.091  1.195 14.208 -0.686
  -7.433-11.044  8.483  9.386  3.158  5.933  5.706  3.031  13.78
112930 754 3 811 8 5811.6699 5812.6689
 13.722 -0.253 15.267 10.310 23.030  2.800 17.428 -2.022  1.594
  11.255  8.381 15.300 15.202  1.879  0.921 24.896 20.378   4.45
113030 756 2 1 3 2 5812.6689 5813.6675
 15.124 -0.042  8.647-19.700 -5.579  1.873  9.507 25.346 -2.221
 -19.382-21.819  8.498  9.640  1.628  0.244 -5.573 -5.591-113.11
113030 756 4 4 8 7 5812.6689 5813.6675
 14.533 -0.615 15.014 23.030 36.561 17.428 13.132  2.429  0.686
  24.896 20.378 14.938 15.123 10.231  7.196 38.723 33.559   5.83
12 130 759 1 1 2 5 5813.6675 5814.6870
 14.575 -0.437  8.605 -5.579  8.277  9.507  4.798-87.762  3.895
  -5.573 -5.591  8.753  8.307  6.351  3.157  8.781  4.520 101.41
12 230 730 1 4 5 1 5814.6870 5815.7627
 15.115  0.126  8.160  8.277 23.478  4.798 11.380 13.645 -4.340
   8.781  4.520  8.039  9.062  4.229  0.568  0.000  0.000   0.00
12 330 541 1 1 2 2 5815.7627 5816.7158
 12.872  2.955  7.876 17.767 29.102  0.452  2.173 23.252  0.738
  18.020 17.648  7.768  7.926  0.144  0.308 30.145 29.010 -11.75
12 430 648 1 1 2 1 5816.7158 5817.6797
 15.324 -2.503 10.693 29.102 42.925  2.173  1.181 11.506 -1.139
  30.145 29.010 10.484 10.711  0.176  1.997  0.000  0.000   0.00
121230 737 4 4 8 5 5824.6821 5825.6812
 13.578 -0.172  6.681-35.629-23.042 12.070  6.403  5.729  2.045
 -34.934-36.545  6.612  6.773  6.866  5.204-22.193-25.823   3.48
121330 739 4 1 5 5 5825.6812 5826.6797
 16.460 -0.328  6.510-23.042 -7.585  6.403  3.858  9.205 -2.048
 -22.193-25.823  6.373  6.958  4.906  1.497 -7.431 -8.972   8.32
121430 740 4 2 6 3 5826.6797 5827.6880
 16.678  1.362-13.162  6.442 22.269  5.472  4.285 13.480  0.959
   7.150  5.831-12.997-13.305  2.535  2.938 22.445 20.123 -23.05
121430 740 1 4 5 3 5826.6797 5827.6880
 14.263 -0.511  6.182 -7.585  5.807  3.858  3.415 17.528 -0.512
  -7.431 -8.972  6.134  6.617  3.471  0.387  6.150  5.225 -50.32
121530 729 1 2 3 4 5827.6880 5828.6797
 11.577 -1.370-14.535 22.269 32.775  4.285  2.409 -9.574  2.781
  22.445 20.123-14.564-14.185  3.960  0.325 35.970 30.978  -6.59
121830 746 1 1 2 5 5830.6763 5831.6924
 13.807 -0.292-10.128-55.381-42.350  0.561  2.774-46.141  0.424
 -55.104-55.409-10.412-10.100  0.050  0.511-41.870-42.721  34.25
121830 746 1 4 5 5 5830.6763 5831.6924
 13.448 -0.476 10.924 44.797 57.463 15.373 18.770-40.926  0.318
  45.049 42.641 11.139  9.088 13.763  1.610 58.809 55.745  11.83
121930 722 1 1 2 1 5831.6924 5832.6958
 14.186  2.589 -7.586-54.433-41.183 12.066 47.096 13.512 -3.169
 -54.420-57.528 -7.583 -8.323 12.016  0.050  0.000  0.000   0.00
121930 722 1 1 2 1 5831.6924 5832.6958
 14.161 -2.800 10.754-49.295-36.069  8.610 10.638-29.396 -1.161
 -48.988-50.018 10.924 10.354  6.043  2.567  0.000  0.000   0.00
122030 717 0 0 1 4 5832.6958 5833.8257
 14.184 -2.173-10.184-41.183-26.265 47.096  9.806  0.000  0.000
   0.000  0.000  0.000  0.000  0.000  0.000  0.000-26.503   0.00
122030 717 0 0 1 2 5832.6958 5833.8257
 15.760  1.612  7.944-36.069-19.372 10.638 13.386  0.000  0.000
   0.000  0.000  0.000  0.000  0.000  0.000  0.000-20.149   0.00
122130 410 2 2 4 3 5833.8257 5834.6909
 14.590  0.268 -7.729-26.265-14.488  9.806 14.127  8.938 -0.058
 -25.662-26.503 -7.635 -7.766  2.778  7.027-14.187-14.951   6.86
122130 410 1 1 2 1 5833.8257 5834.6909
 13.725 -0.226  9.765-19.372 -8.344 13.386  1.661 38.323 -0.980
 -19.369-20.149  9.763 10.370 13.336  0.050  0.000  0.000   0.00
122130 410 0 0 1 2 5833.8257 5834.6909
 14.818 -1.335 15.592-51.794-39.821  3.093 20.460  0.000  0.000
   0.000  0.000  0.000  0.000  0.000  0.000  0.000-40.579   0.00
