 1 1831833 3 4 71424838.773424839.7813
 15.082 -0.811-15.243-25.345-11.135  3.079  5.182  4.254  0.365
 -24.955-28.203-15.215-15.449  2.710  0.370-10.578-14.193  -0.93
 1 1831833 0 0 1 224838.773424839.7813
 14.479  0.202  5.659 -3.778  9.825 24.347 63.721  0.000  0.000
   0.000  0.000  0.000  0.000  0.000  0.000  0.000  9.815   0.00
 1 1831833 0 0 1 224838.773424839.7813
 14.716  0.008  6.543 15.544 29.385  4.386  1.156  0.000  0.000
   0.000  0.000  0.000  0.000  0.000  0.000  0.000 29.332   0.00
 1 2831844 1 1 2 124839.781324840.7773
 14.353 -0.079  5.862  9.825 23.142 63.721 38.435-27.038 -0.019
   9.832  9.815  5.866  5.857 37.319 26.402  0.000  0.000   0.00
 1 2831844 410141424839.781324840.7773
 12.916  0.671-14.426-11.135  0.751  5.182 22.240  3.322  0.684
 -10.578-14.193-14.395-14.598  4.384  0.799  3.294 -0.946   9.08
 1 2831844 1 1 2 124839.781324840.7773
 15.890  1.005 -7.764-26.545-11.696  0.100  1.413-57.811 -0.972
 -26.283-26.806 -8.175 -7.353  0.050  0.050  0.000  0.000   0.00
 1 3831837 0 0 1 124840.777324841.7676
 14.449 -0.502  5.784 23.142 36.499 38.435 38.716  0.000  0.000
   0.000  0.000  0.000  0.000  0.000  0.000  0.000  0.000   0.00
 1 3831837 7 7141624840.777324841.7676
 14.549  0.339-15.095  0.751 14.208 22.240 25.899 12.404  0.947
   3.294 -0.946-14.555-15.455  8.903 13.337 17.270 12.074   0.51
 1 3831837 0 0 1 224840.777324841.7676
 14.163 -0.199-16.422-56.161-43.087  9.209  6.392  0.000  0.000
   0.000  0.000  0.000  0.000  0.000  0.000  0.000-43.306   0.00
 1 3831837 1 1 2 624840.777324841.7676
 12.250  0.357-12.000-58.108-46.931  0.174 14.753 40.041  2.313
 -57.425-59.798-11.439-13.389  0.124  0.050-44.338-49.274 -14.48
 1 3831837 0 0 1 124840.777324841.7676
 14.171 -0.645 -7.259-53.908-40.826  4.770  5.801  0.000  0.000
   0.000  0.000  0.000  0.000  0.000  0.000  0.000  0.000   0.00
 1 4831826 0 0 1 124841.767624842.8262
 13.945 -0.131  5.286 36.499 50.221 38.716 26.571  0.000  0.000
   0.000  0.000  0.000  0.000  0.000  0.000  0.000  0.000   0.00
 1 4831826 7 9161324841.767624842.8262
 15.202  0.451-15.431 14.208 29.260 25.899 28.997 12.917 -0.520
  17.270 12.074-14.754-15.903 10.636 15.262 31.602 26.908  -0.71
 1 4831826 1 1 2 124841.767624842.8262
 13.212  0.093-16.224-43.087-30.141  6.392  8.347-52.170 -0.387
 -43.059-43.306-16.259-15.953  5.656  0.736  0.000  0.000   0.00
 1 4831826 2 4 6 424841.767624842.8262
 16.265 -1.250-12.354-46.931-30.754 14.753  6.641 25.560 -0.893
 -44.338-49.274-11.142-13.448  7.001  7.752-29.766-34.076  -7.43
 1 4831826 0 0 1 124841.767624842.8262
 13.686 -0.005 -6.619-40.826-27.378  5.801  4.497  0.000  0.000
   0.000  0.000  0.000  0.000  0.000  0.000  0.000  0.000   0.00
 1 5831950 7 6131824842.826224843.7676
 14.805  0.083-15.908 29.260 42.279 28.997 25.435 12.210  1.199
  31.602 26.908-15.421-16.398 14.531 14.466 44.937 38.957  -3.40
 1 5831950 0 0 1 124842.826224843.7676
 14.102  0.158-16.323-30.141-17.784  8.347 14.577  0.000  0.000
   0.000  0.000  0.000  0.000  0.000  0.000  0.000  0.000   0.00
 1 5831950 2 2 41124842.826224843.7676
 12.081  0.586-11.031-30.754-20.300  6.641 10.271 18.134  1.156
 -29.766-34.076-10.714-12.099  5.119  1.522-18.812-23.459  17.60
 1 5831950 0 0 1 124842.826224843.7676
 15.374 -0.074 -6.619-48.795-35.240  4.253  4.303  0.000  0.000
   0.000  0.000  0.000  0.000  0.000  0.000  0.000  0.000   0.00
 1 6831826 9 9182724843.767624844.7480
 15.110 -0.034-15.986 42.279 56.135 25.435 46.659  8.814  0.870
  44.937 38.957-15.590-16.482 14.129 11.305 58.830 52.017   2.77
 1 6831826 0 0 1 724843.767624844.7480
 12.241 -0.316-16.472-17.784 -6.741 14.577  8.757  0.000  0.000
   0.000  0.000  0.000  0.000  0.000  0.000  0.000-10.645   0.00
 1 6831826 5 6111224843.767624844.7480
 17.224 -0.525-11.583-20.300 -4.371 10.271 16.618 35.731 -0.397
 -18.812-23.459-10.535-13.810  6.983  3.288 -3.199 -8.349 -21.62
 1 6831826 0 0 1 324843.767624844.7480
 14.830  0.271 -6.549-35.240-21.659  4.303  6.165  0.000  0.000
   0.000  0.000  0.000  0.000  0.000  0.000  0.000-21.715   0.00
 1 7831758 3 4 72624844.748024845.8164
 14.293 -0.434-16.163 -6.741  7.469  8.757 24.281-25.463  0.668
  -5.605-10.645-16.682-14.377  6.782  1.975  9.160  3.490   0.33
 1 7831758 7 512 424844.748024845.8164
 15.248  0.018-11.068 -4.371 10.859 16.618 13.122 14.113 -3.389
  -3.199 -8.349-10.779-12.050 12.837  3.781 10.942  9.861 -68.51
 1 7831758 2 1 3 324844.748024845.8164
 15.389 -0.257 -6.815-21.659 -6.278  6.165  3.794 69.228  0.653
 -21.610-21.715 -6.687 -6.963  3.310  2.855 -6.268 -7.050 -34.29
 1 8831935 1 3 4 824845.816424846.7734
 13.347  0.211-11.087 10.859 22.711 13.122  6.592-54.398 -0.241
  10.942  9.861-11.201 -9.720 12.112  1.009 23.186 21.574  57.01
 1 8831935 81826 724845.816424846.7734
 16.750  0.489-15.699  7.469 22.583 24.281 11.725-25.133 -1.711
   9.160  3.490-16.463-13.902 17.038  7.242 25.164 20.804  39.32
 1 8831935 2 1 3 224845.816424846.7734
 14.751 -0.820 -6.541 -6.278  6.920  3.794  7.401 34.936  2.625
  -6.268 -7.050 -6.534 -7.076  3.744  0.050  7.066  3.982  -4.12
 1 8831935 2 3 5 224845.816424846.7734
 14.567 -0.315 -8.081-17.356 -4.334  1.824  6.054 19.696 -2.674
 -17.085-20.374 -7.985 -9.151  1.674  0.150 -4.310 -4.645 -84.60
 1 8831935 1 1 2 124845.816424846.7734
 14.440  0.536 -8.257-26.342-13.441  9.282  9.929-52.700 -0.403
 -26.216-26.462 -8.421 -8.100  4.541  4.741  0.000  0.000   0.00
 1 9831835 1 6 7 824846.773424847.7852
 12.118  0.592-16.168 22.583 33.838 11.725  8.136 14.186 -2.837
  25.164 20.804-15.541-16.600  4.784  6.941 34.822 33.294 -23.11
 1 9831835 2 6 8 624846.773424847.7852
 13.840  0.254-11.290 22.711 35.706  6.592  2.809  2.609  3.881
  23.186 21.574-11.269-11.341  4.651  1.941 36.617 31.304  15.05
 1 9831835 1 1 2 424846.773424847.7852
 15.920 -0.356 -5.755  6.920 22.017  7.401 10.533 30.821 -1.360
   7.066  3.982 -5.668 -7.499  7.050  0.351 22.089 21.748  50.37
 1 9831835 0 0 1 124846.773424847.7852
 14.589  0.147 -8.771-13.441  0.311  9.929  9.060  0.000  0.000
   0.000  0.000  0.000  0.000  0.000  0.000  0.000  0.000   0.00
 110831850 3 5 8 124847.785224848.7715
 15.763 -0.343-16.766 33.838 48.428  8.136  6.774 -8.923 -1.482
  34.822 33.294-16.914-16.684  2.898  5.237  0.000  0.000   0.00
 110831850 0 0 1 724847.785224848.7715
 15.104  2.007 -8.919  0.311 14.250  9.060 18.586  0.000  0.000
   0.000  0.000  0.000  0.000  0.000  0.000  0.000 13.093   0.00
 111831830 0 0 1 124848.771524849.7988
 11.703  2.205-16.428 48.428 59.442  6.774  0.050  0.000  0.000
   0.000  0.000  0.000  0.000  0.000  0.000  0.000  0.000   0.00
 111831830 1 2 3 124848.771524849.7988
 14.872 -2.861-21.632 45.173 59.442  3.210  0.050-52.608 -0.800
  45.632 45.109-22.190-21.555  0.390  2.821  0.000  0.000   0.00
 111831830 7 2 9 224848.771524849.7988
 16.346 -2.641 -9.638 33.592 49.375  8.414  2.350 28.204 -1.712
  34.606 32.196 -9.102-10.376  4.874  3.540 50.328 49.355 -38.86
 111831830 3 4 7 424848.771524849.7988
 14.060 -2.049-10.899 14.250 27.685 18.586  8.818-12.997 -0.260
  15.198 13.093-11.114-10.637 10.211  8.375 28.053 27.059  71.14
 1138319 2 2 2 4 624850.793024851.7637
 14.156 -1.453 -3.650 40.985 53.778  6.300  3.296-41.023 -0.452
  42.089 40.967 -4.609 -3.634  0.100  6.200 53.825 53.142  89.65
 1138319 2 0 0 1 224850.793024851.7637
 13.887 -2.298-21.542-25.679-13.147 10.585  8.159  0.000  0.000
   0.000  0.000  0.000  0.000  0.000  0.000  0.000-13.282   0.00
 1138319 2 0 0 1 424850.793024851.7637
 13.697 -1.916 -3.406-52.617-40.269 15.331 25.206  0.000  0.000
   0.000  0.000  0.000  0.000  0.000  0.000  0.000-41.422   0.00
 1138319 2 3 1 4 424850.793024851.7637
 12.011  2.844  0.739-32.303-21.593  1.758  1.790 14.009 -4.047
 -29.846-34.349  0.125  1.249  0.798  0.959-21.488-22.045 -34.62
 127831732 7 815 124864.730524865.7734
 17.113  0.512  4.407-22.272 -5.432 43.112 18.396 23.215-45.664
 -13.181-55.272  4.572-13.428 29.400 16.957  0.000  0.000   0.00
 130831826 2 0 21024867.767624868.7441
 12.454  1.611-16.301-24.195-12.991  3.583 71.618-74.120-13.229
  -4.609  0.000-15.550  0.000  1.025  1.000-11.774-14.218  36.47
 130831826 01414 124867.767624868.7441
 17.025 -1.320  5.352 18.134 33.801 43.798 16.540 37.018-27.129
   0.000-21.756  0.000-16.333  1.000 21.436  0.000  0.000   0.00
 2 9832148 2 1 3 124877.908224878.7617
 16.071  0.432 12.123-51.832-38.952  0.435  2.457 77.810 -0.848
 -51.691-51.874 11.485 12.314  0.100  0.335  0.000  0.000   0.00
 3148318 8 2 4 6 924910.755924911.7051
 14.480 -0.100-12.021-41.567-28.773 33.867 36.916 29.687  1.892
 -40.415-43.048-11.379-12.847 19.051 14.816-27.490-31.994  -4.84
 329831710 0 0 1 124925.714824926.7109
 13.155 -2.982-14.105 -3.803  8.324  1.425  2.060  0.000  0.000
   0.000  0.000  0.000  0.000  0.000  0.000  0.000  0.000   0.00
 4 5831933 2 3 51324932.814524933.7363
 13.966 -0.204 -9.843-18.175 -6.222 14.812 25.863 -3.786  0.895
 -14.491-18.975-10.083 -9.790  2.642 12.170 -2.095 -7.494   3.30
 4 5831933 1 1 2 524932.814524933.7363
 15.321 -0.302-15.413-59.876-46.675  0.177 12.296 24.362  0.617
 -57.935-60.639-14.566-15.746  0.050  0.127-45.701-48.941   1.55
 4 6831738 5 813 924933.736324934.8047
 15.467  0.431 -9.655 -6.222  9.275 25.863 39.254 -0.482  1.803
  -2.095 -7.494 -9.689 -9.644  6.092 19.770 12.945  5.804   9.89
 4 6831738 2 3 5 624933.736324934.8047
 13.062 -0.473-15.135-46.675-33.752 12.296 23.523 25.916  1.895
 -45.701-48.941-14.677-16.197  8.596  3.700-31.049-36.285  -6.45
 4 7831920 4 5 91024934.804724935.7520
 15.667 -0.481-10.116  9.275 23.171 39.254 20.937  9.409  0.918
  12.945  5.804 -9.518-10.683 19.080 20.174 28.519 20.575   3.81
 4 7831920 4 2 6 624934.804724935.7520
 17.192  0.679-14.628-33.752-18.413 23.523 21.735 19.465 -0.452
 -31.049-36.285-13.704-15.494 11.377 12.146-17.123-21.671   7.45
 4 7831920 0 0 1 124934.804724935.7520
 14.826  1.922 -6.028-49.940-36.840  8.349 14.168  0.000  0.000
   0.000  0.000  0.000  0.000  0.000  0.000  0.000  0.000   0.00
 413831818 0 0 11924940.761724941.7949
 12.299 -0.219 -7.847-36.840-25.157 14.168 33.961  0.000  0.000
   0.000  0.000  0.000  0.000  0.000  0.000  0.000-29.120   0.00
 415831836 4 711 724942.775424943.8379
 14.297 -0.361-30.509 24.850 39.002  6.779 86.195-51.018  0.167
  25.547 23.765-31.250-29.353  4.129  2.650 40.679 38.027  79.41
 415831836 2 2 4 324942.775424943.8379
 13.818 -0.022-10.794-12.167  1.476  3.584  8.079 21.874  1.423
 -12.074-13.575-10.757-11.349  3.361  0.222  1.904 -0.920   1.05
 415831836 5 712 224942.775424943.8379
 16.315  0.409  6.644-52.459-36.162 42.089 26.915  2.399 -4.402
 -50.690-56.294  6.571  6.804 28.803 13.285-35.276-36.375  18.74
 5 2831652 0 4 41224959.703124960.7285
 11.585 -1.439-11.571-20.002 -9.137 22.711 19.400 30.497-18.626
   0.000-24.907  0.000-14.371  1.000  6.172 -2.019-11.788 -23.43
 5 6831740 2 3 5 724963.736324964.7324
 13.388  0.214-10.028 38.850 51.209 15.643  7.356 33.583  1.419
  39.221 37.885 -9.786-10.659 11.304  4.339 53.303 50.256 -34.30
 5 6831740 1 1 2 224963.736324964.7324
 14.416 -0.102 -9.779 28.446 41.830  3.088  3.135 52.225 -0.317
  28.645 28.174 -9.526-10.125  1.786  1.302 42.055 41.641 -29.71
 5 6831740 2 4 6 624963.736324964.7324
 14.870  0.075-14.792 18.918 32.754 19.313 13.117 -2.751  6.756
  19.743 17.731-14.830-14.736 11.400  7.913 34.290 25.494  -9.62
 5 6831740 1 2 31024963.736324964.7324
 11.438 -0.327-10.972-18.488 -8.072  7.134  8.556  8.497  2.840
 -18.341-19.010-10.951-11.049  5.566  1.568 -5.151 -8.676 -17.15
 5 6831740 1 1 2 924963.736324964.7324
 17.276 -0.859 12.806 42.905 59.138  7.681 17.849 12.052 -0.857
  47.370 42.876 11.877 12.813  0.050  7.631 61.325 57.622 -10.16
 5 7831735 2 4 6 224964.732424965.7520
 15.039  0.277-14.866 32.754 47.081 13.117 16.007-12.375 -5.822
  34.290 25.494-15.192-13.327 10.827  2.290 48.010 45.256 -10.28
 5 7831735 4 6101124964.732424965.7520
 16.613  0.499-10.647 -8.072  7.859  8.556 20.318 -8.653  1.611
  -5.151 -8.676-11.084-10.557  1.465  7.091  9.706  4.605  -3.27
 5 783173511 415 824964.732424965.7520
 12.236  0.844-29.299-54.189-42.720 60.991 59.810 29.340  1.207
 -53.442-56.557-28.933-30.460 46.355 14.636-40.780-44.731   8.48
 511831855 612182024968.789124969.7598
 13.732 -0.362-12.015 46.886 59.261164.818173.648 -3.093 -0.650
  51.637 44.067-12.266-11.866 61.371103.447 62.973 56.201  -8.29
 511831855 4 7112124968.789124969.7598
 14.016  0.741 -9.423 -0.719 11.931 32.430 24.993 15.028  1.926
   1.614 -2.372 -8.805 -9.861 13.449 18.981 13.773  7.732  -7.55
 511831855 3 5 8 824968.789124969.7598
 12.839 -0.192-30.076 -3.524  7.984 32.667 36.989 50.569 -1.927
  -2.289 -5.854-28.776-32.529 21.353 11.314  9.005  5.898 -27.36
 511831855 1 4 51224968.789124969.7598
 12.965 -0.013 -8.768-23.387-11.757 12.119 26.444 44.220  2.249
 -23.298-23.842 -8.683 -9.206 10.137  1.982-10.133-13.168 -44.02
 5128318131110211424969.759824970.6973
 13.486  1.249-10.143 11.931 23.659 24.993 24.048  7.479  0.415
  13.773  7.732 -9.904-10.685 17.372  7.621 26.804 20.371   2.85
 512831813 4 4 8 724969.759824970.6973
 14.121  1.194-29.890  7.984 20.308 36.989 34.680 23.213  2.016
   9.005  5.898-29.510-30.666 24.839 12.150 21.340 18.713  39.72
 512831813 3 9121624969.759824970.6973
 13.016  0.047 -8.756-11.757 -0.470 26.444 38.314  0.204  2.221
 -10.133-13.168 -8.750 -8.761 12.298 14.147  2.615 -2.645  -5.44
 513831644 9 514 924970.697324971.7539
 16.267 -0.645-11.314 23.659 39.822 24.048 44.640 10.331 -1.338
  26.804 20.371-10.752-11.902 12.292 11.756 41.786 36.783   3.96
 513831644 4 3 7 124970.697324971.7539
 14.700 -1.667-31.010 20.308 34.814 34.680 20.980 62.931 -4.947
  21.340 18.713-29.279-33.684 21.055 13.625  0.000  0.000   0.00
 513831644 61016 524970.697324971.7539
 16.248  0.725 -8.799 -0.470 15.673 38.314 30.639 -5.232  0.955
   2.615 -2.645 -9.078 -8.602 15.847 22.467 16.678 10.524  -5.45
 5148318 7 4 5 9 924971.753924972.7598
 13.125  0.678-10.632 39.822 52.029 44.640 36.223 14.291 -0.301
  41.786 36.783-10.141-11.393 27.112 17.528 54.551 49.686 -16.36
 5148318 7 1 4 5 224971.753924972.7598
 15.272  0.621 -9.566 15.673 30.039 30.639 10.043-10.686 -5.654
  16.678 10.524 -9.753 -8.608 25.635  5.005 30.047 29.566 -14.26
 5148318 7 2 1 3 424971.753924972.7598
 14.132 -0.101  7.730-21.912 -8.692 26.010  6.567  0.005 -0.009
 -20.926-25.737  7.730  7.730 20.680  5.330 -7.422-12.220  -2.06
 5148318 7 2 1 3 224971.753924972.7598
 13.711  0.307  9.991-33.933-21.137 25.007 10.766 57.326  0.007
 -33.098-34.340  8.708 10.616  8.196 16.811-20.577-21.367  12.67
 515831815 1 1 2 124972.759824973.7871
 13.918 -0.051-10.190 30.039 43.313 10.043  6.679-24.942 -0.521
  30.047 29.566-10.194 -9.974  9.882  0.162  0.000  0.000   0.00
 515831815 1 1 2 224972.759824973.7871
 14.202 -0.260 -8.663 23.843 37.408  1.686  3.975-47.302 -0.561
  24.516 23.509 -9.383 -8.305  0.559  1.127 38.157 37.399  13.11
 515831815 0 0 1 124972.759824973.7871
 13.862 -0.264-26.875-53.945-40.728 11.524 14.508  0.000  0.000
   0.000  0.000  0.000  0.000  0.000  0.000  0.000  0.000   0.00
 515831815 1 1 2 324972.759824973.7871
 14.655 -0.660 10.300-21.137 -7.106 10.766  4.213 69.999  0.309
 -20.577-21.367  8.788 10.924  3.145  7.621 -6.730 -7.737  -2.60
 515831815 3 1 4 224972.759824973.7871
 15.045  0.507  7.628 -8.692  5.739  6.567  7.979 -2.054 -2.926
  -7.422-12.220  7.673  7.503  4.829  1.738  5.810  4.006 -10.92
 516831852 0 0 1 224973.787124974.7617
 14.664  0.389-10.138 43.313 56.650  6.679  6.179  0.000  0.000
   0.000  0.000  0.000  0.000  0.000  0.000  0.000 56.647   0.00
 516831852 1 1 2 124973.787124974.7617
 14.410  0.287 -8.396 37.408 50.498  3.975  2.081-34.193 -0.906
  38.157 37.399 -8.899 -8.390  0.050  3.925  0.000  0.000   0.00
 516831852 0 0 1 324973.787124974.7617
 13.627 -0.082-26.604-40.728-28.401 14.508 18.159  0.000  0.000
   0.000  0.000  0.000  0.000  0.000  0.000  0.000-31.422   0.00
 516831852 2 1 3 424973.787124974.7617
 16.281  0.561  9.622 -7.106  7.808  4.213  7.065 67.399  1.579
  -6.730 -7.737  8.732 11.116  2.640  1.573  9.951  5.723 -67.27
 516831852 1 1 2 124973.787124974.7617
 15.258 -0.692  8.148  5.739 19.655  7.979  6.790-12.971 -1.832
   5.810  4.006  8.165  7.753  7.664  0.315  0.000  0.000   0.00
 517831817 1 2 3 124974.761724975.7402
 14.386  0.069-26.523-28.401-15.298 18.159 22.611 35.977 -3.459
 -28.294-31.422-26.454-28.485 17.535  0.624  0.000  0.000   0.00
 517831817 4 4 81024974.761724975.7402
 14.620  0.382-23.457-42.788-29.456 16.346 28.694 13.130 -0.466
 -39.817-46.175-22.822-24.182  8.708  7.638-27.335-33.120   3.52
 517831817 0 0 1 124974.761724975.7402
 14.075 -0.350  7.474 19.655 32.455  6.790  3.787  0.000  0.000
   0.000  0.000  0.000  0.000  0.000  0.000  0.000  0.000   0.00
 518831745 0 0 1 124975.740224976.7285
 13.920 -0.261-26.591-15.298 -2.516 22.611 13.152  0.000  0.000
   0.000  0.000  0.000  0.000  0.000  0.000  0.000  0.000   0.00
 518831745 3 710 724975.740224976.7285
 11.839  0.381-23.831-29.456-18.730 28.694 22.178 16.650  0.916
 -27.335-33.120-23.251-24.834 18.173 10.521-14.262-21.080  -1.59
 518831745 3 710 524975.740224976.7285
 12.197  1.164 16.503-52.883-41.803 80.123 77.077  4.297  0.955
 -51.219-55.495 16.383 16.691 48.938 31.185-38.291-43.609  -3.52
 518831745 0 0 1 124975.740224976.7285
 14.611 -0.040  7.132 32.455 45.920  3.787  0.050  0.000  0.000
   0.000  0.000  0.000  0.000  0.000  0.000  0.000  0.000   0.00
 519831728 0 0 1 124976.728524977.7578
 13.163 -0.044-26.334 -2.516 10.034 13.152 20.003  0.000  0.000
   0.000  0.000  0.000  0.000  0.000  0.000  0.000  0.000   0.00
 519831728 6 1 7 524976.728524977.7578
 16.192 -0.768-24.208-18.730 -3.058 22.178 20.162 15.064 -0.469
 -14.262-21.080-23.111-24.785  7.646 14.532 -1.476 -7.772  -0.42
 519831728 2 3 51424976.728524977.7578
 15.085 -0.071 17.653-41.803-27.271 77.077103.441  0.773  1.396
 -38.291-43.609 17.608 17.677 26.177 50.900-23.748-30.447   8.11
 519831728 1 1 2 424976.728524977.7578
 13.221  0.928  8.908 37.410 50.020  6.826 41.508 31.119  2.454
  37.890 34.960  8.622 10.370  5.707  1.119 53.621 48.360  -3.78
 520831812 0 0 1 224977.757824978.6836
 13.667  0.148-26.288 10.034 21.774 20.003 17.289  0.000  0.000
   0.000  0.000  0.000  0.000  0.000  0.000  0.000 21.770   0.00
 520831812 2 3 5 224977.757824978.6836
 15.809 -0.485-23.416 -3.058 10.665 20.162 17.871 14.642 -5.175
  -1.476 -7.772-23.037-24.546 15.096  5.065 10.892 10.207  22.93
 520831812 1 1 2 224977.757824978.6836
 13.752  1.127-16.192-56.605-44.785  1.846  0.313 87.475  0.126
 -56.603-56.676-16.149-17.743  1.796  0.050-44.451-44.849 -10.24
 520831812 311142024977.757824978.6836
 15.131  0.330 17.580-27.271-14.176103.441 97.213  8.884  0.015
 -23.748-30.447 17.055 18.053 49.033 54.407-10.864-17.496   4.13
 521831625 1 1 2 124978.683624979.7207
 13.919 -0.383-26.425 21.774 35.194 17.289 15.787 54.568 -0.681
  22.211 21.770-25.876-26.431  0.179 17.110  0.000  0.000   0.00
 521831625 1 1 2 324978.683624979.7207
 13.950 -0.542-22.967 10.665 24.117 17.871 13.726 37.568 -0.046
  10.892 10.207-22.806-23.291 11.957  5.914 24.889 24.080 -32.97
 521831625 1 5 61724978.683624979.7207
 12.492  2.180-15.873-54.336-42.397 15.251 18.866-57.603  1.814
 -52.821-54.792-18.169-15.180  3.533 11.718-40.261-44.923  91.76
 521831625 515201624978.683624979.7207
 16.483 -0.925 17.886-14.176  1.904 97.213 60.218 13.019 -0.088
 -10.864-17.496 17.157 18.617 48.673 48.540  2.996 -3.611  -4.53
 522831719 0 0 1 124979.720724980.6953
 13.442  0.774-26.027 35.194 47.314 15.787 17.298  0.000  0.000
   0.000  0.000  0.000  0.000  0.000  0.000  0.000  0.000   0.00
 522831719 1 2 3 324979.720724980.6953
 14.145  0.258-22.404 24.117 36.922 13.726  6.211  4.597  0.122
  24.889 24.080-22.347-22.407  0.628 13.098 37.825 36.889 -12.66
 522831719 9 817 724979.720724980.6953
 15.744 -0.470-18.135-42.397-28.037 18.866 25.889 34.160 -0.162
 -40.261-44.923-16.758-19.764 10.223  8.643-26.394-31.646 -18.70
 522831719 11516 524979.720724980.6953
 15.696 -0.440 16.927  1.904 16.217 60.218 36.354  8.485 -0.050
   2.996 -3.611 16.771 17.714 50.262  9.956 16.560 10.292  10.11
 523831640 3 4 71424980.695324981.7676
 14.008 -0.307-17.677-28.037-14.064 25.889 56.366 15.462 -1.887
 -26.394-31.646-17.244-18.629 17.791  8.098-12.710-16.159 -10.44
 523831640 2 1 3 324980.695324981.7676
 16.660 -1.055 16.015-40.839-24.020  7.621  5.572 30.929  0.855
 -38.450-41.320 14.639 16.291  1.276  6.345-23.349-27.321 -11.50
 523831640 1 4 5 624980.695324981.7676
 13.559  0.168 16.498 16.217 29.709 36.354 43.099 18.594 -2.908
  16.560 10.292 16.388 18.410 34.365  1.988 30.578 27.290   4.86
 524831825 5 9141424981.767624982.7012
 14.356  0.015-17.348-14.064 -1.574 56.366 55.879  5.020  0.825
 -12.710-16.159-17.235-17.524 34.242 22.124 -0.342 -4.478  12.11
 524831825 1 5 6 124981.767624982.7012
 15.398 -0.160 16.679 29.709 43.171 43.099 33.718 23.451 -3.433
  30.578 27.290 16.318 17.684 31.704 11.395  0.000  0.000   0.00
 525831650 5 9141724982.701224983.6875
 12.566  0.516-17.362 -1.574  9.847 55.879 29.949 17.133  0.243
  -0.342 -4.478-17.000-18.216 39.233 16.645 11.560  7.516  11.25
 525831650 0 0 1 124982.701224983.6875
 14.268 -0.560 16.530 43.171 56.271 33.718 34.071  0.000  0.000
   0.000  0.000  0.000  0.000  0.000  0.000  0.000  0.000   0.00
 526831630 1 1 2 324983.687524984.7578
 15.044  0.060 -8.718 26.589 41.646  7.046 25.901  0.031  2.643
  26.898 23.818 -8.718 -8.720  6.341  0.705 42.965 37.518  18.80
 526831630 9 8171224983.687524984.7578
 16.346 -0.024-17.871  9.847 26.297 29.949 37.196 28.381 -1.973
  11.560  7.516-16.990-19.069 17.260 12.690 27.492 24.971 -30.63
 527831812 1 2 3 124984.757824985.8125
 16.621 -0.351 -8.782 41.646 58.130 25.901  3.707 18.831 -5.687
  42.965 37.518 -8.338-10.174 19.630  6.271  0.000  0.000   0.00
 527831812 5 7121624984.757824985.8125
 16.734  0.381-17.846 26.297 42.901 37.196 56.932 -2.250  1.932
  27.492 24.971-17.890-17.796 19.563 17.633 45.206 40.666   7.92
 527831812 0 0 1 224984.757824985.8125
 14.396  0.352 -9.078-50.445-36.306 16.866  7.420  0.000  0.000
   0.000  0.000  0.000  0.000  0.000  0.000  0.000-36.352   0.00
 528831930 610161624985.812524986.8086
 12.803  0.066-18.248 42.901 54.671 56.932 51.871  5.667 -0.067
  45.206 40.666-18.031-18.458 28.028 28.904 57.926 53.497   3.99
 528831930 1 1 2 224985.812524986.8086
 14.514  0.041 -9.449-36.306-22.831  7.420 12.377 64.097 -0.083
 -36.168-36.352 -9.168 -9.543  1.863  5.557-22.819-22.843  21.94
 529831923 1 1 2 324986.808624987.7637
 14.281  0.196 -9.490-22.831-10.134 12.377  7.971 86.035  1.925
 -22.819-22.843 -9.317 -9.651  5.984  6.393-10.097-12.021 -53.07
 6 2831848 0 3 31224990.783224991.7871
 12.994 -0.917 -9.677-10.134  1.927  7.971 42.729 32.286-11.217
   0.000-15.226  0.000 -9.484  1.000 12.530  3.682 -2.817 -21.54
 6 3831853 11112 124991.787124992.7383
 16.508 -0.539 -8.755  1.927 16.687 42.729 23.558 10.744 -6.538
   3.682 -2.817 -8.426 -9.645 31.192 11.537  0.000  0.000   0.00
 6 38318532520452724991.787124992.7383
 14.630 -0.171 -9.467 -8.783  4.191 86.211105.085  4.979  0.786
  -6.781-11.464 -9.295 -9.697 49.355 36.856  6.857  1.377  -0.75
 6 4831743 0 0 1 124992.738324993.7461
 14.244  0.230 -8.243 16.687 30.041 23.558 21.712  0.000  0.000
   0.000  0.000  0.000  0.000  0.000  0.000  0.000  0.000   0.00
 6 48317431512273624992.738324993.7461
 15.013  0.533 -9.305  4.191 18.319105.085157.282  4.226  0.603
   6.857  1.377 -9.110 -9.510 53.967 51.118 20.469 14.355  -2.75
 6 58317521719363624993.746124994.7891
 14.365 -2.228 -9.842 18.319 32.287157.282128.469  1.473  2.221
  20.469 14.355 -9.788 -9.942101.970 55.311 35.831 27.787  13.30
 6 6831856 6 410 324994.789124995.8008
 15.843  0.712-16.541 31.799 46.824 20.175  3.629 32.606 -3.255
  33.441 29.568-15.534-17.909 11.620  8.555 46.851 45.865   2.58
 6 68318561422362424994.789124995.8008
 15.901  1.829 -7.516 32.287 47.372128.469146.259 14.770  2.424
  35.831 27.787 -6.590 -8.693 71.872 56.596 51.685 40.981  -6.51
 6 6831856 7 8152224994.789124995.8008
 13.630 -2.812-11.369-42.905-30.116111.878 82.925  4.259  2.804
 -41.727-45.808-11.283-11.581 79.586 32.292-28.789-35.670  -1.00
 6 7831912 913222224995.800824996.9141
 14.328  0.165 -8.525-30.116-15.250 82.925 91.505  3.259  0.965
 -28.789-35.670 -8.451 -8.838 66.932 15.993-13.801-21.613   3.76
 6 7831912 1 1 2 624995.800824996.9141
 14.364  0.155-10.783-53.923-39.017 13.492 11.551-30.708  0.308
 -53.425-54.218-11.074-10.611  5.018  8.474-38.378-39.513  54.12
 6 883215613 9222324996.914124997.8242
 13.185  0.414 -8.709-15.250 -4.149 91.505100.879  7.018 -1.856
 -13.801-21.613 -8.533 -9.484 74.525 16.979 -2.228 -8.122   3.76
 6 8832156 4 2 6 524996.914124997.8242
 13.672 -0.435-10.955-39.017-27.473 11.551  8.101 23.416  0.980
 -38.378-39.513-10.683-11.166  5.045  6.506-25.891-27.999  -4.25
 6 98319451112231224997.824224998.9043
 14.712  0.356 -9.087 -4.149 10.678100.879 69.129 10.779 -0.409
  -2.228 -8.122 -8.725 -9.833 67.999 32.880 13.019  7.467  -3.90
 6 9831945 2 3 5 324997.824224998.9043
 15.564  0.188-10.559-27.473-11.726  8.101 20.520 19.165  2.459
 -25.891-27.999-10.019-10.739  2.022  6.079 -8.319-13.031 -13.31
 610832141 6 6122124998.904324999.9414
 13.837  0.253 -9.471 10.678 24.034 69.129 69.671  6.883 -1.078
  13.019  7.467 -9.192 -9.853 39.980 29.149 25.637 21.206   3.37
 610832141 1 2 3 724998.904324999.9414
 13.980 -0.157-10.763-11.726  1.777 20.520 24.218  5.855  0.160
  -8.319-13.031-10.420-10.894  5.683 14.837  5.174  0.283  -8.57
 611832237 912211924999.941425000.8164
 14.578 -0.012 -9.733 24.034 35.921 69.671 72.768 10.252  3.522
  25.637 21.206 -9.447-10.237 44.460 25.211 37.581 29.578  -2.58
 611832237 4 3 7 124999.941425000.8164
 11.866  0.163-10.600  1.777 11.293 24.218  6.051 -2.719 -4.813
   5.174  0.283-10.758-10.530  7.400 16.819  0.000  0.000   0.00
 613831943 2 5 7 325001.822325002.9336
 11.587 -1.552 -8.186-51.537-39.752 26.412 18.096-37.060  2.331
 -51.147-51.707 -8.478 -8.059  8.030 18.382-36.873-39.867  47.54
 614832222 0 0 1 125002.933625003.8164
 14.944  0.712-26.445-30.055-17.722  2.266  7.606  0.000  0.000
   0.000  0.000  0.000  0.000  0.000  0.000  0.000  0.000   0.00
 614832222 3 1 41225002.933625003.8164
 15.541  1.202-11.981-57.159-44.298 30.153 17.454  5.174  0.431
 -55.458-59.072-11.831-12.151 15.961 14.192-42.771-46.857  -3.97
 614832222 2 1 3 925002.933625003.8164
 16.404  0.468 -6.462-39.752-26.129 18.096 17.982 10.483  0.680
 -36.873-39.867 -5.933 -6.483  0.694 17.402-24.020-27.742  -6.15
 614832222 2 1 31025002.933625003.8164
 12.588 -0.105 12.795-50.055-39.802 28.014 20.710 14.357  1.537
 -49.608-52.223 12.683 13.336 23.230  4.784-37.626-41.233  18.07
 614832222 2 1 31025002.933625003.8164
 15.562 -1.984 19.239-48.422-35.542 43.527 52.237-17.975  0.097
 -46.534-49.898 19.817 18.787 19.102 24.425-34.093-37.564  33.50
 615831935 0 0 1 125003.816425004.8047
 14.375  0.072-27.074-17.722 -4.468  7.606  3.124  0.000  0.000
   0.000  0.000  0.000  0.000  0.000  0.000  0.000  0.000   0.00
 615831935 9 312 525003.816425004.8047
 17.295 -1.464-13.043-44.298-28.155 17.454  9.119  1.209  1.614
 -42.771-46.857-13.012-13.096 10.932  6.522-26.756-31.755  27.70
 615831935 3 710 325003.816425004.8047
 13.774 -0.369 12.702-39.802-27.142 20.710 26.915 32.426 -1.279
 -37.626-41.233 11.353 13.588  8.213 12.497-26.544-28.380  19.19
 615831935 4 610 325003.816425004.8047
 13.407 -0.078 17.486-35.542-23.246 52.237 24.027 15.528  1.338
 -34.093-37.564 17.102 18.022 30.421 21.817-20.906-25.897 -11.29
 616831920 1 1 2 525004.804725005.8125
 12.009 -0.068 -6.442 -9.196  1.901  4.562  0.879-17.753  2.996
  -9.100-10.266 -6.472 -6.101  4.188  0.374  3.789 -0.385  27.72
 616831920 1 4 5 625004.804725005.8125
 12.963  1.002-11.595-28.155-16.097  9.119 17.666 28.910 -0.157
 -26.756-31.755-10.838-13.543  6.567  2.551-13.145-17.652   7.12
 616831920 2 1 3 725004.804725005.8125
 16.800  1.908 12.337-27.142-11.225 26.915 44.544 51.619  5.128
 -26.544-28.380 11.599 13.864 18.142  8.773 -6.430-13.725 -79.75
 617831929 2 4 6 225005.812525006.7793
 15.575 -1.022-12.603-16.097 -1.969 17.666 15.618 36.032 -0.325
 -13.145-17.652-10.507-13.706  6.094 11.572  0.153 -4.162  -1.79
 617831929 2 5 7 625005.812525006.7793
 12.840  0.725 14.257-11.225  0.255 44.544 28.326-28.127 -3.155
  -6.430-13.725 16.742 12.962 15.265 29.279  0.869 -0.428 -46.93
 618831843 1 1 21125006.779325007.7598
 13.837  0.537-11.613 -1.969 10.628 15.618 12.688 34.245  0.080
   0.153 -4.162-10.198-13.075  7.939  7.680 12.975  8.556  -0.55
 618831843 1 1 21125006.779325007.7598
 16.185 -1.760-13.863 -4.270 10.628  5.709 12.688-57.906  4.334
  -4.212 -4.682-13.953-13.226  5.005  0.704 12.975  8.556  91.60
 618831843 2 1 3 325006.779325007.7598
 16.853  0.230 13.766-37.206-21.654  5.672 11.867  3.645 -2.768
 -35.906-39.395 13.686 13.902  3.559  2.113-21.356-21.867 -41.53
 618831843 1 2 31225006.779325007.7598
 14.416  0.011 17.307-54.027-40.862 34.247 24.776  2.788 -0.211
 -53.264-57.785 17.272 17.482 28.462  5.784-38.807-43.043   7.52
 618831843 2 4 6 425006.779325007.7598
 14.101 -2.926 14.959  0.255 13.112 28.326 53.589-75.060 -3.934
   0.869 -0.428 17.183 12.485 14.916 13.410 13.251 12.613 122.84
 619831814 6 5111525007.759825008.6699
 15.220 -0.632-12.139 10.628 23.602 12.688 19.973 33.696  0.057
  12.975  8.556-10.609-13.490  5.951  6.737 24.673 19.992  -4.57
 619831814 2 1 3 625007.759825008.6699
 13.903 -0.414 13.992-21.654 -9.880 11.867  2.990-37.886  0.421
 -21.356-21.867 14.217 13.831  4.946  6.921 -9.732-10.598   1.28
 619831814 5 7121625007.759825008.6699
 12.643 -0.389 17.318-40.862-30.237 24.776 30.489 10.305  0.721
 -38.807-43.043 16.961 17.696 12.754 12.022-27.719-32.705  -1.06
 619831814 0 0 1 225007.759825008.6699
 15.197 -1.078 18.107-55.351-42.398  5.002  7.983  0.000  0.000
   0.000  0.000  0.000  0.000  0.000  0.000  0.000-45.355   0.00
 619831814 2 2 41025007.759825008.6699
 13.009  0.304 12.092 13.112 24.071 53.589 17.824 47.781 -0.357
  13.251 12.613 11.941 12.629 41.858 11.731 24.421 23.870 -67.42
 6208316 6 7 815 925008.669925009.6211
 13.689  0.833-11.563 23.602 35.675 19.973 29.732 29.125 -0.164
  24.673 19.992-10.978-13.533 15.402  4.572 38.159 34.039   8.57
 6208316 6 9 7161925008.669925009.6211
 16.551 -0.608 16.963-30.237-15.445 30.489 51.229  9.246 -0.173
 -27.719-32.705 16.571 17.347 15.094 15.395-13.046-17.873  -3.02
 6208316 6 2 4 6 925008.669925009.6211
 12.470 -0.645 13.615 -9.880  1.035  2.990 54.069-36.611  2.931
  -9.732-10.598 13.722 13.096  2.479  0.511  2.056 -1.738  14.87
 6208316 6 4 610 825008.669925009.6211
 14.356  0.514 12.369 24.071 36.777 17.824 17.895-19.638  0.441
  24.421 23.870 12.491 12.299  6.495 11.329 36.948 36.230 -26.61
 621831454 6 3 91025009.621125010.6230
 14.962 -0.616-12.354 35.675 49.677 29.732 39.792 37.699 -1.295
  38.159 34.039-10.479-13.589 11.808 17.924 51.183 48.275   3.61
 621831454 6 7131325009.621125010.6230
 15.098  0.062 -7.925-49.905-35.768 39.021 22.456 12.008  0.891
 -49.178-52.226 -7.772 -8.414 29.708  9.313-34.853-37.755  31.73
 621831454 1 1 2 325009.621125010.6230
 14.295 -0.057 11.878-41.012-27.678  1.983  2.749 -8.026  1.265
 -40.244-41.799 11.984 11.769  1.004  0.979-25.585-28.433   2.32
 621831454 712192725009.621125010.6230
 14.339 -0.317 16.385-15.445 -2.068 51.229 20.162  6.225  0.906
 -13.046-17.873 16.134 16.639 25.766 25.462  2.027 -3.761  -4.74
 621831454 4 5 92525009.621125010.6230
 13.707 -0.398 13.002  1.035 13.779 54.069 38.878-21.745  0.727
   2.056 -1.738 13.399 11.924 39.512 14.557 16.166 11.374  15.24
 621831454 3 5 8 825009.621125010.6230
 14.230  0.298 12.857 36.777 50.045 17.895 13.536-46.245 -0.217
  36.948 36.230 13.031 12.300 13.627  4.268 50.385 49.694  14.08
 622831456 31013 825010.623025011.6074
 13.337 -2.541 -7.988-35.768-23.582 22.456  8.129 43.738 -0.827
 -34.853-37.755 -7.121 -9.871 15.378  7.078-22.857-24.893   6.21
 622831456 4 812 625010.623025011.6074
 15.784  0.757 17.130-17.402 -2.803 17.116  7.706  2.389  1.430
 -14.251-19.713 17.005 17.222  7.241  9.875  0.564 -6.216  11.79
 622831456 916251825010.623025011.6074
 16.293 -2.462 12.603 13.779 28.879 38.878 18.414 -6.506  1.192
  16.166 11.374 12.868 12.335 19.517 19.361 31.224 25.323  16.55
 623831436 0 0 1 225011.607425012.7813
 13.186 -2.298 13.887-18.646 -4.339  0.430  9.563  0.000  0.000
   0.000  0.000  0.000  0.000  0.000  0.000  0.000 -4.759   0.00
 623831436 51419 525011.607425012.7813
 14.047  1.018 14.898 14.161 29.478 43.857 80.024  6.641 -2.969
  16.751 10.282 14.606 15.334 26.297 17.560 30.328 26.906   1.96
 623831436 31518 125011.607425012.7813
 14.863  1.913 10.175 28.879 45.154 18.414 51.805 10.044 -5.899
  31.224 25.323  9.767 10.795 11.097  7.317  0.000  0.000   0.00
 624831844 0 0 1 125012.781325013.7090
 14.662 -0.495  3.792-40.085-27.391  1.691  1.049  0.000  0.000
   0.000  0.000  0.000  0.000  0.000  0.000  0.000  0.000   0.00
 624831844 1 1 2 525012.781325013.7090
 16.245 -0.382 11.193 -4.339  9.824  9.563 12.707  8.865  0.572
  -2.217 -4.759 10.869 11.258  1.582  7.981 11.265  8.113  -8.70
 624831844 1 4 5 825012.781325013.7090
 13.374  0.011 16.091 29.478 40.977 80.024 29.758  8.604  0.638
  30.328 26.906 15.968 16.465 60.153 19.871 42.137 38.034  -2.66
 624831844 0 0 1 525012.781325013.7090
 14.116  0.415 12.417 45.154 57.341 51.805  3.984  0.000  0.000
   0.000  0.000  0.000  0.000  0.000  0.000  0.000 53.238   0.00
 6258317 0 0 0 1 225013.709025014.6348
 14.375 -0.032  3.333-27.391-14.982  1.049  0.316  0.000  0.000
   0.000  0.000  0.000  0.000  0.000  0.000  0.000-17.148   0.00
 6258317 0 2 3 5 325013.709025014.6348
 13.466 -0.116 10.839  9.824 21.391 12.707 16.128  0.168  1.219
  11.265  8.113 10.834 10.843  6.896  5.811 24.516 20.154  -6.88
 6258317 0 4 4 8 625013.709025014.6348
 13.782 -0.230 16.101 40.977 52.837 29.758 21.387  5.941  1.035
  42.137 38.034 15.985 16.395 21.344  8.414 54.265 49.160   4.88
 626831514 0 0 1 425014.634825015.6113
 13.867 -0.163 -8.265-51.300-38.708 13.521 14.504  0.000  0.000
   0.000  0.000  0.000  0.000  0.000  0.000  0.000-39.137   0.00
 626831514 1 2 3 625014.634825015.6113
 14.935 -0.061 10.731 21.391 35.026 16.128  8.623 -6.711  0.432
  24.516 20.154 11.093 10.588  4.572 11.555 38.090 33.280   1.46
 627831441 1 3 4 125015.611325016.9199
 14.493  0.280 -8.106-38.708-21.018 14.504 12.020  0.517 -0.653
 -38.477-39.137 -8.104 -8.110  9.430  5.074  0.000  0.000   0.00
 627831441 9 312 725015.611325016.9199
 14.581  0.143 -8.227-49.840-32.035 27.191 40.479 34.435 -0.053
 -48.939-50.465 -7.615 -8.651 11.133 16.059-31.320-32.790   0.75
 627831441 3 3 6 625015.611325016.9199
 15.685 -0.429 10.672 35.026 54.277  8.623 14.476 -5.254 -0.852
  38.090 33.280 10.949 10.514  3.131  5.492 54.953 51.055  15.08
 6288322 6 0 0 1 125016.919925017.6328
 13.872 -0.341 -8.473-21.018-11.841 12.020  3.590  0.000  0.000
   0.000  0.000  0.000  0.000  0.000  0.000  0.000  0.000   0.00
 6288322 6 1 3 4 725016.919925017.6328
 12.936 -0.243-18.824-41.750-33.239 22.996 32.410-16.968  4.405
 -41.637-43.911-18.857-18.200 21.849  1.147-32.191-39.025   3.60
 6288322 6 3 4 7 925016.919925017.6328
 13.636  0.319 -8.414-32.035-23.027 40.479 25.951 35.181 -0.561
 -31.320-32.790 -7.916 -8.941 20.780 19.699-22.439-23.510 -64.75
 629831511 0 0 1 125017.632825018.6133
 14.680  0.077 -8.230-11.841  1.603  3.590  6.286  0.000  0.000
   0.000  0.000  0.000  0.000  0.000  0.000  0.000  0.000   0.00
 629831511 1 6 7 325017.632825018.6133
 15.920  0.231-18.651-33.239-18.579 32.410 12.827-13.370 -4.993
 -32.191-39.025-18.887-17.348 27.438  4.972-18.506-20.171  31.92
 629831511 5 4 91025017.632825018.6133
 14.742 -0.091 -8.642-23.027 -9.522 25.951 24.524-29.566 -0.215
 -22.439-23.510 -8.971 -8.370 11.721 14.229 -8.931 -9.945  29.61
 630831444 0 0 1 125018.613325019.7188
 13.954 -0.039 -8.305  1.603 15.947  6.286  1.899  0.000  0.000
   0.000  0.000  0.000  0.000  0.000  0.000  0.000  0.000   0.00
 630831444 7 310 325018.613325019.7188
 14.046 -0.392 -8.552 -9.522  4.923 24.524  8.759  0.044  0.048
  -8.931 -9.945 -8.552 -8.552 10.225 14.299  5.391  4.597  41.46
 630831444 1 2 3 225018.613325019.7188
 13.882 -0.041-18.878-18.579 -4.314 12.827 12.394 18.550 -1.302
 -18.506-20.171-18.855-19.383 12.267  0.561 -4.080 -4.460 -16.77
 7 1831715 0 0 1 125019.718825020.7754
 14.472 -0.009 -8.262 15.947 30.199  1.899  3.734  0.000  0.000
   0.000  0.000  0.000  0.000  0.000  0.000  0.000  0.000   0.00
 7 1831715 1 2 3 225019.718825020.7754
 14.124  0.085 -8.119  4.923 18.807  8.759 17.970 41.509  1.545
   5.391  4.597 -7.709 -8.405  3.599  5.160 19.204 18.790-122.43
 7 1831715 1 1 2 125019.718825020.7754
 14.295  0.141-18.832 -4.314  9.750 12.394 19.242  1.778 -0.360
  -4.080 -4.460-18.825-18.836  4.739  7.655  0.000  0.000   0.00
 7 2831837 0 0 1 125020.775425021.6133
 13.929  0.361 -8.253 30.199 41.045  3.734  0.256  0.000  0.000
   0.000  0.000  0.000  0.000  0.000  0.000  0.000  0.000   0.00
 7 2831837 1 1 2 325020.775425021.6133
 13.672 -0.084 -8.209 18.807 29.437 17.970  1.565-80.917 -0.215
  19.204 18.790-10.665 -8.103  0.746 17.224 29.812 27.418  86.02
 7 2831837 0 0 1 225020.775425021.6133
 13.883  0.058-18.982  9.750 20.557 19.242 15.732  0.000  0.000
   0.000  0.000  0.000  0.000  0.000  0.000  0.000 19.870   0.00
 7 2831837 3 3 61625020.775425021.6133
 12.999 -0.799-20.353-50.413-40.346 46.874 38.941-11.143 -0.046
 -48.286-56.038-20.746-19.314 34.016 12.858-37.566-45.307   3.11
 7 3831443 0 0 1 125021.613325022.6113
 14.708  0.128 -8.555 41.045 54.754  0.256  1.358  0.000  0.000
   0.000  0.000  0.000  0.000  0.000  0.000  0.000  0.000   0.00
 7 3831443 1 1 2 425021.613325022.6113
 14.274  0.065-19.030 20.557 33.834 15.732  9.840  7.712 -0.267
  20.610 19.870-19.023-19.118 14.610  1.122 34.013 33.551 -14.24
 7 3831443 4 7111125021.613325022.6113
 17.267 -0.091-10.815-58.579-42.314 20.031 11.445  6.998 -3.767
 -55.262-61.296-10.415-11.142  9.020 11.011-41.624-43.864  -4.01
 7 4831441 2 2 4 325022.611325023.5977
 13.018  0.196-19.095 33.834 45.714  9.840 19.556 -6.529  0.406
  34.013 33.551-19.114-19.064  6.033  3.807 46.361 45.470  12.55
 7 4831441 314172125022.611325023.5977
 11.351 -0.440-20.157-23.726-13.491 14.257 35.618-10.889  2.591
 -22.178-28.497-20.436-19.295 10.764  3.494-10.156-19.129  -1.00
 7 4831441 2 9111325022.611325023.5977
 14.149 -0.486-10.724-42.314-29.318 11.445 29.944  2.987  1.887
 -41.624-43.864-10.689-10.803  7.918  3.526-27.166-31.287 -10.56
 7 5831422 714211925023.597725024.6074
 16.313  1.002-19.723-13.491  1.982 35.618 34.036-11.893 -1.402
 -10.156-19.129-20.384-18.605 22.382 13.237  3.890 -3.641  -1.14
 7 5831422 5 8132325023.597725024.6074
 14.406  0.466-10.245-29.318-15.769 29.944 26.547 -7.571 -0.908
 -27.166-31.287-10.526 -9.987 14.308 15.636-14.636-17.865   2.96
 7 8831645 1 1 2 325026.697325027.6211
 13.600 -0.016-21.646 31.239 42.896 27.473 28.577-49.595 -0.144
  31.602 31.015-22.042-21.402 10.474 16.999 43.377 42.761  14.82
 7 883164510 2121525026.697325027.6211
 13.111 -0.249-19.325 20.948 32.154 15.314 18.037 -0.308 -0.064
  21.820 20.309-19.329-19.321  6.479  8.835 33.092 31.746 -20.65
 7 8831645 611172225026.697325027.6211
 14.415 -0.152-10.946 12.202 24.612 24.011 30.102  4.645  0.803
  14.275  9.620-10.781-11.152 13.317 10.695 28.257 22.790   0.12
 7 8831645 1 1 2 925026.697325027.6211
 13.362  0.260-15.457-36.695-25.258 32.936 36.466 24.425  0.592
 -36.559-37.465-15.397-15.794 27.983  4.953-24.942-26.486  -7.66
 7 9831455 2 1 3 225027.621125028.6074
 15.018 -0.155-21.631 42.896 56.750 28.577 45.063-34.772  0.120
  43.377 42.761-21.941-21.544  6.268 22.309 56.979 56.360 -10.32
 7 983145512 3151725027.621125028.6074
 16.611  0.379-19.095 32.154 47.580 18.037 72.907-20.956  1.604
  33.092 31.746-19.435-18.947  5.465 12.573 48.751 45.626  14.27
 7 9831455 81422 825027.621125028.6074
 12.695  0.179-10.805 24.612 36.174 30.102 13.857  4.767 -0.565
  28.257 22.790-10.507-10.955 10.032 20.070 38.788 33.877  -3.27
 7 9831455 1 8 9 525027.621125028.6074
 14.521  0.260-15.697-25.258-11.894 36.466 29.783 16.763 -0.541
 -24.942-26.486-15.605-16.053 29.010  7.456-11.681-12.680   1.37
 71083143610 717 725028.607425029.6270
 12.714  0.718-19.469 47.580 59.527 72.907 60.222 -6.685  1.563
  48.751 45.626-19.598-19.253 45.584 27.323 63.056 58.388  -8.05
 710831436 6 2 8 525028.607425029.6270
 14.966  0.660-10.982 36.174 50.414 13.857  7.657  1.501  0.893
  38.788 33.877-10.915-11.041  6.481  7.376 51.961 46.124  -1.72
 710831436 1 4 5 325028.607425029.6270
 13.704  0.157-15.953-11.894  1.061 29.783 25.891 18.132 -0.165
 -11.681-12.680-15.886-16.201 23.426  6.357  1.185  0.320 -28.87
 710831436 2 3 5 425028.607425029.6270
 14.234 -0.759-11.033-40.520-27.025 12.688  2.177 54.608 -0.118
 -40.372-41.295-10.829-12.105 10.654  2.033-26.703-27.935 -21.49
 7118315 2 1 2 3 525029.627025030.6055
 13.757  0.115-16.114  1.061 13.565 25.891 32.505-10.739 -0.265
   1.185  0.320-16.136-15.978 22.185  3.706 13.641 13.098 -15.18
 7118315 2 1 1 2 425029.627025030.6055
 13.629  0.436-12.272-57.497-45.118  6.608 12.279 57.472 -0.269
 -57.451-57.884-12.203-12.865  5.919  0.689-45.078-45.578 -38.28
 7118315 2 5 5101025029.627025030.6055
 14.904 -0.412 15.029 -7.186  6.440  7.536  8.391 24.795  1.463
  -5.648 -8.174 14.343 15.470  2.949  4.587  8.083  3.829 -17.43
 712831431 2 3 5 825030.605525031.6074
 15.415 -1.085-16.226 13.565 28.041 32.505 34.428-25.917  1.562
  13.641 13.098-16.262-16.009 27.911  4.594 29.859 27.915  54.80
 712831431 1 3 4 925030.605525031.6074
 14.349  2.125-12.698-45.118-31.710 12.279  9.129 19.191  0.617
 -45.078-45.578-12.685-12.854 11.297  0.982-31.405-32.571 -13.28
 712831431 4 6101225030.605525031.6074
 15.275  0.593 14.626  6.440 20.777  8.391 21.517  7.365  0.921
   8.083  3.829 14.421 14.953  5.151  3.240 21.601 16.406   1.36
 713831435 2 6 8 125031.607425032.5957
 13.320  1.639-15.138 28.041 40.245 34.428 28.804 28.880 -2.142
  29.859 27.915-14.170-15.205  2.224 32.204  0.000  0.000   0.00
 713831435 6 3 91325031.607425032.5957
 13.955 -0.882-14.829-31.710-18.878  9.129 20.121  5.916  2.628
 -31.405-32.571-14.799-14.916  6.737  2.392-17.511-21.272   8.04
 713831435 3 3 6 425031.607425032.5957
 12.346  2.983 16.225-27.921-16.681 15.614 12.178 13.290 -2.638
 -25.802-29.585 15.744 16.602  6.866  8.748-15.943-17.082  -2.77
 713831435 6 612 225031.607425032.5957
 17.173 -1.667 15.221 20.777 36.791 21.517  3.153  8.723 -4.618
  21.601 16.406 15.099 15.869 18.102  3.415 36.812 36.354   2.72
 717831440 1 1 2 125035.611325036.5938
 16.328 -1.446 -7.926 31.321 46.414  7.786  0.209 40.841 -3.641
  32.427 29.646 -6.979 -9.360  4.688  3.098  0.000  0.000   0.00
 717831440 2 3 5 125035.611325036.5938
 11.376 -1.007-13.358 22.491 32.715  2.298  1.094-40.054 -3.726
  23.442 20.510-14.136-11.738  1.553  0.745  0.000  0.000   0.00
 717831440 1 1 21825035.611325036.5938
 16.494 -0.265 -9.188  4.322 19.579  0.100 27.911 51.608  2.690
   4.728  3.916 -8.683 -9.694  0.050  0.050 21.350 17.347 -45.19
 717831440 2 2 4 325035.611325036.5938
 16.609 -0.721 -4.893 -4.880 10.490  3.207  5.141 17.524 -0.333
  -3.834 -5.205 -4.564 -4.995  0.759  2.448 10.634  9.622 -40.89
 717831440 0 0 1 225035.611325036.5938
 15.488  0.481 -8.560-54.790-40.522  3.159  0.100  0.000  0.000
   0.000  0.000  0.000  0.000  0.000  0.000  0.000-40.788   0.00
 717831440 0 0 1 325035.611325036.5938
 13.063  0.563 16.219-28.359-16.476  2.503  1.895  0.000  0.000
   0.000  0.000  0.000  0.000  0.000  0.000  0.000-18.613   0.00
 717831440 2 4 6 225035.611325036.5938
 14.764  0.800 12.578 -9.806  3.751  5.984 14.187-36.314 -0.814
  -9.478-10.455 12.813 12.112  3.978  2.006  3.766  3.629 -32.49
 717831440 0 0 1 125035.611325036.5938
 14.114  0.043 19.735 21.744 34.661  4.600  8.855  0.000  0.000
   0.000  0.000  0.000  0.000  0.000  0.000  0.000  0.000   0.00
 720831452 615212425038.621125039.5996
 11.656 -2.325 -9.491 49.058 59.522 42.360 76.689 20.950  3.411
  50.457 47.008 -8.963-10.265 25.183 17.177 62.273 55.543 -39.76
 720831452 2 6 8 825038.621125039.5996
 16.072 -0.489 -5.813 -2.809 11.981 11.371 15.675-17.142  1.640
  -2.477 -3.885 -5.914 -5.482  8.696  2.675 12.652  9.532  17.72
 720831452 1 8 92425038.621125039.5996
 15.723 -0.836 10.489-10.912  3.536 10.242 30.599 15.439  1.420
  -6.201-12.231  9.210 10.847  2.240  8.001  6.753 -0.752  -3.14
 720831452 810181925038.621125039.5996
 17.421 -0.645  7.902 -2.879 13.232 28.524 35.634 15.249 -1.800
  -0.764 -5.700  7.332  8.664 16.305 12.219 14.209 11.055   1.53
 720831452 2 3 5 225038.621125039.5996
 14.188  0.400 12.723 30.349 43.293  8.891  9.634-45.972  0.040
  30.598 30.241 12.974 12.613  2.698  6.193 43.300 43.123 117.30
 727831413 1 1 2 425045.591825046.5996
 13.630  0.513-19.901-24.610-11.870  3.640  1.425-75.591  1.248
 -24.528-24.634-20.203-19.813  0.829  2.811-11.580-12.929 115.66
 728831423 2 4 6 425046.599625047.7930
 13.012  0.232-13.949 32.123 46.497  9.562  5.570 -4.047  0.267
  33.086 29.811-14.015-13.791  6.751  2.812 49.118 45.582  10.87
 7298319 3 2 2 4 325047.793025048.5957
 14.993  0.208-14.226 46.497 57.738  5.570  0.907  6.822 -0.442
  49.118 45.582-13.922-14.332  1.441  4.129 59.832 56.743  -0.48
 7298319 3 0 0 1 425047.793025048.5957
 14.182 -0.477-21.540-53.829-43.238 14.541 14.415  0.000  0.000
   0.000  0.000  0.000  0.000  0.000  0.000  0.000-43.256   0.00
 7298319 3 1 2 3 825047.793025048.5957
 14.905 -1.277 -4.306-56.594-45.424  2.953 14.100 83.663 -0.662
 -56.472-56.604 -3.209 -4.390  0.209  2.744-45.032-45.558 -81.01
 730831418 5 510 425048.595725049.5918
 15.738 -0.428-15.811  9.812 24.511  4.520  9.682  5.409  2.202
  10.880  8.111-15.714-15.966  2.777  1.743 26.236 21.374  10.69
 7308314181318311125048.595725049.5918
 13.918 -0.582 13.178 44.103 56.989 25.634 25.829 -4.630  2.192
  45.947 41.802 13.323 12.996 14.232 11.402 60.589 54.238  -2.08
 7308314183117483125048.595725049.5918
 13.414  1.220 -8.548-33.644-21.260169.182128.349 21.292  1.449
 -28.315-36.898 -6.494 -9.802 64.142105.040-15.198-24.901   3.80
 730831418 1 3 4 125048.595725049.5918
 13.989  0.386-21.158-43.238-30.282 14.415 22.971 73.768 -3.059
 -42.339-43.256-18.278-21.214  0.278 14.137  0.000  0.000   0.00
 730831418 0 0 1 225048.595725049.5918
 14.724  0.273 -8.608-52.357-38.669  0.050  0.939  0.000  0.000
   0.000  0.000  0.000  0.000  0.000  0.000  0.000-38.841   0.00
 730831418 2 6 8 425048.595725049.5918
 14.920  0.114 -3.282-45.424-31.540 14.100  6.747  2.656  0.808
 -45.032-45.558 -3.264 -3.288  3.608 10.492-31.169-32.138  40.85
 731831411 1 1 2 625049.591825050.6016
 14.136  0.258-22.653 30.135 43.421  4.575  4.204-16.633 -0.630
  30.262 26.950-22.688-21.775  4.401  0.174 44.733 41.973   9.97
 731831411 2 2 4 125049.591825050.6016
 17.172 -0.377-15.385 24.511 40.862  9.682  4.013 16.100 -4.879
  26.236 21.374-14.905-16.258  6.246  3.436  0.000  0.000   0.00
 731831411 0 0 1 125049.591825050.6016
 13.848  0.025-21.542-30.282-17.288 22.971 16.511  0.000  0.000
   0.000  0.000  0.000  0.000  0.000  0.000  0.000  0.000   0.00
 731831411 1 3 4 225049.591825050.6016
 13.506 -0.133 -3.395-31.540-18.891  6.747  0.855 43.506 -0.154
 -31.169-32.138 -3.044 -3.962  4.165  2.582-18.591-19.308 -96.18
 8 1831426 2 4 6 625050.601625051.5977
 13.817 -0.062-22.914 43.421 56.206  4.204 12.326 -6.658  1.115
  44.733 41.973-23.055-22.758  2.205  1.999 58.094 54.217  -6.83
 8 1831426 0 0 1 125050.601625051.5977
 14.327  0.161-21.567-17.288 -3.995 16.511 22.685  0.000  0.000
   0.000  0.000  0.000  0.000  0.000  0.000  0.000  0.000   0.00
 8 4831518 7 512 125053.638725054.6211
 15.348 -0.732 -7.913 40.546 54.667 22.146  0.050 19.515 -3.420
  42.553 39.298 -7.209 -8.352  8.494 13.652  0.000  0.000   0.00
 8 4831518 2 2 4 625053.638725054.6211
 13.985 -1.097-10.563 29.583 42.364 49.055 86.444 51.726  0.388
  31.234 28.856 -8.506-11.469 14.989 34.066 44.561 40.992 -19.50
 8 4831518 0 0 1 225053.638725054.6211
 14.877 -0.267-14.794 27.688 41.346  0.569  0.419  0.000  0.000
   0.000  0.000  0.000  0.000  0.000  0.000  0.000 41.191   0.00
 8 4831518 0 0 1 225053.638725054.6211
 14.530 -0.138-22.011 22.373 35.690  9.127 12.348  0.000  0.000
   0.000  0.000  0.000  0.000  0.000  0.000  0.000 35.157   0.00
 8 4831518 1 1 2 125053.638725054.6211
 12.629  1.025-16.586-11.856 -0.408  1.615  4.832 16.027 -2.892
 -11.126-14.026-16.385-17.183  1.208  0.406  0.000  0.000   0.00
 8108314181618344525059.595725060.5996
 13.885 -0.791 -7.454-26.064-13.104 46.470 71.428-14.101  2.054
 -21.942-29.463 -8.480 -6.607 21.000 25.470 -7.551-16.722  -6.68
 821831441 1 1 2 225070.611325071.6016
 15.819 -0.712-17.845-10.234  4.451  1.909  1.371 48.667  1.139
 -10.146-10.630-17.750-18.274  1.563  0.347  5.106  3.185 -48.40
 821831441 0 0 1 125070.611325071.6016
 14.102 -0.057-11.187-51.767-38.782  1.955  2.486  0.000  0.000
   0.000  0.000  0.000  0.000  0.000  0.000  0.000  0.000   0.00
 821831441 2 3 5 225070.611325071.6016
 11.690  0.564 13.178-19.511 -8.913 20.756  3.497 17.299 -1.383
 -17.821-23.048 12.665 14.250 14.046  6.711 -5.424 -9.437  -8.26
 822831426 0 0 1 325071.601625072.6191
 13.484 -0.127-11.131-38.782-26.051  2.486  2.463  0.000  0.000
   0.000  0.000  0.000  0.000  0.000  0.000  0.000-27.189   0.00
 823831452 2 1 3 725072.619125073.5977
 13.840  0.442-11.002-26.051-13.460  2.463 10.031 -1.650 -0.087
 -24.999-27.189-11.032-10.970  1.279  1.184-12.075-14.085  18.95
 824831422 4 3 71125073.597725074.6211
 14.807 -0.697-11.435-13.460  0.674 10.031 21.560 17.296  0.071
 -12.075-14.085-11.012-11.626  3.118  6.913  1.768 -0.331  -2.32
 824831422 2 1 3 125073.597725074.6211
 13.907 -0.300 -9.866-52.739-39.526  1.260  1.906  6.837 -4.819
 -52.546-57.403 -9.843-10.417  1.210  0.050  0.000  0.000   0.00
 825831454 5 611 625074.621125075.7715
 14.960  0.078-10.723  0.674 16.751 21.560 12.065 14.975  1.786
   1.768 -0.331-10.435-10.987 10.323 11.237 18.314 14.581   5.73
 825831454 0 0 1 125074.621125075.7715
 14.424 -0.033-15.823-48.267-32.807  1.820  2.456  0.000  0.000
   0.000  0.000  0.000  0.000  0.000  0.000  0.000  0.000   0.00
 825831454 0 0 1 125074.621125075.7715
 13.585 -0.240 -7.919-55.845-41.351 22.558 18.432  0.000  0.000
   0.000  0.000  0.000  0.000  0.000  0.000  0.000  0.000   0.00
 826831830 0 0 1 325075.771525076.7656
 15.900 -0.471 -1.629 26.400 41.237  1.394  0.317  0.000  0.000
   0.000  0.000  0.000  0.000  0.000  0.000  0.000 39.797   0.00
 826831830 2 4 6 625075.771525076.7656
 13.264  0.782-10.813 16.751 28.966 12.065  5.084 20.703 -0.090
  18.314 14.581-10.232-11.618  7.012  5.053 31.402 27.791   1.82
 826831830 0 0 1 125075.771525076.7656
 14.885  0.551-15.785-32.807-18.980  2.456  3.259  0.000  0.000
   0.000  0.000  0.000  0.000  0.000  0.000  0.000  0.000   0.00
 826831830 0 0 1 125075.771525076.7656
 14.136  0.390 -7.644-41.351-28.268 18.432 15.926  0.000  0.000
   0.000  0.000  0.000  0.000  0.000  0.000  0.000  0.000   0.00
 827831822 2 1 3 225076.765625077.6016
 15.854 -0.113 -1.161 41.237 53.662  0.317  0.857 -5.031  0.215
  41.506 39.797 -1.184 -1.034  0.267  0.050 54.072 52.184  17.18
 827831822 4 2 6 525076.765625077.6016
 15.679 -0.206-11.591 28.966 41.245  5.084  3.954 22.520 -0.503
  31.402 27.791-10.601-12.068  1.654  3.430 42.538 39.546   5.64
 827831822 0 0 1 125076.765625077.6016
 14.376 -0.052-16.333-18.980 -7.789  3.259  2.624  0.000  0.000
   0.000  0.000  0.000  0.000  0.000  0.000  0.000  0.000   0.00
 827831822 0 0 1 125076.765625077.6016
 14.269 -0.374-20.007-28.522-17.421  1.076  1.288  0.000  0.000
   0.000  0.000  0.000  0.000  0.000  0.000  0.000  0.000   0.00
 827831822 0 0 1 125076.765625077.6016
 13.922 -0.386 -8.032-28.268-17.457 15.926 11.616  0.000  0.000
   0.000  0.000  0.000  0.000  0.000  0.000  0.000  0.000   0.00
 827831822 0 0 1 425076.765625077.6016
 12.847 -0.987 -5.546-19.357 -9.444  0.050  3.254  0.000  0.000
   0.000  0.000  0.000  0.000  0.000  0.000  0.000-11.341   0.00
 828831425 3 1 4 125077.601625078.6055
 12.100 -0.340 -4.722 -9.444  1.737  3.254  0.050 -9.717 -4.259
  -7.129-11.341 -5.117 -4.398  1.466  1.788  0.000  0.000   0.00
 828831425 0 0 1 325077.601625078.6055
 14.381  0.001 -7.709-17.457 -3.982 11.616 16.597  0.000  0.000
   0.000  0.000  0.000  0.000  0.000  0.000  0.000 -6.321   0.00
 829831433 1 2 3 125078.605525079.6074
 13.757  0.168 -7.710 -3.982  8.803 16.597 17.272 48.588 -3.526
  -3.968 -6.321 -7.694-10.339 16.497  0.100  0.000  0.000   0.00
 830831433 0 0 1 125079.607425080.6133
 13.970  0.040 -7.879  8.803 21.864 17.272 10.526  0.000  0.000
   0.000  0.000  0.000  0.000  0.000  0.000  0.000  0.000   0.00
 831831442 0 0 1 125080.613325081.6152
 14.239  0.357 -7.919 21.864 35.168 10.526 13.612  0.000  0.000
   0.000  0.000  0.000  0.000  0.000  0.000  0.000  0.000   0.00
 831831442 1 1 2 225080.613325081.6152
 14.225  0.443 12.475-51.506-38.216  4.806 12.348 -0.547 -0.038
 -51.022-51.905 12.479 12.471  2.172  2.634-37.706-38.521 -14.61
 831831442 0 0 1 725080.613325081.6152
 12.471  0.162  9.183-36.876-25.346  0.169  0.935  0.000  0.000
   0.000  0.000  0.000  0.000  0.000  0.000  0.000-27.495   0.00
 9 1831447 0 0 1 225081.615225082.7520
 13.822  0.359 -8.277 35.168 49.765 13.612  7.057  0.000  0.000
   0.000  0.000  0.000  0.000  0.000  0.000  0.000 49.677   0.00
 9 1831447 5 2 7 425081.615225082.7520
 16.308  0.152  9.347-25.346 -7.923  0.935  6.355 -3.839  0.001
 -24.456-27.495  9.405  9.204  0.661  0.274 -6.325 -9.365   7.94
 9 1831447 1 1 2 325081.615225082.7520
 13.913  0.366 12.920-38.216-23.516 12.348  6.931-15.158 -0.315
 -37.706-38.521 13.055 12.839  4.621  7.728-23.281-23.803  10.74
 9 583151511 8191925085.634825086.6504
 13.553 -0.029  9.651 29.567 42.330 25.613 36.631  5.322  1.018
  31.749 26.194  9.450  9.961 15.551 10.062 46.722 40.259   6.86
 9 5831515 1 2 3 325085.634825086.6504
 14.842  0.413 -8.693-17.439 -3.367  4.122  3.015 13.948  3.138
 -17.397-19.132 -8.682 -9.108  4.022  0.100 -2.930 -7.894 -16.45
 9 5831515 3 4 7 425085.634825086.6504
 14.226  0.006 -9.612-46.990-33.544 20.463  6.546 62.514 -0.197
 -46.776-47.302 -9.207-10.203 12.141  8.322-33.227-33.876 -16.20
 9 5831515 1 1 2 125085.634825086.6504
 14.696  0.379 -0.361-34.721-20.798  7.458  0.104 15.476 -3.380
 -34.699-37.957 -0.355 -1.257  7.408  0.050  0.000  0.000   0.00
 9 6831537 91019 925086.650425087.6523
 15.231 -0.968  9.622 42.330 56.608 36.631 47.117 12.181  0.995
  46.722 40.259  8.687 10.062 11.737 24.894 60.100 52.741   2.31
 9 6831537 2 2 4 425086.650425087.6523
 13.519 -0.536 -9.619-33.544-20.981  6.546 14.161 46.312 -0.367
 -33.227-33.876 -9.292 -9.961  3.350  3.196-20.735-21.300 -43.00
 9 6831537 0 0 1 125086.650425087.6523
 14.047 -0.653-22.169-45.539-32.448  2.484  4.547  0.000  0.000
   0.000  0.000  0.000  0.000  0.000  0.000  0.000  0.000   0.00
 9 6831537 0 0 1 425086.650425087.6523
 12.802  2.247 -6.830-32.826-20.981  0.207 14.161  0.000  0.000
   0.000  0.000  0.000  0.000  0.000  0.000  0.000-21.300   0.00
 9118315 3 0 0 1 325091.627025092.6250
 16.213 -0.224-13.086-54.896-39.708  0.130  4.640  0.000  0.000
   0.000  0.000  0.000  0.000  0.000  0.000  0.000-41.012   0.00
 9128315 0 1 1 2 725092.625025093.6191
 16.015 -1.005 -7.287 40.587 55.525  1.635 14.586 21.965 -1.891
  43.544 39.632 -6.105 -7.670  0.399  1.236 55.867 53.717  -0.72
 9128315 0 2 1 3 925092.625025093.6191
 13.275 -0.128-12.862-39.708-27.493  4.640 16.006-22.513  0.303
 -39.371-41.012-12.999-12.336  3.686  0.955-26.867-28.915  11.63
 913831451 3 6 92025093.619125094.6074
 12.859 -0.353-12.735-27.493-15.749 16.006 60.327-10.881  0.814
 -26.867-28.915-12.852-12.468 11.114  4.893-13.907-16.811   5.54
 91483143513 7201225094.607425095.6230
 13.772 -0.044-12.385-15.749 -2.774 60.327 33.372 -5.344  0.805
 -13.907-16.811-12.553-12.288 22.069 38.259 -0.791 -4.514  -0.07
 915831456 4 812 725095.623025096.7305
 14.519  0.026-12.341 -2.774 12.218 33.372 29.179 -5.411  0.934
  -0.791 -4.514-12.524-12.180 15.598 17.774 13.946  9.401  -9.20
 916831730 3 4 71225096.730525097.7246
 14.383  0.515-12.369 12.218 25.553 29.179 25.984-14.611 -0.338
  13.946  9.401-12.809-11.652 18.089 11.090 26.581 22.533  -7.21
 920831758 1 1 2 225100.748025101.7012
 13.851  0.304 -8.396-21.482 -9.232  7.770  2.370  5.129 -0.036
 -21.291-21.705 -8.378 -8.415  4.176  3.594 -9.128 -9.508  -7.91
 920831758 0 0 1 325100.748025101.7012
 12.767  0.371-15.358-56.110-44.892  3.316  8.178  0.000  0.000
   0.000  0.000  0.000  0.000  0.000  0.000  0.000-45.892   0.00
 921831649 1 1 2 125101.701225102.6934
 14.445  0.032 -8.685 -9.232  4.136  2.370  0.642 -2.779 -0.376
  -9.128 -9.508 -8.690 -8.672  1.722  0.648  0.000  0.000   0.00
 921831649 2 1 3 225101.701225102.6934
 13.009  0.296-15.712-44.892-32.951  8.178  6.630 18.722 -0.350
 -44.065-45.892-15.442-16.038  4.475  3.703-31.570-33.064  -1.10
 922831638 1 1 2 125102.693425103.7324
 14.018  0.181-16.006-32.951-19.419  6.630  3.626 17.621 -1.507
 -31.570-33.064-15.584-16.040  0.501  6.128  0.000  0.000   0.00
 923831734 4 4 81925103.732425104.7285
 14.330  0.064-19.251-49.366-36.058 36.014 72.956  2.964  0.405
 -44.986-52.178-19.037-19.388 14.078 21.936-31.973-39.588   0.94
10 3831626 2 1 3 125113.685525114.7285
 14.468  0.360 19.974-48.941-34.878  6.152  0.223 18.681 -1.963
 -48.338-50.317 19.783 20.411  4.278  1.874  0.000  0.000   0.00
10 483172810 8183825114.728525115.7266
 14.986 -1.037  8.419-41.164-27.183113.073 70.051 17.755  1.579
 -35.289-44.826  6.559  9.579 43.421 69.652-21.216-32.377  -2.27
10 4831728 1 1 2 325114.728525115.7266
 13.508 -0.562 14.714-58.181-45.676  8.773  6.054 21.921 -0.186
 -57.816-58.614 14.572 14.882  4.759  4.013-45.445-46.103 -30.80
10 4831728 0 0 1 325114.728525115.7266
 14.230 -0.707 20.350-34.878-21.653  0.223  2.775  0.000  0.000
   0.000  0.000  0.000  0.000  0.000  0.000  0.000-21.748   0.00
1010831650 3 5 8 625120.701225121.6797
 12.232  1.786-14.946 27.952 38.964 12.109 11.789 14.693 -2.148
  30.600 25.831-14.275-15.483  5.386  6.723 40.667 37.938 -12.89
1010831650 1 3 4 125120.701225121.6797
 13.818  0.536 -7.871  1.926 14.491  3.611  0.359 27.449 -0.541
   2.123  1.638 -7.770 -8.019  2.143  1.468  0.000  0.000   0.00
1010831650 6 6121925120.701225121.6797
 16.624 -0.430 21.653-19.584 -4.271 12.800 19.439 11.700  1.123
 -18.065-20.499 21.361 21.829  4.814  7.986 -3.296 -6.919 -22.12
1010831650 1 5 6 225120.701225121.6797
 14.316 -1.724 13.202 19.048 32.100  9.219 10.733 60.870  0.010
  19.251 18.900 12.847 13.460  3.878  5.341 32.118 31.817   4.63
1010831650 5 3 8 725120.701225121.6797
 15.846 -2.530  6.473 18.502 33.053  6.830  3.659 24.106 -1.768
  19.789 16.533  5.900  7.348  4.131  2.699 33.557 31.842  -8.47
1010831650 7 512 525120.701225121.6797
 13.261 -2.214  7.188 34.467 46.486 27.981 19.008 -3.339  1.071
  36.452 33.558  7.303  7.135  8.793 19.187 49.955 46.377 -22.12
1010831650 2 3 5 225120.701225121.6797
 15.025 -1.900  4.537 46.019 59.766 30.954 37.008-20.593  0.162
  46.817 45.468  4.836  4.331 12.638 18.316 60.195 58.689   0.75
1011831620 1 1 2 125121.679725122.6855
 14.703  1.420-10.108-56.023-42.239  7.495  3.069-35.351 -0.436
 -55.664-56.025-10.359-10.106  0.050  7.445  0.000  0.000   0.00
1011831620 415191325121.679725122.6855
 13.171 -0.595 21.233 -4.271  7.973 19.439 39.741-10.424 -0.653
  -3.296 -6.919 21.400 20.778 14.209  5.229  9.199  6.235   6.52
1011831620 1 1 2 325121.679725122.6855
 14.106  1.263 11.514 32.100 45.284 10.733 11.654 65.498  0.255
  32.118 31.817 11.475 12.122 10.084  0.649 45.308 44.714 -12.34
1011831620 2 5 7 225121.679725122.6855
 14.953  0.990  3.995 33.053 47.089  3.659  2.386 15.640 -1.035
  33.557 31.842  3.854  4.333  2.585  1.074 47.167 47.071 -98.20
1012831627 0 0 1 125122.685525123.6797
 14.425 -0.060-11.535-42.239-28.876  3.069  4.041  0.000  0.000
   0.000  0.000  0.000  0.000  0.000  0.000  0.000  0.000   0.00
1012831627 1 2 3 525122.685525123.6797
 13.729 -0.077 -4.817-50.088-37.416 29.493 20.745  9.051 -0.159
 -49.036-53.239 -4.650 -5.317 22.108  7.385-36.024-40.000   4.91
1012831627 6 7131525122.685525123.6797
 14.835 -0.472 20.635  7.973 21.746 39.741 53.930 -3.903  0.609
   9.199  6.235 20.713 20.524 23.308 16.433 23.195 19.589   6.96
1012831627 2 1 3 225122.685525123.6797
 14.555 -0.244 12.783 45.284 58.777 11.654  8.304 53.154  0.063
  45.308 44.714 12.751 13.524 11.183  0.472 58.782 57.932 -16.88
10188317 5 2 1 3 225128.710925129.8086
 14.999 -0.500 -4.666 29.388 44.762  9.795  6.297 35.229 -1.969
  30.662 27.028 -3.769 -6.327  6.360  3.436 44.771 43.652  27.86
1019831925 1 1 2 125129.808625130.7188
 14.812 -0.283 -4.118 44.762 57.339  6.297  5.821 63.094 -2.466
  44.771 43.652 -4.101 -6.299  6.247  0.050  0.000  0.000   0.00
11 3831719 0 0 1 125144.720725145.7168
 13.978  0.118 16.609-46.165-33.245 13.484 16.022  0.000  0.000
   0.000  0.000  0.000  0.000  0.000  0.000  0.000  0.000   0.00
11 7831611 1 1 2 925148.673825149.6758
 14.263 -0.138-18.489  7.166 20.462  9.110  9.259-63.788  1.098
   7.619  7.160-19.361-18.477  0.124  8.986 21.863 20.263 106.96
11 7831611 0 0 1 225148.673825149.6758
 16.168  0.341-14.949 -5.025 10.179  0.050  4.090  0.000  0.000
   0.000  0.000  0.000  0.000  0.000  0.000  0.000  8.686   0.00
11 7831611 1 2 3 625148.673825149.6758
 14.802 -0.101 -9.734-22.443 -8.607 20.598 12.441 -1.652 -0.083
 -20.750-24.440 -9.782 -9.677 11.145  9.453 -7.336-10.856 -10.94
11 7831611 0 0 1 225148.673825149.6758
 14.352  0.269 16.039  5.771 19.156 26.573  5.087  0.000  0.000
   0.000  0.000  0.000  0.000  0.000  0.000  0.000 18.486   0.00
11 7831611 0 0 1 125148.673825149.6758
 13.826  0.309-17.727-55.704-42.846  0.050  3.222  0.000  0.000
   0.000  0.000  0.000  0.000  0.000  0.000  0.000  0.000   0.00
1210831743 2 2 41125181.738325182.7461
 11.552 -0.758-16.041  4.874 15.525 12.579 19.959  3.223  2.049
   7.266  4.320-15.911-16.071  2.366 10.213 19.062 14.047 -11.22
1210831743 4 4 81125181.738325182.7461
 12.002  2.284-12.976  4.421 15.525  6.463 19.959 33.693  0.154
   4.645  0.605-12.830-15.454  6.105  0.358 19.062 14.047 -41.69
1210831743 0 0 11125181.738325182.7461
 15.527 -1.069-16.354  0.869 15.525  0.181 19.959  0.000  0.000
   0.000  0.000  0.000  0.000  0.000  0.000  0.000 14.047   0.00
1210831743 1 2 3 225181.738325182.7461
 14.958 -0.331  2.866-33.922-19.839  7.023 28.707-24.952 -0.328
 -33.871-37.467  2.890  1.219  6.923  0.100-19.442-22.891   6.52
12178318 8 2 5 7 725188.755925189.7402
 15.310  0.649 -9.530-10.911  3.200 26.717 27.400 -0.824 -1.649
  -8.450-16.928 -9.565 -9.444 18.962  7.755  5.830 -0.988   2.45
1231831810 1 2 3 225202.757825203.9805
 16.202  1.922 13.078 21.974 40.611  0.259 18.481 12.327  1.420
  24.416 21.389 12.558 13.202  0.050  0.209 41.591 37.852 -48.01
