 1 564 026 1 2 3 717901.980517902.7617
 17.153  0.032 -7.121-31.839-19.215  6.217  3.353-14.392 -1.034
 -30.687-33.849 -7.414 -6.609  3.952  2.265-18.817-21.014   5.76
 11464 641 1 1 2 317910.720717911.8945
 12.122 -0.247 12.175  2.359 15.445  8.866 10.856 -5.887  2.789
   2.433 -0.173 12.183 11.920  8.614  0.252 15.684 10.915 -23.40
 12864 741 1 1 2 117924.679717925.7422
 13.966  0.151  7.769 45.269 59.086  3.119  2.545 48.687 -0.466
  45.396 45.086  7.626  7.976  1.844  1.275  0.000  0.000   0.00
 22064 211 3 2 5 517947.908217948.7520
 15.772 -1.290  9.106 -9.393  3.087  6.011  5.810 21.421  0.372
  -7.026-10.719  8.189  9.620  2.158  3.853  4.120 -0.051  -5.74
 22064 211 0 0 1 117947.908217948.7520
 14.316  0.442 -5.075  5.336 16.588  2.653  4.952  0.000  0.000
   0.000  0.000  0.000  0.000  0.000  0.000  0.000  0.000   0.00
 22164 556 3 2 5 917948.752017949.6641
 14.377 -0.192  8.018  3.087 15.293  5.810 10.339 15.681 -0.584
   4.120 -0.051  7.731  8.890  4.372  1.438 17.594 13.869 -10.52
 22164 556 0 0 1 117948.752017949.6641
 15.117  0.130 -5.449 16.588 29.469  4.952  2.557  0.000  0.000
   0.000  0.000  0.000  0.000  0.000  0.000  0.000  0.000   0.00
 22164 556 1 1 2 917948.752017949.6641
 15.890  0.706  6.678-37.900-24.316  2.081 12.104  0.163  1.111
 -35.215-37.966  6.671  6.678  0.050  2.031-22.724-26.341  20.84
 22264 8 4 5 4 9 717949.664117950.7949
 16.048 -0.213  7.321-24.316 -7.271 12.104 22.250 21.000 -1.234
 -22.724-26.341  6.715  8.092  6.778  5.326 -6.229 -8.575   5.80
 22264 8 4 0 0 1 117949.664117950.7949
 13.940  0.135 -5.567 29.469 44.129  2.557  3.434  0.000  0.000
   0.000  0.000  0.000  0.000  0.000  0.000  0.000  0.000   0.00
 22464 026 7 815 117951.980517953.7344
 15.164  0.931  6.946  2.112 26.972 15.083  0.367 -1.028 -4.132
   4.918  0.757  6.996  6.922  4.912 10.171  0.000  0.000   0.00
 22664 623 1 3 4 417953.734417954.7070
 14.231 -0.510  7.671 32.786 45.687 11.505 13.449 -5.948  0.808
  33.372 29.170  7.731  7.297  9.901  1.604 46.419 41.397  10.04
 22764 7 1 2 2 4 417954.707017955.6777
 14.505  0.645  7.174 45.687 58.796 13.449  4.526  4.094 -2.542
  46.419 41.397  7.122  7.479 11.487  1.962 59.592 57.182   9.23
 31964 747 0 0 1 117975.675817976.6660
 13.735 -0.095  9.323-35.501-22.874  5.241  4.778  0.000  0.000
   0.000  0.000  0.000  0.000  0.000  0.000  0.000  0.000   0.00
 32064 8 1 0 0 1 117976.666017977.6836
 14.415 -0.479  9.228-22.874 -9.191  4.778  6.067  0.000  0.000
   0.000  0.000  0.000  0.000  0.000  0.000  0.000  0.000   0.00
 32164 734 0 0 1 117977.683617978.6680
 13.728 -0.125  8.740 -9.191  3.341  6.067  6.110  0.000  0.000
   0.000  0.000  0.000  0.000  0.000  0.000  0.000  0.000   0.00
 32164 734 3 3 6 717977.683617978.6680
 14.505 -0.156  8.752 16.280 29.575  6.023 20.348 13.415  3.068
  16.785 15.167  8.633  9.015  4.144  1.879 31.628 26.863 -13.01
 32764 739 1 2 3 617983.679717984.6914
 14.670 -0.261 -9.498-40.268-26.431  0.913  1.287 23.658  0.624
 -39.887-41.975 -9.334-10.236  0.747  0.167-25.565-28.254  -1.24
 42164 747 5 510 118008.675818009.6738
 16.356  0.202 -9.108-16.006 -0.646  5.661  3.031  1.038 -4.323
 -14.353-18.730 -9.078 -9.157  3.523  2.138  0.000  0.000   0.00
 52964 121 1 2 3 118046.943418047.7500
 14.154 -0.152  5.228-36.175-25.556  1.275  6.898-47.677 -1.836
 -36.017-37.258  5.401  4.043  1.113  0.162  0.000  0.000   0.00
 53064 6 0 0 0 1 118047.750018048.6250
 14.259  0.386  5.106-25.556-13.949  6.898  3.482  0.000  0.000
   0.000  0.000  0.000  0.000  0.000  0.000  0.000  0.000   0.00
 71564 221 1 1 2 318093.902318094.6680
 13.310 -0.280 26.472-21.080-11.643  2.776  3.184-50.582  0.103
 -20.870-21.195 26.701 26.347  0.981  1.794-11.523-11.891  -3.42
 81464 8 0 2 4 6 518123.666018124.7637
 14.877 -0.394  8.130-24.292 -9.044 12.259 10.036 -7.551 -0.461
 -23.047-26.794  8.294  7.802  8.184  4.075 -7.927-11.189  -2.30
 81564 540 1 4 5 418124.763718125.6953
 14.231  0.148  7.698 -9.044  3.296 10.036 10.772 -9.847  1.411
  -7.927-11.189  7.890  7.329  6.599  3.437  5.033  0.306   6.29
 81664 719 2 2 4 118125.695318126.6543
 17.144  0.327  7.836  3.296 18.810 10.772  5.075 -3.553 -4.692
   5.033  0.306  7.943  7.652  6.814  3.958  0.000  0.000   0.00
121364 722 1 1 2 118244.691418245.6699
 14.417 -0.047 -6.750-32.311-19.174  1.464  5.531 14.076 -3.787
 -29.035-32.734 -5.934 -6.855  0.167  1.297  0.000  0.000   0.00
122264 756 0 0 1 118253.668018254.9063
 13.753  0.062 33.730-28.786-12.980  5.088  6.144  0.000  0.000
   0.000  0.000  0.000  0.000  0.000  0.000  0.000  0.000   0.00
122264 756 0 0 1 118253.668018254.9063
 13.788  0.067 32.988-19.160 -3.312  4.766  8.083  0.000  0.000
   0.000  0.000  0.000  0.000  0.000  0.000  0.000  0.000   0.00
122364 215 0 0 1 118254.906318255.6523
 13.193  0.226 33.807-12.980 -3.863  6.144  3.039  0.000  0.000
   0.000  0.000  0.000  0.000  0.000  0.000  0.000  0.000   0.00
122364 215 0 0 1 218254.906318255.6523
 13.036 -0.012 33.071 -3.312  5.688  8.083 11.800  0.000  0.000
   0.000  0.000  0.000  0.000  0.000  0.000  0.000  5.114   0.00
