 1 564 026 1 2 3 717901.980517902.7617
 16.186 -0.268 -7.414 -7.205-30.687-18.817  3.952  2.747 -7.121
 -31.839  6.217  3.353  3.239 -1.034-14.392 -8.635 17.153   0.03
 1 564 026 1 2 3 717901.980517902.7617
 16.902 -0.298 -6.073 -5.840-33.466-21.038  0.166  0.050 -7.121
 -31.839  6.217  3.353  3.239 -1.034-14.392 -8.635 17.153   0.03
 11464 641 1 1 2 317910.720717911.8945
 12.188 -0.134 12.183 12.025  2.433 15.596  8.614 10.072 12.175
   2.359  8.866 10.856  2.561  2.789 -5.887-29.290 12.122  -0.25
 12864 741 1 1 2 117924.679717925.7422
 14.138 -0.043  7.976  7.930 45.086 59.086  1.275  2.545  7.769
  45.269  3.119  2.545  0.466 -0.466 48.687  0.000 13.966   0.15
 12864 741 1 1 2 117924.679717925.7422
 13.846  0.286  7.626  7.930 45.396 59.086  1.844  2.545  7.769
  45.269  3.119  2.545  0.466 -0.466 48.687  0.000 13.966   0.15
 22064 211 3 2 5 517947.908217948.7520
 13.824 -1.057  9.766  8.873-10.880 -0.043  2.219  1.388  9.106
  -9.393  6.011  5.810  3.917  0.372 21.421 15.681 15.772  -1.29
 22064 211 3 2 5 517947.908217948.7520
 14.555 -0.701  7.880  7.289 -6.995  4.458  0.566  1.899  9.106
  -9.393  6.011  5.810  3.917  0.372 21.421 15.681 15.772  -1.29
 22064 211 3 2 5 517947.908217948.7520
 14.233 -1.028  8.156  7.289 -6.723  4.458  1.309  1.899  9.106
  -9.393  6.011  5.810  3.917  0.372 21.421 15.681 15.772  -1.29
 22064 211 0 0 1 117947.908217948.7520
 14.316  0.442 -5.075 -5.449  5.336 16.588  2.653  4.952 -5.075
   5.336  2.653  4.952  0.000  0.000  0.000  0.000 14.316   0.44
 22164 556 3 2 5 917948.752017949.6641
 15.628 -1.013  8.873  7.950 -0.043 13.303  1.388  0.262  8.018
   3.087  5.810 10.339  4.290 -0.584 15.681  5.165 14.377  -0.19
 22164 556 3 2 5 917948.752017949.6641
 16.058 -0.943  9.355  8.496 -0.271 13.466  0.050  0.507  8.018
   3.087  5.810 10.339  4.290 -0.584 15.681  5.165 14.377  -0.19
 22164 556 3 2 5 917948.752017949.6641
 15.722 -0.943  8.607  7.748  3.646 17.077  0.871  0.356  8.018
   3.087  5.810 10.339  4.290 -0.584 15.681  5.165 14.377  -0.19
 22164 556 0 0 1 117948.752017949.6641
 15.117  0.130 -5.449 -5.567 16.588 29.469  4.952  2.557 -5.449
  16.588  4.952  2.557  0.000  0.000  0.000  0.000 15.117   0.13
 22164 556 1 1 2 917948.752017949.6641
 14.230  0.163  6.678  6.827-37.966-25.894  2.031  0.803  6.678
 -37.900  2.081 12.104  2.732  1.111  0.163 21.000 15.890   0.71
 22164 556 1 1 2 917948.752017949.6641
 13.965 -0.067  6.671  6.610-35.215-23.385  0.050  4.249  6.678
 -37.900  2.081 12.104  2.732  1.111  0.163 21.000 15.890   0.71
 22264 8 4 5 4 9 717949.664117950.7949
 14.173  0.028  6.827  6.858-25.894-10.970  0.803  2.259  7.321
 -24.316 12.104 22.250  3.843 -1.234 21.000 26.803 16.048  -0.21
 22264 8 4 5 4 9 717949.664117950.7949
 14.984 -0.166  8.504  8.316-26.641-10.800  3.746  0.597  7.321
 -24.316 12.104 22.250  3.843 -1.234 21.000 26.803 16.048  -0.21
 22264 8 4 5 4 9 717949.664117950.7949
 14.873  0.167  6.820  7.010-21.676 -5.960  0.526  1.644  7.321
 -24.316 12.104 22.250  3.843 -1.234 21.000 26.803 16.048  -0.21
 22264 8 4 5 4 9 717949.664117950.7949
 15.022 -0.239  7.280  7.010-21.844 -5.960  0.818  1.644  7.321
 -24.316 12.104 22.250  3.843 -1.234 21.000 26.803 16.048  -0.21
 22264 8 4 5 4 9 717949.664117950.7949
 14.157 -0.037  6.531  6.489-21.176 -6.270  1.054 10.720  7.321
 -24.316 12.104 22.250  3.843 -1.234 21.000 26.803 16.048  -0.21
 22264 8 4 0 0 1 117949.664117950.7949
 13.940  0.135 -5.567 -5.720 29.469 44.129  2.557  3.434 -5.567
  29.469  2.557  3.434  0.000  0.000  0.000  0.000 13.940   0.14
 22464 026 7 815 117951.980517953.7344
 16.562  0.951  6.910  8.577 -0.339 26.972  0.652  0.367  6.946
   2.112 15.083  0.367  4.132 -4.132 -1.028  0.000 15.164   0.93
 22464 026 7 815 117951.980517953.7344
 16.157  1.130  6.596  8.577  0.372 26.972  1.178  0.367  6.946
   2.112 15.083  0.367  4.132 -4.132 -1.028  0.000 15.164   0.93
 22464 026 7 815 117951.980517953.7344
 16.081  1.116  6.621  8.577  0.504 26.972  1.998  0.367  6.946
   2.112 15.083  0.367  4.132 -4.132 -1.028  0.000 15.164   0.93
 22464 026 7 815 117951.980517953.7344
 15.796  1.198  6.477  8.577  1.005 26.972  3.648  0.367  6.946
   2.112 15.083  0.367  4.132 -4.132 -1.028  0.000 15.164   0.93
 22664 623 1 3 4 417953.734417954.7070
 14.780 -0.817  7.731  6.935 33.372 46.807  9.901  6.371  7.671
  32.786 11.505 13.449  4.187  0.808 -5.948  4.094 14.231  -0.51
 22664 623 1 3 4 417953.734417954.7070
 14.773 -0.518  7.108  6.604 28.472 41.900  1.184  0.805  7.671
  32.786 11.505 13.449  4.187  0.808 -5.948  4.094 14.231  -0.51
 22764 7 1 2 2 4 417954.707017955.6777
 14.100  0.665  8.088  8.733 41.047 53.763  1.157  0.372  7.174
  45.687 13.449  4.526  4.996 -2.542  4.094 13.321 14.505   0.64
 22764 7 1 2 2 4 417954.707017955.6777
 14.171  0.699  6.935  7.612 46.807 59.592  6.371  3.030  7.174
  45.687 13.449  4.526  4.996 -2.542  4.094 13.321 14.505   0.64
 22764 7 1 2 2 4 417954.707017955.6777
 13.965  0.654  7.355  7.989 45.936 58.522  5.116  1.074  7.174
  45.687 13.449  4.526  4.996 -2.542  4.094 13.321 14.505   0.64
 31964 747 0 0 1 117975.675817976.6660
 13.735 -0.095  9.323  9.228-35.501-22.874  5.241  4.778  9.323
 -35.501  5.241  4.778  0.000  0.000  0.000  0.000 13.735  -0.10
 32064 8 1 0 0 1 117976.666017977.6836
 14.415 -0.479  9.228  8.740-22.874 -9.191  4.778  6.067  9.228
 -22.874  4.778  6.067  0.000  0.000  0.000  0.000 14.415  -0.48
 32164 734 0 0 1 117977.683617978.6680
 13.728 -0.125  8.740  8.617 -9.191  3.341  6.067  6.110  8.740
  -9.191  6.067  6.110  0.000  0.000  0.000  0.000 13.728  -0.13
 32164 734 3 3 6 717977.683617978.6680
 14.025 -0.815  8.987  8.185 16.318 29.141  1.404  0.343  8.752
  16.280  6.023 20.348  1.643  3.068 13.415  0.409 14.505  -0.16
 32164 734 3 3 6 717977.683617978.6680
 14.030 -0.451  7.196  6.753 16.222 29.051  0.234  0.050  8.752
  16.280  6.023 20.348  1.643  3.068 13.415  0.409 14.505  -0.16
 32164 734 3 3 6 717977.683617978.6680
 14.113 -0.678  8.170  7.504 17.349 30.259  1.850  0.387  8.752
  16.280  6.023 20.348  1.643  3.068 13.415  0.409 14.505  -0.16
 32164 734 3 3 6 717977.683617978.6680
 13.996 -0.869  9.039  8.185 16.347 29.141  0.890  0.343  8.752
  16.280  6.023 20.348  1.643  3.068 13.415  0.409 14.505  -0.16
 32764 739 1 2 3 617983.679717984.6914
 14.782 -0.466 -9.334 -8.863-39.887-25.937  0.747  0.471 -9.498
 -40.268  0.913  1.287  2.248  0.624 23.658 22.420 14.670  -0.26
 32764 739 1 2 3 617983.679717984.6914
 14.653 -0.424-10.546-10.117-41.968-28.148  0.117  0.314 -9.498
 -40.268  0.913  1.287  2.248  0.624 23.658 22.420 14.670  -0.26
 32764 739 1 2 3 617983.679717984.6914
 14.370 -0.368 -9.513 -9.141-41.991-28.457  0.050  0.050 -9.498
 -40.268  0.913  1.287  2.248  0.624 23.658 22.420 14.670  -0.26
 42164 747 5 510 118008.675818009.6738
 14.996  0.283 -9.026 -9.309-14.647 -0.646  1.155  3.031 -9.108
 -16.006  5.661  3.031  4.323 -4.323  1.038  0.000 16.356   0.20
 42164 747 5 510 118008.675818009.6738
 15.693  0.242 -9.068 -9.309-15.343 -0.646  0.050  3.031 -9.108
 -16.006  5.661  3.031  4.323 -4.323  1.038  0.000 16.356   0.20
 52964 121 1 2 3 118046.943418047.7500
 13.958 -0.365  5.401  5.106-36.017-25.556  1.113  6.898  5.228
 -36.175  1.275  6.898  1.836 -1.836-47.677  0.000 14.154  -0.15
 53064 6 0 0 0 1 118047.750018048.6250
 14.259  0.386  5.106  5.443-25.556-13.949  6.898  3.482  5.106
 -25.556  6.898  3.482  0.000  0.000  0.000  0.000 14.259   0.39
 71564 221 1 1 2 318093.902318094.6680
 13.192 -0.386 26.701 26.406-20.870-11.523  0.981  2.147 26.472
 -21.080  2.776  3.184  0.458  0.103-50.582-54.001 13.310  -0.28
 71564 221 1 1 2 318093.902318094.6680
 13.616  0.077 26.347 26.406-21.195-11.523  1.794  2.147 26.472
 -21.080  2.776  3.184  0.458  0.103-50.582-54.001 13.310  -0.28
 81464 8 0 2 4 6 518123.666018124.7637
 14.753 -0.373  8.300  7.890-23.040 -7.927  8.134  6.599  8.130
 -24.292 12.259 10.036  3.741 -0.461 -7.551 -9.847 14.877  -0.39
 81464 8 0 2 4 6 518123.666018124.7637
 14.533 -0.025  7.273  7.246-24.115 -9.244  0.050  1.351  8.130
 -24.292 12.259 10.036  3.741 -0.461 -7.551 -9.847 14.877  -0.39
 81464 8 0 2 4 6 518123.666018124.7637
 14.622 -0.314  8.550  8.206-26.919-11.951  0.205  0.758  8.130
 -24.292 12.259 10.036  3.741 -0.461 -7.551 -9.847 14.877  -0.39
 81564 540 1 4 5 418124.763718125.6953
 14.512 -0.234  7.171  6.953-12.915 -0.312  1.146  1.764  7.698
  -9.044 10.036 10.772  3.281  1.411 -9.847 -3.553 14.231   0.15
 81564 540 1 4 5 418124.763718125.6953
 14.675  0.010  8.206  8.215-11.951  0.804  0.758  2.194  7.698
  -9.044 10.036 10.772  3.281  1.411 -9.847 -3.553 14.231   0.15
 81664 719 2 2 4 118125.695318126.6543
 15.917  0.707  7.471  8.150  4.474 18.810  2.658  5.075  7.836
   3.296 10.772  5.075  4.692 -4.692 -3.553  0.000 17.144   0.33
121364 722 1 1 2 118244.691418245.6699
 14.850 -0.155 -6.855 -6.704-32.734-19.174  1.297  5.531 -6.750
 -32.311  1.464  5.531  3.787 -3.787 14.076  0.000 14.417  -0.05
122264 756 0 0 1 118253.668018254.9063
 13.753  0.062 33.730 33.807-28.786-12.980  5.088  6.144 33.730
 -28.786  5.088  6.144  0.000  0.000  0.000  0.000 13.753   0.06
122264 756 0 0 1 118253.668018254.9063
 13.788  0.067 32.988 33.071-19.160 -3.312  4.766  8.083 32.988
 -19.160  4.766  8.083  0.000  0.000  0.000  0.000 13.788   0.07
122364 215 0 0 1 118254.906318255.6523
 13.193  0.226 33.807 33.976-12.980 -3.863  6.144  3.039 33.807
 -12.980  6.144  3.039  0.000  0.000  0.000  0.000 13.193   0.23
122364 215 0 0 1 218254.906318255.6523
 13.052 -0.020 33.071 33.056 -3.312  5.700  8.083 11.557 33.071
  -3.312  8.083 11.800  0.000  0.579  0.000 32.083 13.036  -0.01
