 1 251 730 2 4 61213150.686513151.9063
 12.429  0.792-10.889-48.904-34.942 13.370 21.317 20.900  3.307
 -46.556-50.363-10.008-11.436  5.123  8.247-30.318-37.130   3.30
 1 451 5561011212213152.752013153.7295
 13.945  0.799-11.579-20.231 -7.562 17.780 35.947 22.814 -0.522
 -18.012-23.828-10.664-13.061 10.996  6.785 -5.368-10.533   4.12
 12251 026 1 5 6 113170.981413172.6660
 15.038  0.057 -4.743  4.446 28.132  3.869  1.485 -3.615 -3.119
   6.344  3.220 -4.863 -4.666  1.518  2.350  0.000  0.000   0.00
 12451 8 0 8 6141213172.666013173.6475
 14.194 -0.845 -9.267-50.237-37.270 32.929 30.730 27.381  1.071
 -48.386-53.069 -8.320-10.714 19.912 13.017-35.229-40.965  -2.08
 12451 8 0 4 9131513172.666013173.6475
 13.606  0.836  9.951-47.161-34.771 20.171 29.735 17.493  2.288
 -45.796-49.190  9.527 10.581 12.060  8.111-32.685-38.510  -8.55
 12551 827 0 0 1 613173.647513174.7100
 14.706  0.420-11.148-21.931 -7.335  0.585 17.431  0.000  0.000
   0.000  0.000  0.000  0.000  0.000  0.000  0.000 -8.310   0.00
 12551 827 8 4121113173.647513174.7100
 15.145  0.394 -8.438-37.270-22.209 30.730 23.507 25.300  0.741
 -35.229-40.965 -7.483-10.165 19.796 10.933-20.577-26.339  10.47
 12551 827 6 9151513173.647513174.7100
 17.067 -1.363 10.771-34.771-17.665 29.735 15.149  8.945  1.893
 -32.685-38.510 10.448 11.349 19.090 10.645-15.157-22.754   3.81
 12651 656 2 4 6 213174.710013175.7529
 15.284 -0.514-11.595 -7.335  7.575 17.431  2.887-20.695  0.111
  -7.067 -8.310-11.694-11.234 13.666  3.765  8.109  6.714  35.11
 12651 656 7 411 613174.710013175.7529
 16.416 -1.705 -8.856-22.209 -6.117 23.507 12.994 35.767 -5.199
 -20.577-26.339 -7.695-11.796 16.850  6.656 -5.919 -7.656 -17.18
 12651 656 910192413174.710013175.7529
 11.898  0.107  7.640-31.837-20.456 60.649 58.490 10.923  5.474
 -31.192-34.749  7.517  8.197 49.651 10.998-17.395-26.542 -10.12
 12651 656 6 9151513174.710013175.7529
 15.014  0.055  9.322-17.665 -3.036 15.149 20.758 12.751 -0.633
 -15.157-22.754  8.762 10.458 10.148  5.002 -0.837 -7.845  -1.43
 2 351 822 3 3 6 413182.650413183.7393
 13.077  1.191 23.368 31.643 44.808 15.407  1.550 20.871 -2.301
  34.291 29.687 22.441 24.052  6.545  8.862 46.031 43.700  -3.31
 2 451 616 2 4 6 313183.739313184.9355
 14.495  0.171-10.345 20.935 37.107  5.095  9.667 32.218  0.855
  21.005 20.722-10.301-10.477  3.836  1.259 37.130 35.931 -37.54
 2 451 616 0 0 1 113183.739313184.9355
 13.690 -0.146-11.870 12.336 27.546  6.839  0.050  0.000  0.000
   0.000  0.000  0.000  0.000  0.000  0.000  0.000  0.000   0.00
 2 451 616 1 4 5 113183.739313184.9355
 15.428 -0.505-15.348  0.658 17.947  5.587  0.428 14.256 -1.951
   1.327 -0.634-15.184-15.665  3.681  1.905  0.000  0.000   0.00
 2 551 132 1 2 3 213184.935513185.6621
 14.654  0.859-10.549 37.107 47.049  9.667 12.345 -5.318  0.819
  37.130 35.931-10.551-10.442  9.479  0.187 47.056 45.331 -27.01
 21051 834 5 4 9 913189.642613190.9023
 13.948  0.522  8.205-39.442-23.105 24.254 17.083-32.320  0.677
 -37.256-40.410  9.574  7.598  7.445 16.809-20.334-24.740  37.67
 21051 834 31013 813189.642613190.9023
 13.409  0.189  8.993 -6.624  9.034  7.512  6.715 20.715 -0.218
  -5.588 -9.179  8.606  9.948  5.344  2.167 11.526  8.162   1.00
 21151 221 2 2 4 113190.902313191.7393
 13.942  0.693-12.956-52.529-41.682 11.150  2.002-35.672 -0.512
 -52.339-52.766-13.089-12.791  6.192  4.959  0.000  0.000   0.00
 21151 221 1 1 2 213190.902313191.7393
 14.317 -0.413  4.241-23.772-12.611  7.894  0.891 11.745 -0.452
 -23.571-26.184  4.199  4.741  7.289  0.606-12.487-14.695  -6.92
 21151 221 6 3 9 713190.902313191.7393
 15.269  0.228  8.862-23.105-11.147 17.083 13.485  5.352 -2.360
 -20.334-24.740  8.605  9.013  6.339 10.744-10.312-12.293   8.22
 21151 221 2 6 8 113190.902313191.7393
 14.401  0.056  9.232  9.034 20.265  6.715  0.607 21.711 -3.574
  11.526  8.162  8.252  9.575  1.741  4.974  0.000  0.000   0.00
 21151 221 3 3 6 213190.902313191.7393
 14.745  0.097 14.829 11.894 23.413 15.405  1.374  9.115  1.246
  13.665 11.065 14.554 14.958  4.915 10.490 25.527 21.655   0.14
 21251 616 0 0 1 113191.739313192.7354
 14.501 -0.199-13.536-41.682-28.208  2.002  1.978  0.000  0.000
   0.000  0.000  0.000  0.000  0.000  0.000  0.000  0.000   0.00
 21251 616 1 1 2 113191.739313192.7354
 14.514 -0.398  3.895-12.611  0.876  0.891  8.768  4.826 -2.210
 -12.487-14.695  3.884  4.070  0.841  0.050  0.000  0.000   0.00
 21251 616 0 0 1 113191.739313192.7354
 16.592 -0.553  9.278 20.265 35.823  0.607  0.277  0.000  0.000
   0.000  0.000  0.000  0.000  0.000  0.000  0.000  0.000   0.00
 22051 818 1 4 5 213199.653313200.9814
 11.459 -0.044 11.255 41.580 55.493  9.296  3.932 24.956 -0.538
  41.659 40.644 11.219 11.682  8.577  0.719 55.499 55.050  13.11
 3 751 647 3 0 3 113214.716813215.9180
 11.382 -0.123-14.679  8.898 21.393  2.108  4.152-12.021-53.821
  54.417  0.000 11.209  0.000  4.248  1.000  0.000  0.000   0.00
 3 851 157 0 0 1 113215.918013216.7412
 14.572 -0.708-14.531 21.393 32.586  4.152  0.617  0.000  0.000
   0.000  0.000  0.000  0.000  0.000  0.000  0.000  0.000   0.00
 3 851 157 2 1 3 213215.918013216.7412
 13.079 -0.027 12.661-42.650-32.688 13.985 10.167 33.933  0.596
 -42.642-44.966 12.656 14.181 13.935  0.050-32.672-35.977 -19.58
 31451 740 2 1 3 513221.679713222.6377
 13.391  0.716 -4.413  9.261 21.143  2.868  2.053 29.923 -1.103
  10.384  8.361 -3.769 -4.930  1.277  1.591 21.961 21.055  12.58
 31451 740 1 1 2 513221.679713222.6377
 14.993 -0.115 -4.708 18.758 32.175  2.776  1.099 71.388 -0.038
  18.768 18.560 -4.681 -5.297  2.653  0.123 32.411 31.888 -39.69
 31451 740 1 1 2 213221.679713222.6377
 14.042 -0.613 12.438 32.146 44.651 15.739 10.881 50.318  0.982
  32.266 30.328 12.296 14.577 14.763  0.976 44.669 40.768 -35.73
 31551 841 4 1 5 213222.637713223.7324
 14.481  0.221 -5.098 21.143 35.926  2.053  3.329 42.507  0.653
  21.961 21.055 -4.352 -5.179  0.200  1.853 37.473 35.902  -8.96
 31551 841 1 4 5 213222.637713223.7324
 15.281 -0.196 -4.599 32.175 47.833  1.099  0.597 31.701 -0.217
  32.411 31.888 -4.454 -4.775  0.604  0.496 47.862 47.506  -5.77
 31551 841 1 1 2 213222.637713223.7324
 14.195  0.262 11.850 44.651 59.120 10.881  5.544 14.585 -0.964
  44.669 40.768 11.846 12.839 10.831  0.050 59.146 56.244   3.29
 31651 624 1 1 2 113223.732413224.6797
 14.394  0.620 -5.340 35.926 48.629  3.329  2.011 33.551 -1.877
  37.473 35.902 -4.318 -5.356  0.050  3.279  0.000  0.000   0.00
 31951 622 1 1 2 413226.734413227.7529
 13.715 -0.832 12.597-42.333-29.372 93.535 98.643  9.966 -0.311
 -41.051-42.453 12.377 12.618  7.973 85.562-29.008-30.047 -29.44
 31951 622 2 2 4 313226.734413227.7529
 12.851 -0.187 10.156 34.342 46.423  4.957  3.132-18.801  1.285
  34.931 32.598 10.353  9.572  3.706  1.251 49.198 45.503   7.61
 32051 555 2 2 4 313227.752913228.7021
 14.962  0.731 11.750-29.372-16.103 98.643 48.351-19.479 -0.021
 -29.008-30.047 11.876 11.516 64.067 34.575-15.502-16.544  35.39
 32051 555 0 0 1 213227.752913228.7021
 14.965  1.211  3.194-46.131-32.859 16.660 18.921  0.000  0.000
   0.000  0.000  0.000  0.000  0.000  0.000  0.000-35.166   0.00
 32051 555 1 2 3 113227.752913228.7021
 13.346 -0.774  9.966 46.423 58.159  3.132  0.050-11.189 -3.710
  49.198 45.503 10.506  9.787  0.780  2.352  0.000  0.000   0.00
 32151 7 8 1 2 3 313228.702113229.8047
 13.291  0.102 12.444-16.103 -2.531 48.351 74.443 15.907  0.427
 -15.502-16.544 12.277 12.567 20.474 27.877 -2.181 -3.346 -55.94
 32151 7 8 1 1 2 113228.702113229.8047
 13.934 -0.072  4.344-32.859-18.578 18.921 21.790 24.965 -2.544
 -32.853-35.166  4.341  5.415 18.871  0.050  0.000  0.000   0.00
 32151 7 8 0 0 1 313228.702113229.8047
 16.155 -0.855 13.496-57.191-40.461  5.715  9.630  0.000  0.000
   0.000  0.000  0.000  0.000  0.000  0.000  0.000-43.364   0.00
 32251 440 0 0 1 613229.804713230.7002
 15.043  0.310  4.265-18.578 -5.993 21.790 29.944  0.000  0.000
   0.000  0.000  0.000  0.000  0.000  0.000  0.000 -6.261   0.00
 32251 440 2 1 31113229.804713230.7002
 14.673 -0.007 12.557 -2.531  9.723 74.443146.801-40.029  0.180
  -2.181 -3.346 12.844 11.888 52.108 22.335 10.292  8.917   3.75
 32351 711 2 4 61213230.700213231.6074
 14.913  1.105  4.542 -5.993  6.649 29.944 32.642-65.986  0.232
  -4.150 -6.261  8.665  3.942  3.804 26.141  8.106  5.839   0.68
 32351 711 5 611 813230.700213231.6074
 13.378 -0.115 12.551  9.723 20.972146.801104.268-36.280 -0.239
  10.292  8.917 12.959 11.973 86.046 60.755 21.385 20.402 -11.38
 32351 711 6 2 81213230.700213231.6074
 14.005  0.224 -9.663 17.859 29.677 11.396 31.919 25.166 -0.171
  20.434 16.686 -8.470-10.206  3.565  7.832 32.223 28.487  -5.42
 32451 924 8 4121213231.607413232.6602
 16.148 -1.059 -9.867 29.677 45.630 31.919 51.221 19.748  1.334
  32.223 28.487 -8.966-10.288 10.164 21.755 47.355 42.399   1.20
 32451 924 5 5102013231.607413232.6602
 13.364 -0.242  9.094-50.063-37.039 45.491 32.449  8.698  0.335
 -49.118-53.157  8.952  9.562 34.846 10.645-35.273-39.671  -2.65
 32451 924 7 512 613231.607413232.6602
 14.184  0.683  5.545  6.649 20.536 32.642 19.521-65.304  0.139
   8.106  5.839  8.700  3.791 11.666 20.975 21.320 19.896  -9.89
 32451 924 5 3 8 913231.607413232.6602
 14.067 -0.140 12.446 20.972 34.737104.268131.551-47.661  0.347
  21.385 20.402 12.889 11.835 60.484 43.784 35.102 33.775   4.67
 32751 928 2 810 213234.604513235.6816
 14.823 -0.717  8.676-10.736  4.159 13.683  5.638 24.467 -1.465
 -10.061-12.217  8.372  9.341  9.397  4.287  4.358  3.964  39.07
 32751 928 1 1 2 613234.604513235.6816
 14.172  0.034-13.064-40.273-26.079  0.200  4.125-35.817  1.538
 -39.516-40.526-13.597-12.886  0.050  0.150-23.496-26.321  37.00
 32751 928 0 0 1 113234.604513235.6816
 13.932  0.064  3.309 45.415 59.352 13.855 11.476  0.000  0.000
   0.000  0.000  0.000  0.000  0.000  0.000  0.000  0.000   0.00
 32851 739 3 3 6 613235.681613236.7402
 15.243  0.436-13.100-26.079-10.979  4.125  5.175  1.182  1.657
 -23.496-26.321-13.048-13.105  0.354  3.771 -8.084-12.543   9.35
 32851 739 1 1 2 513235.681613236.7402
 13.709 -0.814  7.904  4.159 17.635  5.638 16.321 63.532 -0.354
   4.358  3.964  7.509  8.293  2.794  2.843 17.810 17.448 -16.95
 4 151 9 7 1 1 2 613239.620113240.7344
 14.633  0.126-16.208-43.651-28.440  8.199  5.828  5.195  3.118
 -43.237-43.801-16.171-16.221  2.177  6.023-25.142-28.954  -2.32
 4 751 721 1 1 2 213245.693413246.6211
 12.357  0.748-19.453 34.114 44.664  5.418 12.176 38.088  4.365
  34.205 33.880-19.385-19.625  3.897  1.521 45.862 41.222 -14.50
 4 751 721 1 3 4 513245.693413246.6211
 15.677  0.345 -9.433-36.651-23.021 10.696 13.387 15.751 -3.194
 -35.369-39.556 -9.076-10.241  7.421  3.275-22.710-23.756   4.48
 4 751 721 0 0 1 113245.693413246.6211
 14.385  0.929 -8.565-46.884-34.452  1.374  1.679  0.000  0.000
   0.000  0.000  0.000  0.000  0.000  0.000  0.000  0.000   0.00
 4 751 721 0 0 1 113245.693413246.6211
 13.348 -0.761 12.927-10.940  0.529  2.389  3.184  0.000  0.000
   0.000  0.000  0.000  0.000  0.000  0.000  0.000  0.000   0.00
 4 751 721 710171213245.693413246.6211
 12.632 -0.095 13.265 19.467 30.273 51.008 73.060 14.759  0.403
  20.992 15.812 12.874 14.202 35.994 15.014 33.197 27.581  -1.56
 4 851 9 4 1 4 5 413246.621113247.6123
 14.538 -0.142 -9.753-23.021 -9.591 13.387  2.670 20.235 -0.338
 -22.710-23.756 -9.640-10.020  9.415  3.972 -9.423 -9.815  39.24
 4 851 9 4 0 0 1 213246.621113247.6123
 11.598 -0.386 -9.426-34.452-23.935  1.679  5.606  0.000  0.000
   0.000  0.000  0.000  0.000  0.000  0.000  0.000-27.312   0.00
 4 851 9 4 2 2 4 113246.621113247.6123
 15.612 -0.419 -2.545-56.323-41.829 11.073  4.331  2.462 -4.305
 -56.011-60.317 -2.531 -2.716 10.272  0.801  0.000  0.000   0.00
 4 851 9 4 0 0 1 213246.621113247.6123
 14.290  0.452 12.221  0.529 13.713  3.184  0.753  0.000  0.000
   0.000  0.000  0.000  0.000  0.000  0.000  0.000 13.460   0.00
 4 851 9 4 7 5121013246.621113247.6123
 12.080  0.904 13.177 30.273 41.267 73.060 54.569 13.202  0.144
  33.197 27.581 12.509 13.792 35.017 38.042 45.676 39.880  -0.62
 4 951 918 3 1 4 813247.612313248.8779
 12.772  0.441 -9.612 -9.591  5.322  2.670  5.266 59.470  1.494
  -9.423 -9.815 -9.332 -9.986  1.526  1.143  6.332  4.131 -75.50
 4 951 918 1 1 2 313247.612313248.8779
 15.351  0.160 -9.044-23.935 -5.759  5.606  1.663 11.724 -4.054
 -22.631-27.312 -8.777 -9.736  4.044  1.562 -5.270 -5.928 -24.59
 4 951 918 0 0 1 213247.612313248.8779
 14.543  0.492 -2.129-41.829-24.675  4.331 10.779  0.000  0.000
   0.000  0.000  0.000  0.000  0.000  0.000  0.000-25.300   0.00
 4 951 918 1 1 2 113247.612313248.8779
 13.765  0.125 12.669 13.713 29.882  0.753  1.277 39.905 -0.396
  13.772 13.460 12.621 12.875  0.611  0.142  0.000  0.000   0.00
 4 951 918 8 2101213247.612313248.8779
 13.332  0.314 14.073 41.267 56.889 54.569 24.237 12.578 -2.058
  45.676 39.880 13.119 14.373 13.061 41.508 59.444 55.712  -0.08
 41051 255 4 3 71013248.877913249.6113
 15.138  0.467 -8.441 34.540 44.928  3.740  4.442-15.738  0.304
  35.314 32.994 -8.657 -8.011  2.492  1.248 45.854 43.135  16.67
 41051 255 3 5 81213248.877913249.6113
 14.093 -0.225-10.170  5.322 14.943  5.266 13.837-16.030  1.145
   6.332  4.131-10.456 -9.834  2.850  2.416 16.366 13.434  47.86
 41051 255 1 2 3 313248.877913249.6113
 14.540 -0.073 -9.247 -5.759  4.190  1.663  1.894-12.864 -0.038
  -5.270 -5.928 -9.357 -9.209  0.427  1.236  4.446  3.888  41.70
 41051 255 1 1 2 113248.877913249.6113
 14.841 -0.537 -2.751-24.675-14.505 10.779  0.050-10.777 -0.799
 -24.514-25.300 -2.782 -2.632  8.570  2.209  0.000  0.000   0.00
 41051 255 0 0 1 113248.877913249.6113
 14.123 -0.261 12.828 29.882 39.525  1.277  0.050  0.000  0.000
   0.000  0.000  0.000  0.000  0.000  0.000  0.000  0.000   0.00
 41051 255 1 2 3 213248.877913249.6113
 15.801  0.691 10.392-40.388-29.514  0.244  3.036 19.077 -3.612
 -38.601-42.961  9.784 11.268  0.144  0.100-28.886-29.823 -12.85
 41151 918 7 5121013249.611313250.6445
 13.694  0.154-10.005 14.943 28.065 13.837 23.785 31.828 -0.013
  16.366 13.434 -9.135-10.927  7.121  6.717 29.724 27.071   7.69
 41151 918 1 2 3 413249.611313250.6445
 13.525  0.865 -9.193  4.190 17.139  1.894  2.572 28.833  2.567
   4.446  3.888 -9.054 -9.358  1.026  0.868 18.443 15.690 -60.82
 41451 839 817253813252.638713253.6133
 14.318  0.018 12.870-52.756-39.767167.960123.115 -1.874  0.616
 -48.727-55.919 12.999 12.769 73.884 94.076-36.812-44.371  16.93
 41551 9161424382113253.613313254.9053
 13.943 -0.519 12.888-39.767-23.022123.115 86.688 15.054  0.252
 -36.812-44.371 12.113 14.095 74.989 48.125-18.716-26.767 -11.68
 42151 941142236 913259.596713260.7559
 15.353 -1.272 11.943-10.429  6.223120.024  5.907  9.634-83.921
  47.480-41.344  0.595-14.156 30.962 21.285  8.395  4.311   8.38
 5 151 9 5 2 1 3 813269.621113270.5879
 16.034  0.137-17.419  4.474 19.030  1.897  9.200 23.213  2.297
   4.682  2.458-17.334-18.244  1.719  0.177 20.134 15.309 -20.47
 5 151 9 5 0 0 1 113269.621113270.5879
 12.523 -0.380-12.030 -0.724 10.436  3.313  1.216  0.000  0.000
   0.000  0.000  0.000  0.000  0.000  0.000  0.000  0.000   0.00
 5 151 9 5 1 1 2 113269.621113270.5879
 13.821 -0.104 -6.966 34.357 46.774 10.780 13.922 43.539 -0.452
  34.359 34.029 -6.965 -7.276 10.730  0.050  0.000  0.000   0.00
 5 151 9 5 4 1 5 413269.621113270.5879
 14.093 -0.042 -4.712 45.206 57.886  4.255  1.080  5.945 -0.602
  46.831 45.056 -4.544 -4.728  0.361  3.894 58.600 57.568 -35.05
 5 251 952 4 4 8 913270.587913271.5928
 14.219  0.445-17.551 19.030 32.318  9.200 28.492  2.743  1.518
  20.134 15.309-17.501-17.721  7.095  2.105 34.471 28.032  -2.83
 5 251 952 0 0 1 113270.587913271.5928
 14.080  0.759 -6.865 46.774 59.922 13.922 13.613  0.000  0.000
   0.000  0.000  0.000  0.000  0.000  0.000  0.000  0.000   0.00
 5 351 946 5 4 91913271.592813272.6230
 11.999 -0.182-17.998 32.318 43.668 28.492 16.303 -0.085 -0.437
  34.471 28.032-18.001-17.992 18.968  9.524 47.663 41.691  -0.52
 5 451 9 311 819 313272.623013273.9238
 12.370  0.152-17.811 43.668 58.475 16.303  7.202 -0.607 -5.213
  47.663 41.691-17.851-17.791  5.397 10.907 58.787 58.390 -36.45
 51151 949 3 1 4 613279.589813280.6563
 14.610  0.178-10.005 -6.663  7.860  7.698  1.746-28.859  1.514
  -5.585 -6.862-10.591 -9.897  1.197  6.502 10.082  7.237  47.21
 51151 949 0 0 1 113279.589813280.6563
 14.168 -0.086  7.243-24.570-10.518  9.606 16.861  0.000  0.000
   0.000  0.000  0.000  0.000  0.000  0.000  0.000  0.000   0.00
 51151 949 311143513279.589813280.6563
 11.480 -0.628 13.776-54.725-43.538167.506266.195 -5.626  2.344
 -51.163-56.709 14.117 13.586 59.912107.594-41.097-48.942  -4.30
 51251 815 0 0 1 113280.656313281.6230
 14.210  0.106  7.151-10.518  2.265 16.861 15.098  0.000  0.000
   0.000  0.000  0.000  0.000  0.000  0.000  0.000  0.000   0.00
 51251 815 3 4 7 913280.656313281.6230
 11.999 -0.213  0.998-51.920-41.273 11.505 19.265 -4.022  2.068
 -49.291-54.068  1.183  0.847  5.173  6.332-36.311-43.167   3.79
 51251 8151421353513280.656313281.6230
 12.191  0.127 13.107-43.538-32.706266.195185.078 -9.926  0.310
 -41.097-48.942 13.523 12.186183.364 82.831-28.951-37.237  10.00
 51351 9 3 5 4 9 413281.623013282.7637
 12.338 -0.671  0.792-41.273-28.320 19.265  6.781 -0.235 -4.180
 -36.311-43.167  0.812  0.784  5.322 13.943-26.666-28.357 -50.58
 51351 9 31520354113281.623013282.7637
 14.626 -0.448 13.229-32.706-17.143185.078298.200  0.070 -0.320
 -28.951-37.237 13.225 13.235101.196 83.882-13.218-21.135   4.43
 51351 9 3 2 2 4 813281.623013282.7637
 15.286 -0.507  8.165-16.068  0.248  1.608  5.064-11.324  1.911
 -15.699-16.845  8.239  8.011  1.090  0.518  0.906 -2.157   3.08
 51351 9 3 0 0 1 513281.623013282.7637
 14.136 -0.388  7.253  2.265 17.270 15.098 26.116  0.000  0.000
   0.000  0.000  0.000  0.000  0.000  0.000  0.000 11.186   0.00
 51451 539 1 3 4 613282.763713283.6357
 15.400  1.138 -0.027-28.320-15.747  6.781  3.229-50.811  0.079
 -26.666-28.357  2.002 -0.072  0.148  6.633-15.010-16.673  -2.05
 51451 539 2 1 31113282.763713283.6357
 14.717 -1.153 11.547-51.677-39.699  6.380 17.445-78.817  1.357
 -51.665-51.719 11.607 11.338  4.975  1.405-38.907-40.203 117.43
 51451 5391427413913282.763713283.6357
 14.269 -0.375 12.718-17.143 -5.557298.200247.054  4.498  0.578
 -13.218-21.135 12.417 13.024150.356147.844 -1.470 -9.977  -8.02
 51451 539 4 4 8 113282.763713283.6357
 15.805 -0.482  7.587  0.248 13.174  5.064  1.756 -8.246 -3.068
   0.906 -2.157  7.682  7.242  3.976  1.089  0.000  0.000   0.00
 51451 539 2 3 5 113282.763713283.6357
 14.386 -0.105  6.811 17.270 28.958 26.116 16.105 27.504 -7.185
  17.604 11.186  6.638  9.956 24.755  1.361  0.000  0.000   0.00
 51551 843 3 3 6 713283.635713284.6045
 13.277 -0.306  1.019-15.747 -3.848  3.229  2.098-52.858 -0.662
 -15.010-16.673  1.993 -0.203  1.798  1.431 -3.607 -5.111  96.94
 51551 843 5 6111113283.635713284.6045
 13.735  0.838 10.542-39.699-27.357 17.445 19.392 38.615 -0.100
 -38.907-40.203  9.920 10.938  6.783 10.663-26.202-27.617 -13.58
 51551 843 0 0 1 113283.635713284.6045
 15.842 -0.167  7.167 13.174 27.555  1.756  1.777  0.000  0.000
   0.000  0.000  0.000  0.000  0.000  0.000  0.000  0.000   0.00
 51551 843 0 0 1 113283.635713284.6045
 14.309 -0.362  6.719 28.958 41.856 16.105 20.590  0.000  0.000
   0.000  0.000  0.000  0.000  0.000  0.000  0.000  0.000   0.00
 51651 930 5 611 913284.604513285.6934
 14.555 -0.052 11.353-27.357-12.571 19.392 13.610 25.038  0.040
 -26.202-27.617 10.825 11.472  3.563 15.829-11.622-13.079 -49.64
 51651 930 0 0 1 113284.604513285.6934
 14.543  0.182  6.369 41.856 56.629 20.590 11.645  0.000  0.000
   0.000  0.000  0.000  0.000  0.000  0.000  0.000  0.000   0.00
 51751 721 1 2 3 213285.693413286.6729
 13.525  0.661-14.138-52.160-39.881 24.082 36.703  5.426 -0.323
 -51.916-53.354-14.116-14.248 19.990  4.092-39.840-40.953  -1.45
 51751 721 2 2 4 213285.693413286.6729
 14.350  1.640 -6.177-15.584 -2.497  4.081  0.579 67.087  0.187
 -15.311-15.925 -5.536 -6.980  2.270  1.812 -0.987 -2.563 -39.98
 51751 721 1 4 52313285.693413286.6729
 14.075 -0.166 21.161-58.031-45.214 28.669 62.229-18.524  1.117
 -56.657-59.922 21.590 20.570 16.605 12.063-44.135-48.418  -4.00
 51751 721 5 4 9 613285.693413286.6729
 14.750 -0.481 11.297-12.571  0.907 13.610  5.072-24.604 -0.358
 -11.622-13.079 11.723 11.069  4.744  8.866  1.410  0.179  20.59
 51751 7212343666813285.693413286.6729
 13.681 -0.086 13.232 21.379 33.811304.035328.469 11.658  2.080
  25.630 17.680 12.378 13.975141.485162.551 38.698 28.513  -5.14
 51851 751 1 1 2 313286.672913287.6553
 14.646 -0.344-14.786-39.881-26.457 36.703 50.603  3.976  0.537
 -39.840-40.953-14.783-14.858 35.355  1.347-26.387-28.034   5.25
 51851 751 3 3 6 513286.672913287.6553
 14.949 -0.125-13.934-51.769-38.048  3.747  3.674 27.983  1.277
 -51.533-54.653-13.812-15.421  3.463  0.284-37.235-41.674  -4.31
 51851 751 51823 913286.672913287.6553
 14.700  0.202 20.998-45.214-31.737 62.229 54.241-22.524  1.898
 -44.135-48.418 21.416 19.758 46.559 15.670-29.886-35.925  -2.74
 51851 751 3 3 6 213286.672913287.6553
 14.079 -0.104 10.825  0.907 13.774  5.072  6.103 -4.014 -0.484
   1.410  0.179 10.860 10.775  3.000  2.071 14.481 13.752  -6.67
 51851 751 1 1 2 613286.672913287.6553
 14.908 -0.452  4.725 28.780 42.461  6.090 12.799-89.265 -0.059
  28.790 28.780  5.503  4.691  0.259  5.832 42.545 42.241 155.55
 51951 815 1 2 3 313287.655313288.6240
 13.629  0.693-14.448-26.457-14.216 50.603 53.066  9.222  0.109
 -26.387-28.034-14.437-14.696 48.466  2.137-12.795-14.234 -45.52
 51951 815 3 2 52113287.655313288.6240
 13.158  0.971-13.810-38.048-26.263  3.674 45.801 23.673 -0.582
 -37.235-41.674-13.464-15.354  3.001  0.673-24.093-28.026  -0.87
 51951 815 0 0 1 213287.655313288.6240
 13.078 -0.223 20.496-59.434-47.727  2.129  4.777  0.000  0.000
   0.000  0.000  0.000  0.000  0.000  0.000  0.000-47.801   0.00
 51951 815 2 7 92613287.655313288.6240
 13.588 -0.441 21.197-31.737-19.537 54.241 73.131-25.265 -0.009
 -29.886-35.925 22.012 19.354 37.613 16.628-16.991-23.580  17.56
 51951 815 1 1 2 313287.655313288.6240
 13.854 -0.218 10.723 13.774 26.232  6.103  2.887-10.684 -0.272
  14.481 13.752 10.855 10.719  0.179  5.924 26.626 26.183  28.63
 51951 815 2 4 6 413287.655313288.6240
 14.246 -0.487  4.281 42.461 55.299 12.799  2.628 66.285  1.466
  42.545 42.241  4.092  4.782  9.284  3.515 55.629 53.416 -60.35
 52051 9 1 2 1 3 513288.624013289.7939
 14.319  0.099-15.118-14.216  1.387 53.066 24.976-36.301  0.254
 -12.795-14.234-16.126-15.106  0.658 52.408  3.306  1.312  22.96
 52051 9 112 9211513288.624013289.7939
 14.058  0.236-14.750-26.263-10.966 45.801 22.170 22.807  2.622
 -24.093-28.026-13.868-15.467 20.528 25.274 -7.096-14.000 -13.97
 52051 9 1 0 0 1 113288.624013289.7939
 13.619  0.282 -6.210-54.707-39.924  9.644  5.903  0.000  0.000
   0.000  0.000  0.000  0.000  0.000  0.000  0.000  0.000   0.00
 52051 9 1 1 1 2 113288.624013289.7939
 13.426 -0.281 20.279-47.727-33.169  4.777  2.716-32.656 -0.254
 -47.574-47.801 20.372 20.235  1.554  3.223  0.000  0.000   0.00
 52051 9 1 3 1 4 713288.624013289.7939
 13.758  0.167 15.891-31.291-16.344  1.906 41.010 43.177 -0.201
 -30.754-32.596 15.407 17.070  1.350  0.555-15.313-17.013  -0.28
 52051 9 1 719261013288.624013289.7939
 11.811 -0.596 20.770-19.537 -6.869 73.131 49.410 -7.710  0.830
 -16.991-23.580 21.093 20.258 44.877 28.254 -2.096 -9.514  -0.95
 52051 9 1 2 1 3 113288.624013289.7939
 13.482  0.146 10.512 26.232 40.856  2.887  0.251 17.943 -0.457
  26.626 26.183 10.387 10.528  0.321  2.566  0.000  0.000   0.00
 52151 456 4 1 5 213289.793913290.6699
 13.278  0.163-15.234  1.387 12.153 24.976 15.295-13.338 -1.167
   3.306  1.312-15.673-15.216  0.946 24.030 12.468 11.628  10.69
 52151 456 7 8152713289.793913290.6699
 13.822 -0.390-15.026-10.966  0.276 22.170 37.840  8.839  0.174
  -7.096-14.000-14.445-15.482  9.744 12.426  5.288 -1.691   3.91
 52151 456 0 0 1 313289.793913290.6699
 14.549 -0.766 -6.539-39.924-28.046  5.903 12.133  0.000  0.000
   0.000  0.000  0.000  0.000  0.000  0.000  0.000-28.200   0.00
 52151 456 0 0 1 213289.793913290.6699
 15.261  0.593 19.951-33.169-20.667  2.716  1.952  0.000  0.000
   0.000  0.000  0.000  0.000  0.000  0.000  0.000-20.676   0.00
 52151 456 5 5103713289.793913290.6699
 13.816 -1.271 20.073 -6.869  4.367 49.410148.176 -8.661  3.243
  -2.096 -9.514 20.756 19.695 17.617 31.793 10.232 -0.248  -6.94
 52251 755 1 1 2 213290.669913291.5811
 14.910 -0.224-15.376 12.153 24.850 15.295 39.286 -2.643  0.036
  12.468 11.628-15.390-15.353  9.554  5.741 25.088 24.211   1.45
 52251 7551314272413290.669913291.5811
 15.283 -0.551-14.685  0.276 13.314 37.840 29.595 12.751  0.327
   5.288 -1.691-13.587-15.115 10.665 27.175 17.911 10.575  -1.66
 52251 755 1 2 3 113290.669913291.5811
 14.593  0.468 -5.869-28.046-15.637 12.133 10.092 59.026 -0.354
 -28.017-28.200 -5.822 -6.125 10.252  1.880  0.000  0.000   0.00
 52251 755 829373813290.669913291.5811
 15.211  0.594 18.960  4.367 17.339148.176160.622-15.602  0.766
  10.232 -0.248 20.509 17.741 65.254 82.921 21.946 10.600   0.91
 5235110 3 81624 213291.581113292.5830
 12.296  1.215-14.182 13.314 24.649 29.595 10.540 11.092 -6.315
  17.911 10.575-13.308-14.702 11.050 18.545 24.712 23.750  -5.24
 5255110 9 3 5 8 213293.576213294.5742
 17.327  0.335-13.730 40.976 57.285  5.543  0.158  4.763 -7.799
  43.408 35.035-13.533-14.211  3.933  1.610 57.381 57.240  63.20
 5255110 9 1 1 2 213293.576213294.5742
 14.649  0.290 -6.764 10.700 24.337  3.037  7.443-18.474 -0.455
  10.804 10.126 -6.798 -6.573  2.573  0.465 24.358 24.279 -53.49
 5255110 9 1 5 6 313293.576213294.5742
 14.908 -0.028-19.861-30.840-16.945 73.704 83.218 -8.181 -1.481
 -30.423-33.059-19.917-19.561 62.047 11.657-16.728-17.804  16.75
 526511012 1 1 2 213294.574213295.6338
 14.566  0.161 -7.054 24.337 38.730  7.443  8.312-71.968  0.086
  24.358 24.279 -7.119 -6.877  5.450  1.992 38.811 38.618  16.07
 526511012 1 2 3 613294.574213295.6338
 13.088  0.151-19.833-16.945 -4.118 83.218 37.320  8.565  2.006
 -16.728-17.804-19.802-19.955 66.426 16.792 -3.613 -6.649  11.12
 52751 846 1 1 2 213295.633813296.5684
 14.461  0.211 -7.224 38.730 51.317  8.312  3.105-55.901  0.083
  38.811 38.618 -7.343 -7.061  4.808  3.504 51.565 51.313   1.94
 52751 846 2 4 6 313295.633813296.5684
 15.321  0.305-19.993 -4.118  9.274 37.320 40.523 19.684 -0.264
  -3.613 -6.649-19.823-20.843 31.112  6.208  9.280  6.458 -36.55
 52751 846 2 3 5 713295.633813296.5684
 14.009  0.119 13.264-47.483-35.318 11.787 29.557  8.712 -1.300
 -46.539-49.633 13.123 13.584  8.190  3.597-34.625-36.411  -2.77
 528511022 0 0 1 113296.568413297.5625
 16.038  0.225 -4.227 16.650 31.621  0.250  0.750  0.000  0.000
   0.000  0.000  0.000  0.000  0.000  0.000  0.000  0.000   0.00
 528511022 1 2 3 513296.568413297.5625
 14.107  0.246-20.277  9.274 22.323 40.523 76.492-16.866 -0.995
   9.280  6.458-20.279-19.477 40.423  0.100 22.404 20.722 -10.29
 528511022 2 5 71013296.568413297.5625
 13.614  0.018 13.375-35.318-22.757 29.557 26.578  5.941  1.754
 -34.625-36.411 13.305 13.485 18.095 11.462-21.667-25.129   9.84
 529511030 1 4 5 713297.562513298.5635
 13.979  0.256-20.521 22.323 35.328 76.492 48.843-27.156 -0.865
  22.404 20.722-20.560-19.752 72.818  3.674 35.440 35.265 -52.41
 529511030 3 710 613297.562513298.5635
 14.926 -0.007 13.393-22.757 -8.805 26.578 61.104 15.783 -1.751
 -21.667-25.129 13.093 14.045 18.207  8.371 -8.698-10.452  -2.97
 530511028 3 4 7 213298.563513299.5967
 13.205 -0.102-20.777 35.328 47.957 48.843 67.276-79.568 -0.004
  35.440 35.265-21.345-20.454 17.721 31.122 48.011 47.077  93.64
 530511028 1 5 6 213298.563513299.5967
 14.214 -0.411 13.386 -8.805  4.867 61.104 61.920 12.810 -0.850
  -8.698-10.452 13.362 13.750 57.371  3.733  4.979  4.062  -5.73
 53151 941 1 1 2 413299.596713300.6572
 14.268  0.208 12.961  4.867 18.954 61.920 31.602  7.084  0.044
   4.979  4.062 12.948 13.059 54.385  7.535 19.234 18.265  -5.59
 6 151 813 2 2 4 613300.657213301.5586
 13.859 -0.671 13.182 18.954 30.560 31.602 16.616  1.499  0.326
  19.234 18.265 13.175 13.199 22.475  9.127 31.286 29.988   2.74
 6 2511035 3 1 4 313301.558613302.5703
 15.023  0.212 -2.655-49.542-35.335  1.649  2.325-45.743  0.299
 -49.312-49.659 -2.890 -2.535  0.558  1.091-34.852-35.357  -4.86
 6 2511035 2 4 6 813301.558613302.5703
 14.748 -0.275 12.577 30.560 44.487 16.616 35.728  4.238 -0.064
  31.286 29.988 12.525 12.618  7.325  9.290 45.184 43.951  -1.17
 6 3511018 2 6 8 213302.570313303.6377
 13.872  0.489 12.299 44.487 58.245 35.728 30.775  3.066 -0.065
  45.184 43.951 12.262 12.327 15.542 20.186 58.536 57.367  -5.95
 6 451 841 1 2 31413303.637713304.5820
 15.018 -0.392-10.017-41.934-28.678  7.094 19.374 19.297  2.846
 -41.916-43.128-10.012-10.429  6.994  0.100-26.887-30.611   7.42
 6 6511028 3 9124013305.563513306.5664
 15.588  0.159 -7.457-10.950  3.707 38.697 98.653  5.851  2.376
  -7.201-13.930 -7.077 -7.760 17.139 21.558  7.841 -1.151   5.29
 6 75110231030402613306.566413307.6230
 15.102 -0.559 -7.617  3.707 18.620 98.653 52.638 11.137 -0.546
   7.841 -1.151 -6.810 -8.565 53.295 45.357 22.310 13.732  -6.85
 6 751102310 8182713306.566413307.6230
 13.781  0.679 11.380-52.858-39.340102.859123.617 28.659  1.166
 -48.903-55.775  9.261 12.943 43.659 59.199-33.912-41.861  -0.16
 6 851 9 3 818262213307.623013308.5605
 14.947  0.300 -7.027 18.620 31.712 52.638 41.096  4.288  0.128
  22.310 13.732 -6.752 -7.391 29.999 22.639 35.549 26.888   3.25
 6 851 9 31413272813307.623013308.5605
 13.938 -0.615 12.097-39.340-27.194123.617145.564 28.497 -0.581
 -33.912-41.861  9.216 13.435 39.208 84.409-21.918-29.733  -6.43
 6 851 9 3 2 3 5 613307.623013308.5605
 13.481 -0.096 15.672-51.680-39.962 11.186 36.397 14.901  0.808
 -50.881-51.963 15.467 15.744  2.928  8.258-39.044-40.926   1.22
 6 851 9 3 2 2 4 413307.623013308.5605
 16.465 -1.511 17.238-37.462-22.947  1.515  6.708 22.301 -3.808
 -35.038-39.981 16.289 18.225  0.772  0.743-22.858-24.201 -19.03
 6 9511033 11011 713308.560513309.5625
 14.361  0.154  8.685-53.248-39.841 74.854 49.749 19.634  1.955
 -51.713-58.477  8.144 10.529 57.869 16.985-38.274-46.792   1.98
 6 9511033161228 613308.560513309.5625
 12.655  1.815 11.520-27.194-15.497145.564 38.067 22.065 -2.902
 -21.918-29.733  9.425 12.529 47.296 98.268-11.827-17.100  -5.22
 6 9511033 3 3 6 813308.560513309.5625
 14.312  0.318 15.582-39.962-26.605 36.397 23.902 16.123 -0.009
 -39.044-40.926 15.326 15.850 18.636 17.761-25.650-27.183  22.17
 6 9511033 2 2 4 113308.560513309.5625
 14.701  0.080 15.821-22.947 -9.200  6.708  1.243  3.270 -1.294
 -22.858-24.201 15.816 15.890  6.262  0.446  0.000  0.000   0.00
 610511030 2 5 7 213309.562513310.5615
 16.513 -0.980  8.840-39.841-24.332 49.749 27.571 21.613 -7.837
 -38.274-46.792  8.226 11.561 40.595  9.154-23.524-24.752 -21.22
 610511030 6 7131213309.562513310.5615
 14.270  0.598  7.745-12.135  1.135 17.815 32.045  1.352 -4.945
  -7.074-15.436  7.934  8.130  3.884 16.563  2.764  0.116 -39.75
 610511030 4 2 6 513309.562513310.5615
 12.734  0.255 13.339-15.497 -3.761 38.067 65.206 16.849 -2.995
 -11.827-17.100 12.258 13.812 11.575 26.492 -2.121 -4.401   3.68
 610511030 3 5 8 713309.562513310.5615
 14.941 -0.935 15.900-26.605-12.665 23.902 26.894 38.292 -0.334
 -25.650-27.183 15.176 16.339  9.018 14.884-12.073-13.475  -9.58
 610511030 0 0 1 513309.562513310.5615
 14.361 -1.555  9.786 -7.135  6.225 15.387 17.340  0.000  0.000
   0.000  0.000  0.000  0.000  0.000  0.000  0.000  5.285   0.00
 611511031 1 1 2 313310.561513311.5615
 15.119 -0.510  7.861-24.332-10.195 27.571 11.806  0.390  0.362
 -23.524-24.752  7.856  7.864  9.426 18.145 -9.991-11.577  -5.18
 611511031 4 2 6 413310.561513311.5615
 14.657 -0.097 11.864-33.708-20.032 17.863  8.495-32.195  1.609
 -33.442-34.078 12.028 11.636 10.400  7.463-18.362-20.253  70.08
 611511031 5 7121713310.561513311.5615
 15.595 -0.641  8.342  1.135 15.748 32.045 30.818-38.399  3.062
   2.764  0.116  9.619  7.543 12.332 19.713 19.657 13.465  21.74
 611511031 2 3 52813310.561513311.5615
 13.051 -0.150 13.594 -3.761  8.308 65.206111.364 20.530  5.040
  -2.121 -4.401 12.997 13.827 18.299 46.907  9.937  2.422 -11.23
 612511031 919282513311.561513312.5605
 13.946 -1.270 13.444  8.308 21.263111.364104.785  9.302  2.139
   9.937  2.422 13.185 14.382 87.223 24.141 23.557 14.173   6.75
 6155110331812302713314.559613315.6035
 13.896 -0.019-11.513-38.293-24.814205.352123.783  2.907  2.489
 -35.770-41.731-11.387-11.684118.422 86.930-21.060-29.567  -2.05
 615511033 1 7 8 213314.559613315.6035
 14.814 -0.681 16.993-45.921-31.483  6.697  0.457 -1.752  0.949
 -45.234-48.524 17.013 16.917  5.299  1.399-31.049-35.012 -20.04
 615511033 41620 613314.559613315.6035
 15.596 -0.384  7.467 27.926 43.180 43.460 41.180 27.096 -3.582
  29.731 25.084  6.551  8.908 26.581 16.879 43.737 42.486  11.76
 61651 9301413275213315.603513316.6045
 14.235  0.178-11.494-24.814-11.551123.783188.523  0.860 -1.865
 -21.060-29.567-11.438-11.563 69.156 54.627 -7.715-14.324  -1.60
 61651 930 1 1 2 913315.603513316.6045
 13.518 -0.451 16.282-31.483-18.937  0.457  6.175-21.796 -0.908
 -31.049-35.012 16.449 14.927  0.407  0.050-17.553-20.827  12.73
 61651 930 0 0 1 113315.603513316.6045
 12.895  0.976 10.353 32.799 44.721  0.318  0.268  0.000  0.000
   0.000  0.000  0.000  0.000  0.000  0.000  0.000  0.000   0.00
 61651 930 1 5 6 613315.603513316.6045
 14.917 -0.325  7.066 43.180 57.125 41.180 32.107 38.859 -0.491
  43.737 42.486  6.621  7.621 22.845 18.335 57.525 56.589  -6.32
 61751 9302527524513316.604513317.6074
 13.380  0.219-11.672-11.551  0.882188.523169.050 -0.741 -0.036
  -7.715-14.324-11.720-11.637 79.088109.435  4.475 -2.092   4.17
 61751 930 1 8 91213316.604513317.6074
 13.169  0.458 15.831-18.937 -6.716  6.175 29.859 -9.071 -0.197
 -17.553-20.827 16.043 15.541  3.564  2.611 -4.604 -7.689  17.33
 61851 9262817455013317.607413318.6143
 13.298 -0.509-11.892  0.882 13.285169.050117.068  3.431  3.109
   4.475 -2.092-11.681-12.066 76.560 92.490 16.466  6.827 -11.60
 61851 926 1 4 5 513317.607413318.6143
 14.813  0.269 15.014-52.849-38.920 20.176 32.094  4.387  1.560
 -52.127-56.353 14.961 15.274 16.729  3.447-38.772-44.577   3.65
 61851 926 11112 813317.607413318.6143
 13.567  0.411 16.290 -6.716  5.957 29.859 11.867  8.255 -0.598
  -4.604 -7.689 15.996 16.425  9.416 20.443  8.001  5.504  -5.54
 61951 9152822506113318.614313319.6113
 14.214 -0.323-11.379 13.285 26.491117.068139.809 -8.166 -0.622
  16.466  6.827-11.827-10.471 78.434 38.633 29.735 20.869  -4.69
 61951 915 1 4 5 213318.614313319.6113
 14.026  0.105 15.285-38.920-25.902 32.094 19.630  8.038 -4.935
 -38.772-44.577 15.265 16.055 31.275  0.819-25.744-26.489 -11.44
 61951 915 4 4 81413318.614313319.6113
 13.479 -0.233 16.704  5.957 18.429 11.867 18.605  2.712  0.349
   8.001  5.504 16.611 16.725  2.152  9.715 18.852 17.559 -65.85
 62051 9182734616913319.611313320.5684
 15.034 -0.142-11.056 26.491 39.940139.809211.543-12.858 -1.638
  29.735 20.869-11.783 -9.797 88.656 51.153 43.965 36.606  20.22
 62051 918 1 3 4 213319.611313320.5684
 13.542 -0.078-20.204-49.947-37.927 11.970  8.567 20.224  0.255
 -49.708-50.249-20.121-20.308  6.686  5.284-37.447-38.210   5.67
 62051 918 1 2 3 313319.611313320.5684
 14.071  0.913 16.362-32.301-19.775  4.218  1.089 50.823  0.388
 -31.955-32.322 15.954 16.387  0.241  3.977-19.436-19.840  15.14
 62051 918 1 1 2 213319.611313320.5684
 14.504  0.054 15.389-25.902-12.961 19.630 11.521 -3.406 -0.137
 -25.744-26.489 15.398 15.355 15.464  4.166-12.923-13.465  29.60
 62051 918 9 514 613319.611313320.5684
 14.386  0.979 16.472 18.429 31.257 18.605 10.761-63.133 -0.773
  18.852 17.559 17.271 14.823 12.530  6.075 31.726 30.522   8.77
 6215110203633694013320.568413321.5713
 15.106  0.730-10.921 39.940 54.094211.543168.145  7.364  0.369
  43.965 36.606-10.410-11.344 95.830115.713 58.383 50.615  -0.97
 621511020 1 1 2 413320.568413321.5713
 14.034  0.271-20.129-37.927-24.846  8.567 17.896 25.897  0.022
 -37.447-38.210-19.910-20.258  3.180  5.387-24.612-25.377   2.85
 621511020 1 1 2 213320.568413321.5713
 14.462 -0.105 15.441-12.961  0.548 11.521 17.030 26.192  0.200
 -12.923-13.465 15.423 15.680 10.707  0.815  0.607 -0.183 -13.34
 621511020 1 5 6 213320.568413321.5713
 15.358  0.311 17.408 31.257 45.665 10.761  2.850-54.358  0.905
  31.726 30.522 18.032 16.430  6.571  4.189 45.686 44.474 -11.99
 622511018 2 2 4 613321.571313322.5947
 13.976  0.793-20.400-24.846-11.534 17.896  7.662 28.751  0.034
 -24.612-25.377-20.280-20.673 12.422  5.474-11.047-11.871  -3.09
 622511018 1 1 2 913321.571313322.5947
 13.931  0.012 15.336  0.548 13.813 17.030 22.204 12.855  1.807
   0.607 -0.183 15.323 15.497 15.751  1.279 16.030 13.406 -25.05
 622511018 1 1 2 213321.571313322.5947
 14.020  1.147 17.720 45.665 59.021  2.850  0.211-66.343 -2.336
  45.686 44.474 17.766 15.132  2.800  0.050 59.156 58.586  69.91
 62351 942 3 3 6 513322.594713323.5840
 13.712  0.441-21.212-11.534  1.057  7.662 10.802 25.657  0.721
 -11.047-11.871-20.994-21.363  3.136  4.526  1.825  0.476  11.51
 62351 942 0 0 1 113322.594713323.5840
 13.943  0.737 11.024-48.211-35.393 10.215  8.465  0.000  0.000
   0.000  0.000  0.000  0.000  0.000  0.000  0.000  0.000   0.00
 62351 942 7 2 91113322.594713323.5840
 14.029 -0.164 15.349 13.813 26.717 22.204 27.701-12.190  0.490
  16.030 13.406 15.810 15.264  3.447 18.757 26.973 25.555  75.79
 62451 958 1 4 5 713323.584013324.5908
 13.724  0.053-21.648  1.057 13.889 10.802 16.767 37.165  0.072
   1.825  0.476-21.107-22.057  4.647  6.155 14.836 13.211 -13.82
 62451 958 0 0 1 213323.584013324.5908
 14.193 -0.079 11.752-35.393-22.088  8.465  9.571  0.000  0.000
   0.000  0.000  0.000  0.000  0.000  0.000  0.000-22.746   0.00
 62451 958 6 5111213323.584013324.5908
 14.488 -0.065 15.186 26.717 40.318 27.701 26.528 63.604 -1.575
  26.973 25.555 14.689 17.446 22.701  5.000 40.747 39.567 -22.83
 62551 948 2 5 7 413324.590813325.5967
 13.894  0.387-21.702 13.889 26.874 16.767  6.782 23.349 -0.498
  14.836 13.211-21.322-21.974  6.991  9.776 27.501 26.357  -0.87
 62551 948 1 1 2 113324.590813325.5967
 13.603  0.212-19.787  7.415 20.108  0.198  0.050-64.161 -0.301
   7.519  7.380-19.989-19.718  0.050  0.148  0.000  0.000   0.00
 62551 948 1 1 2 313324.590813325.5967
 13.762 -0.265 11.673-22.088 -9.235  9.571  6.649  5.895 -0.201
 -22.078-22.746 11.672 11.740  9.433  0.138 -8.925 -9.389  -0.24
 62551 948 5 712 713324.590813325.5967
 14.486 -0.596 15.121 40.318 53.899 26.528 10.363 40.772  0.695
  40.747 39.567 14.765 15.746 16.893  9.636 54.595 52.664  -9.04
 62651 941 2 2 4 313325.596713326.6064
 13.255  0.430-22.092 26.874 39.269  6.782  9.645 22.484  0.176
  27.501 26.357-21.851-22.290  3.067  3.715 39.835 38.527   1.46
 62651 941 2 1 3 213325.596713326.6064
 14.122 -0.283 11.407 -9.235  4.035  6.649  8.924  5.652  0.125
  -8.925 -9.389 11.377 11.421  2.207  4.443  4.042  3.449  -4.69
 62751 926 1 2 3 213326.606413327.5762
 13.979 -0.454-22.526 39.269 51.871  9.645  7.044 23.946 -0.093
  39.835 38.527-22.293-22.830  5.470  4.176 52.385 51.253   7.54
 62751 926 0 0 1 113326.606413327.5762
 13.327 -0.917 12.566-57.370-45.400  7.208  5.771  0.000  0.000
   0.000  0.000  0.000  0.000  0.000  0.000  0.000  0.000   0.00
 62751 926 1 1 2 513326.606413327.5762
 13.470 -0.657 11.120  4.035 16.144  8.924 10.956  0.964  0.698
   4.042  3.449 11.120 11.130  8.814  0.110 16.221 15.164  34.74
 628511011 0 0 1 313327.576213328.5654
 14.407 -0.170 11.677-45.400-32.113  5.771  2.027  0.000  0.000
   0.000  0.000  0.000  0.000  0.000  0.000  0.000-32.194   0.00
 628511011 2 3 5 313327.576213328.5654
 14.723  0.394 10.484 16.144 29.744 10.956 25.234 35.700 -0.767
  16.221 15.164 10.429 11.176 10.149  0.807 29.847 29.673-106.21
 629511026 2 1 3 113328.565413329.6230
 15.041  1.569 11.509-32.113-17.241  2.027  0.871-56.801 -0.504
 -31.913-32.194 11.808 11.387  0.588  1.439  0.000  0.000   0.00
 7 2511028 2 1 3 113331.563513332.6045
 16.786  0.589 -6.107-13.627  2.838  0.766  0.024 -4.753 -2.441
 -13.467-15.914 -6.121 -5.918  0.716  0.050  0.000  0.000   0.00
 7 351 928 1 3 4 213332.604513333.5908
 14.873  0.223  8.650-56.300-42.598  1.161  1.982  5.022 -0.271
 -55.611-56.629  8.590  8.679  0.376  0.785-42.368-43.113   0.66
 7 451 948 1 1 2 213333.590813334.5879
 14.072 -0.297  8.870-42.598-29.550  1.982  2.934  5.683 -0.303
 -42.368-43.113  8.847  8.921  1.370  0.612-29.475-29.917  -4.03
 7 551 953 1 5 6 913334.587913335.5781
 14.653  0.279 12.860-47.784-34.243 19.559 10.758  4.398 -0.276
 -47.090-49.707 12.808 13.004 14.372  5.188-33.679-36.017  -0.84
 7 65110 7 0 0 1 313335.578113336.5684
 13.759 -0.906  5.066-47.618-34.963 13.101 17.640  0.000  0.000
   0.000  0.000  0.000  0.000  0.000  0.000  0.000-36.068   0.00
 7 65110 7 3 6 9 713335.578113336.5684
 12.163 -0.587 13.136-34.243-23.168 10.758  9.027  3.554  0.135
 -33.679-36.017 13.102 13.244  8.160  2.598-21.552-24.008 -10.74
 7 65110 7 3 3 6 413335.578113336.5684
 13.805  0.259  9.861 46.417 59.118 13.115  7.589 28.333  1.442
  46.696 44.624  9.713 10.813 11.351  1.764 59.835 56.133 -14.04
 7 7511022 1 2 3 413336.568413337.5635
 14.097  0.409  4.168-34.963-21.908 17.640 18.342 47.258 -1.188
 -34.944-36.068  4.148  5.361 17.342  0.299-21.686-22.107 -72.64
 7 7511022 2 5 7 513336.568413337.5635
 16.063 -0.065 12.555-23.168 -8.158  9.027  8.692 -7.189 -0.380
 -21.552-24.008 12.754 12.452  3.085  5.942 -7.851 -9.911  -1.71
 7 8511028 6 511 513337.563513338.5664
 14.879  0.188 -8.012-49.430-35.491  7.834 12.855-25.090  0.593
 -48.501-50.078 -8.442 -7.711  3.219  4.616-33.762-35.972  44.26
 7 8511028 2 2 4 113337.563513338.5664
 14.421 -0.388  4.576-21.908 -8.428 18.342  3.705-25.383 -0.465
 -21.686-22.107  4.681  4.481  8.670  9.672  0.000  0.000   0.00
 7 8511028 1 7 81013337.563513338.5664
 13.184  0.188 10.137-59.138-46.899 26.095 20.021 23.278  4.387
 -58.634-60.234  9.923 10.601 17.874  8.221-45.825-51.824  -8.61
 7 8511028 3 2 5 213337.563513338.5664
 14.934 -0.093 12.491 -8.158  5.837  8.692  6.650 -8.899 -1.270
  -7.851 -9.911 12.537 12.222  7.398  1.294  5.925  5.141  10.74
 7 8511028 2 1 3 213337.563513338.5664
 14.580 -0.047 19.479 -0.302 13.337  0.443  0.811 -4.647  0.028
   0.053 -0.653 19.506 19.452  0.220  0.223 13.341 13.287 -81.20
 7 9511024 1 4 5 413338.566413339.5879
 13.417  0.050 -8.200-35.491-22.777 12.855  0.830 19.165 -0.046
 -33.762-35.972 -7.605 -8.365  2.797 10.058-20.888-23.036   1.44
 7 9511024 0 0 1 413338.566413339.5879
 12.953  0.156  4.186 -8.428  3.812  3.705  1.211  0.000  0.000
   0.000  0.000  0.000  0.000  0.000  0.000  0.000  2.315   0.00
 7 9511024 3 7101013338.566413339.5879
 14.488  0.139 10.325-46.899-33.090 20.021 14.047 14.668 -1.636
 -45.825-51.824 10.049 11.594 16.437  3.583-32.055-36.051  13.69
 7 9511024 1 1 2 113338.566413339.5879
 14.507 -0.265 12.398  5.837 19.666  6.650  1.922  1.841 -0.766
   5.925  5.141 12.395 12.419  5.901  0.749  0.000  0.000   0.00
 7 9511024 1 1 2 313338.566413339.5879
 13.847 -0.470 19.432 13.337 26.492  0.811  1.842-85.847  0.892
  13.341 13.287 19.474 18.781  0.761  0.050 27.385 25.818  64.88
 71051 952 3 1 4 213339.587913340.5615
 15.168 -0.935  4.346  3.812 17.617  1.211  0.967 17.819 -2.230
   4.869  2.315  4.007  4.826  0.710  0.501 17.657 17.475 -83.62
 71051 952 4 6101013339.587913340.5615
 13.701 -0.510 10.467-33.090-20.712 14.047 10.962 28.356  0.310
 -32.055-36.051  9.918 12.039 10.410  3.637-19.303-23.793  -6.20
 71051 952 0 0 1 113339.587913340.5615
 13.795  0.016 12.127 19.666 32.135  1.922  3.944  0.000  0.000
   0.000  0.000  0.000  0.000  0.000  0.000  0.000  0.000   0.00
 711511031 721283913340.561513341.5684
 14.278  0.257 -7.948-39.333-25.932103.804120.517  7.315  0.808
 -32.423-45.999 -7.069 -8.795 50.970 52.835-19.146-33.533   0.25
 711511031 4 610 313340.561513341.5684
 15.446 -0.348  9.971-20.712 -6.134 10.962  8.131 22.152 -3.712
 -19.303-23.793  9.406 11.206  7.523  3.439 -5.992 -6.570  35.45
 711511031 1 1 2 213340.561513341.5684
 12.528  1.484  3.436 17.617 29.255  0.967  0.574-65.799  1.978
  17.657 17.475  3.526  3.120  0.754  0.213 31.079 29.080 100.52
 711511031 0 0 1 113340.561513341.5684
 14.333  0.316 12.143 32.135 45.592  3.944  6.914  0.000  0.000
   0.000  0.000  0.000  0.000  0.000  0.000  0.000  0.000   0.00
 712511020 1 2 3 113341.568413342.5654
 14.420 -0.602  9.620 -6.134  7.261  8.131  3.831 57.599 -1.063
  -5.992 -6.570  9.399 10.297  6.131  1.999  0.000  0.000   0.00
 712511020 0 0 1 113341.568413342.5654
 14.081 -0.062 12.461 45.592 58.649  6.914  8.749  0.000  0.000
   0.000  0.000  0.000  0.000  0.000  0.000  0.000  0.000   0.00
 713511026 3 2 52313342.565413343.6055
 16.900 -0.606 -9.627-16.432  0.131  3.891 96.095  4.175 11.478
 -15.735-16.904 -9.576 -9.661  1.570  2.322  7.624 -5.033   4.13
 713511026 0 0 1 213342.565413343.6055
 14.317 -0.191  9.020  7.261 21.137  3.831  2.912  0.000  0.000
   0.000  0.000  0.000  0.000  0.000  0.000  0.000 21.034   0.00
 71551 856 2 3 5 413344.627913345.6670
 14.565 -0.360 -7.963 21.742 35.857 51.141 47.086 29.962 -0.464
  21.837 20.640 -7.909 -8.592 47.098  4.043 35.917 35.645  42.66
 71551 856 7 916 313344.627913345.6670
 16.011  1.534 -9.808  7.619 23.236 31.708  1.870-17.961 -3.608
  10.698  4.647-10.791 -8.858 15.572 16.136 23.804 21.233  -0.76
 71651 8 0 1 3 4 413345.667013346.5791
 14.405  0.689 -7.589 35.857 48.110 47.086 72.541 72.621  1.607
  35.917 35.645 -7.399 -8.262 36.746 10.340 48.151 46.150 -34.70
 71651 8 0 2 1 31513345.667013346.5791
 13.517 -1.368-11.402 23.236 34.677  1.870 34.025-18.720  1.239
  23.804 21.233-11.590-10.736  1.457  0.413 35.381 31.548   4.07
 71651 8 0 1 4 51513345.667013346.5791
 14.924  0.944 -9.292 21.952 34.677 19.961 34.025 -1.291 -1.491
  23.100 17.639 -9.318 -9.196 15.765  4.196 35.381 31.548 -13.36
 7175110 5 6 915 613346.579113347.5820
 14.885 -0.923-10.154 34.677 48.623 34.025 22.934-14.650 -0.950
  35.381 31.548-10.335 -9.348 27.775  6.251 48.775 45.787  15.91
 71951 226 3 2 5 613348.897513349.6709
 13.936 -0.324 -4.906-50.030-40.014 18.042  9.254  9.376 -0.298
 -48.539-50.358 -4.660 -4.960  3.254 14.789-38.715-40.063 -38.47
 71951 226 0 0 1 113348.897513349.6709
 13.443  0.065 10.585-59.358-49.724  1.480  0.050  0.000  0.000
   0.000  0.000  0.000  0.000  0.000  0.000  0.000  0.000   0.00
 72051 753 4 2 6 713349.670913350.5889
 14.275  0.259 -4.655-40.014-27.807  9.254 11.328-29.093 -0.352
 -38.715-40.063 -5.376 -4.628  0.337  8.917-26.827-27.910   4.56
 72151 952 3 4 7 113350.588913351.6045
 14.502  0.144 -4.893-27.807-14.077 11.328 10.279-24.533 -1.186
 -26.827-27.910 -5.339 -4.846  1.080 10.248  0.000  0.000   0.00
 72251 930 3 2 5 313351.604513352.5938
 11.881  0.105-17.956  0.790 11.579  8.491  3.548  9.750 -2.331
   2.525 -0.559-17.672-18.176  3.715  4.776 12.096 11.445   6.97
 72251 930 0 0 1 313351.604513352.5938
 13.874 -0.505 -5.039-14.077 -1.315 10.279 12.030  0.000  0.000
   0.000  0.000  0.000  0.000  0.000  0.000  0.000 -1.492   0.00
 72351 945 1 2 3 413352.593813353.5947
 14.383  0.299 -4.540 -1.315 12.108 12.030  4.165 79.213 -0.533
  -1.288 -1.492 -4.400 -5.467 10.450  1.580 12.353 11.811 -65.94
 72351 945 5 4 91113352.593813353.5947
 16.229 -1.190  1.880-22.225 -6.953 12.599 25.083  4.652  1.034
 -20.533-23.754  1.743  2.004  5.980  6.619 -5.790-10.050  -2.24
 72351 945 1 3 4 613352.593813353.5947
 15.983  2.146 -4.064-59.252-44.227  9.341 18.220-21.777  0.316
 -57.168-59.691 -4.895 -3.889  1.626  7.715-43.580-46.486   4.52
 72451 942 3 1 4 213353.594713354.7607
 13.876 -0.817 -4.839 12.108 27.138  4.165  3.267 13.274  0.120
  12.353 11.811 -4.782 -4.909  2.284  1.881 27.138 27.135  76.46
 72451 942 4 711 213353.594713354.7607
 15.884  0.175  0.689 -6.953 10.416 25.083  5.819  2.416 -3.702
  -5.790-10.050  0.640  0.820 18.236  6.847 10.792 10.313 -33.81
 72451 942 1 1 2 613353.594713354.7607
 13.917 -0.279 -5.637-28.333-13.255  0.825  7.438-89.987  2.469
 -28.333-28.333 -5.937 -5.580  0.132  0.692-11.856-14.623 102.80
 72451 942 2 4 6 713353.594713354.7607
 12.998 -0.622 -6.213-44.227-30.220 18.220 13.268-17.257  0.943
 -43.580-46.486 -6.413 -5.515 14.166  4.054-27.427-31.363   8.14
 72551 545 1 1 2 213354.760713355.5957
 14.407  0.790 -3.888 27.138 38.357  3.267 10.746 89.738 -0.006
  27.138 27.135 -3.805 -4.479  2.865  0.402 38.365 38.216 -12.60
 72551 545 1 1 2 313354.760713355.5957
 15.274 -0.817  0.893 10.416 22.359  5.819  6.095-31.396 -0.092
  10.792 10.313  1.122  0.830  1.256  4.563 22.431 22.299 -42.27
 72551 545 1 2 3 213354.760713355.5957
 14.322 -0.624  1.695  3.692 14.839  4.412 11.842-52.905 -0.702
   4.325  3.569  2.532  1.533  0.717  3.695 15.384 14.833  55.22
 72551 545 2 4 6 513354.760713355.5957
 14.509 -0.154 -5.312-13.255 -1.952  7.438  2.307 12.815  0.982
 -11.856-14.623 -4.995 -5.621  3.676  3.762 -0.354 -4.149  -5.98
 72551 545 2 5 71113354.760713355.5957
 16.595  0.906 -5.488-30.220-17.174 13.268  9.681 -9.122 -1.501
 -27.427-31.363 -5.935 -5.306  3.852  9.416-15.564-18.023  16.83
 72651 941 1 1 2 213355.595713356.5879
 14.081 -0.531 -4.548 38.357 51.360 10.746  7.771 77.141  0.091
  38.365 38.216 -4.511 -5.162 10.132  0.615 51.529 51.359-154.25
 72651 941 1 2 3 113355.595713356.5879
 14.475  0.109  0.210 22.359 35.753  6.095  7.035-73.669 -0.469
  22.431 22.299  0.456  0.005  2.776  3.319  0.000  0.000   0.00
 72651 941 1 1 2 213355.595713356.5879
 14.694  0.562  1.173 14.839 28.451 11.842  1.600  2.318  0.153
  15.384 14.833  1.151  1.174  0.142 11.700 28.982 28.433 -41.23
 72651 941 2 3 5 213355.595713356.5879
 17.077 -1.159 -5.183 -1.952 14.024  2.307  1.497  6.839 -2.803
  -0.354 -4.149 -4.992 -5.446  1.336  0.972 14.057 13.076 -19.87
 72651 941 2 911 713355.595713356.5879
 15.324 -0.566 -6.245-17.174 -2.937  9.681  7.612  7.708 -0.248
 -15.564-18.023 -6.028 -6.359  3.345  6.336 -1.839 -4.068  -6.34
 72751 952 2 2 4 613356.587913357.9707
 14.261  0.600-14.509 36.203 54.568  0.538 28.663  3.713  2.540
  36.737 33.862-14.475-14.656  0.438  0.100 56.679 51.156  -2.03
 72751 952 1 1 2 113356.587913357.9707
 14.263  0.078 -4.033 14.024 32.393  1.497  0.050-13.031 -1.004
  14.057 13.076 -4.041 -3.814  1.447  0.050  0.000  0.000   0.00
 72751 952 2 5 7 413356.587913357.9707
 14.977  0.029 -5.684 -2.937 16.419  7.612  8.373  1.371 -0.134
  -1.839 -4.068 -5.658 -5.711  3.862  3.750 17.127 15.479 -39.49
 72851 041 0 0 1 113357.970713358.6162
 14.604  0.274 -4.141 32.393 41.192  0.050  0.050  0.000  0.000
   0.000  0.000  0.000  0.000  0.000  0.000  0.000  0.000   0.00
 72851 041 1 3 4 313357.970713358.6162
 15.705  1.351 -5.724 16.419 25.930  8.373  5.407-38.124 -0.854
  17.127 15.479 -6.277 -4.990  4.776  3.597 26.422 25.204  48.52
 72951 911 1 2 3 313358.616213359.6240
 14.713 -0.315 -6.597 25.930 39.760  5.407  6.887 10.394 -0.305
  26.422 25.204 -6.507 -6.729  3.224  2.183 39.882 38.957  -3.88
 72951 911 1 1 2 413358.616213359.6240
 14.349  0.377  8.837-50.282-36.819  0.264  2.226-22.936  0.597
 -48.582-50.679  9.548  8.671  0.050  0.214-35.450-38.159   2.85
 73051 9 1 2 2 41013359.624013360.6611
 15.253  0.198 -9.184-28.213-13.403  1.892 13.354  7.360  1.476
 -27.095-28.938 -9.041 -9.276  0.745  1.147-12.391-15.663 -20.17
 73051 9 1 1 3 4 313359.624013360.6611
 17.181  0.289  9.217-36.819-20.008  2.226  1.891-20.089  0.069
 -35.450-38.159  9.711  8.733  1.101  1.125-19.930-22.865  13.11
 73051 9 1 1 1 2 813359.624013360.6611
 14.235 -0.598 -3.823 14.016 27.770  1.762 54.649 70.015  2.175
  14.039 13.957 -3.758 -3.985  1.261  0.501 29.026 26.660 -82.10
 73051 9 1 1 2 3 213359.624013360.6611
 14.790 -0.028 -6.279 39.760 54.090  6.887  3.349  6.517 -0.280
  39.882 38.957 -6.266 -6.371  5.985  0.902 54.261 53.794  37.35
 73151 8 7 5 3 81213360.661113361.6572
 14.769 -0.446 -3.202 27.770 41.503 54.649 15.015-12.081 -0.276
  29.026 26.660 -3.471 -2.965 25.636 29.013 42.575 40.710 -17.43
 73151 8 7 6 4101313360.661113361.6572
 13.405 -0.192 -9.389-13.403 -1.028 13.354  8.043-12.811  0.048
 -12.391-15.663 -9.617 -8.882  9.223  4.131  0.963 -2.400   4.00
 8 151 813 5 8131113361.657213362.6250
 14.134 -0.071 -9.199 -1.028 11.707  8.043 11.776 -8.813  1.507
   0.963 -2.400 -9.503 -8.989  3.280  4.763 14.931 10.014   4.88
 8 251 9 0 1 1 21013362.625013363.6152
 16.802 -0.587  9.106-59.133-43.463  0.761  8.486 26.206  2.599
 -56.899-59.290  8.021  9.182  0.050  0.711-40.289-45.547 -20.00
 8 351 913 4 5 9 313363.615213364.5732
 16.465  1.331 -9.542 28.227 43.057 13.026  4.608 -6.553 -5.448
  29.852 23.790 -9.726 -9.040  9.534  3.493 43.143 42.674  42.41
 8 351 913 4 6101413363.615213364.5732
 14.841  0.258  8.525-43.463-30.188  8.486  9.645  6.206 -1.062
 -40.289-45.547  8.183  8.749  3.363  5.123-27.243-31.373   5.51
 8 4511015 1 2 3 113364.573213365.5820
 15.714  0.233-10.817 43.057 57.925  4.608  0.638 35.857 -0.569
  43.143 42.674-10.756-11.089  3.762  0.846  0.000  0.000   0.00
 8 4511015 5 9142313364.573213365.5820
 15.919 -0.872  8.771-30.188-15.113  9.645 25.153 11.712  1.831
 -27.243-31.373  8.168  9.014  2.768  6.877-12.666-18.494   4.11
 8 55110 1 0 0 1 413365.582013366.5879
 13.928  0.176 -6.224-56.070-43.048 39.711 48.303  0.000  0.000
   0.000  0.000  0.000  0.000  0.000  0.000  0.000-46.931   0.00
 8 55110 1 1 1 2 113365.582013366.5879
 14.864 -0.804  7.837-54.290-40.327 26.658 26.506 -6.240 -1.086
 -54.284-55.374  7.838  7.720 26.525  0.133  0.000  0.000   0.00
 8 651 953 1 3 4 613366.587913367.5957
 14.200  0.390 -6.401-43.048-29.716 48.303 30.852 25.482 -0.571
 -42.860-46.931 -6.312 -8.240 46.072  2.231-29.523-32.986   2.96
 8 751 941 2 4 6 713367.595713368.5811
 14.577  0.177 -6.795-29.716-16.316 30.852 32.323 28.438 -0.492
 -29.523-32.986 -6.691 -8.553 29.128  1.724-15.958-18.755   7.28
 8 751 941 410141713367.595713368.5811
 13.909  0.976  7.061 11.847 24.589 12.602 22.997 18.796 -3.387
  14.319  8.164  6.226  8.305  7.542  5.060 25.654 22.811   4.52
 8 85110 3 3 4 7 913368.581113369.5801
 13.789  1.171 -6.969-16.316 -3.514 32.323 29.303 35.716 -0.467
 -15.958-18.755 -6.713 -8.709 28.186  4.137 -2.239 -5.171 -25.23
 8 85110 3 0 0 1 313368.581113369.5801
 13.953  0.142  7.180-11.611  1.355  8.628 17.300  0.000  0.000
   0.000  0.000  0.000  0.000  0.000  0.000  0.000  0.888   0.00
 8 85110 3 6 6121613368.581113369.5801
 13.688  0.112  9.693-26.551-13.851 21.300 20.853 13.447 -0.002
 -23.608-29.016  8.999 10.274  9.709 11.591-10.706-16.129  -0.67
 8 85110 3 8 9171213368.581113369.5801
 13.800 -0.238  8.022 24.589 37.401 22.997 26.011 23.314 -0.433
  25.654 22.811  7.568  8.781 14.385  8.611 38.719 36.287   0.43
 8 95110 3 8 816 313369.580113370.5928
 15.822 -2.103  9.805-13.851  1.168 20.853 14.744 12.772 -1.976
 -10.706-16.129  9.102 10.314  8.761 12.091  1.651 -1.871  -7.67
 81051 946 5 4 9 913370.592813371.5869
 14.634 -0.278 -7.081 -3.275 10.304 29.315 61.274-47.155  0.951
  -2.307 -3.548 -8.117 -6.789  6.459 22.856 12.012 10.030   2.61
 81051 94612 9212213370.592813371.5869
 13.938  0.027  9.821-13.691 -0.804 44.991 56.964 15.427  0.273
 -11.039-16.057  9.100 10.464 21.217 23.774  2.075 -3.305  -4.31
 81051 946 1 2 3 213370.592813371.5869
 14.858  0.016  7.677  1.168 14.971 14.744 11.808  5.100 -2.480
   1.651 -1.871  7.635  7.946 12.725  2.019 15.314 14.322 -21.28
 81051 946 6 5111913370.592813371.5869
 14.325  0.257  7.817 37.470 50.742 12.875 19.138 14.861  1.899
  38.686 36.323  7.498  8.119  6.251  6.624 52.324 48.268   6.80
 81151 954 1 1 21913371.586913372.5830
 13.027  1.594  7.694 14.971 26.977 11.808 35.790-16.175  5.871
  15.314 14.322  7.792  7.507  7.726  4.082 29.489 22.532  21.40
 8125110 0 1 2 3 113372.583013373.5850
 14.232  0.265 -6.956 36.510 49.781 21.353 28.493 72.724 -2.827
  36.528 35.682 -6.899 -9.599 20.907  0.446  0.000  0.000   0.00
 8125110 0 411151513372.583013373.5850
 14.112  0.134-11.597-12.602  0.550 31.851 29.134  9.818  0.043
 -10.802-15.035-11.292-12.009 18.306 13.545  2.137 -2.150  -0.72
 8125110 0 514191913372.583013373.5850
 15.046 -0.373  9.282 26.977 41.063 35.790 36.050  5.220 -0.465
  29.489 22.532  9.056  9.683 22.865 12.924 42.957 36.457  -2.36
 8125110 0 2 2 4 213372.583013373.5850
 14.298 -0.241  7.320 41.649 54.987 15.852 13.691 -3.230 -0.158
  41.668 40.727  7.321  7.269 15.533  0.319 55.168 54.391  -3.79
 81351 957 6 9151113373.585013374.5889
 15.312  0.267-11.731  0.550 14.943 29.134  5.201  9.102 -0.536
   2.137 -2.150-11.482-12.154 18.345 10.788 16.645 12.867  -3.14
 81351 957 316191313373.585013374.5889
 15.311 -0.112  8.909 41.063 55.454 36.050 25.304  2.864  0.298
  42.957 36.457  8.815  9.137 25.546 10.503 56.740 49.981   3.99
 81651 515 0 0 1 213376.780313377.6260
 14.378  0.550-11.416 45.425 56.748  7.005  2.339  0.000  0.000
   0.000  0.000  0.000  0.000  0.000  0.000  0.000 56.675   0.00
 81651 515 5 2 7 713376.780313377.6260
 15.784 -0.487-18.193-27.589-15.077 14.615 14.294 -9.067  1.188
 -26.574-31.352-18.347-17.623 11.511  3.104-14.214-20.286   7.38
 81651 515 3 4 71013376.780313377.6260
 12.768  0.383-16.397-55.239-45.276  8.926 11.181 22.555  1.173
 -54.436-58.717-16.077-17.783  7.252  1.674-42.833-48.472  -6.49
 81751 858 2 5 71013377.626013378.6816
 12.831  0.384-17.781-15.077 -2.559 14.294  6.914 -1.683 -0.213
 -14.214-20.286-17.805-17.635 12.263  2.031 -0.364 -6.227   2.03
 81751 858 4 610 913377.626013378.6816
 14.740  0.140-16.721-45.276-30.742 11.181  3.835 16.064 -2.433
 -42.833-48.472-16.047-17.602  6.337  4.844-29.949-33.039   5.82
 81851 737 2 3 5 513378.681613379.6982
 16.942 -1.718-21.117-35.085-18.857  5.031 21.602-73.442  2.728
 -34.793-35.603-22.034-19.492  3.216  1.816-14.587-19.232 108.89
 81851 737 6 3 9 513378.681613379.6982
 12.670  2.460-16.869-30.742-18.857  3.835 21.602 21.886  2.193
 -29.949-33.039-16.564-17.752  2.851  0.984-14.587-19.232  13.57
 81951 714 1 1 2 113379.698213380.5928
 12.306 -2.619-16.043-17.202 -7.080  3.231  0.500-61.469 -0.382
 -17.183-17.373-16.077-15.742  2.900  0.332  0.000  0.000   0.00
 82251 952 0 0 1 113382.588913383.5938
 14.149 -0.100  7.706-51.545-38.313  0.944  1.142  0.000  0.000
   0.000  0.000  0.000  0.000  0.000  0.000  0.000  0.000   0.00
 9 151 950 0 0 1 113392.589813393.6563
 11.957  0.164 -4.795-55.246-43.539  1.724  5.937  0.000  0.000
   0.000  0.000  0.000  0.000  0.000  0.000  0.000  0.000   0.00
 9 251 815 0 0 1 213393.656313394.5967
 13.292 -0.492 -4.970-43.539-31.964  5.937  5.870  0.000  0.000
   0.000  0.000  0.000  0.000  0.000  0.000  0.000-33.433   0.00
 9 251 815 1 2 3 313393.656313394.5967
 13.995  0.400 10.988-38.844-26.608 11.901 10.274-73.162  0.115
 -38.738-38.896 11.333 10.821  3.889  8.012-26.304-26.655 131.21
 9 251 815 5 3 81313393.656313394.5967
 14.195  0.989 10.680-47.168-34.743  7.202  9.181-18.170  0.902
 -46.299-47.543 10.960 10.559  2.173  5.029-33.469-35.660  29.44
 9 251 815 1 1 2 313393.656313394.5967
 14.228  0.328 17.520  6.834 19.290  0.975  1.435 26.257  0.047
   7.545  4.495 17.185 18.620  0.748  0.227 19.879 16.529 -12.08
 9 751 942 1 1 2 213398.594713399.6357
 14.282  0.626 -4.929 20.813 34.658  4.800  2.759 23.770  3.230
  20.949 20.566 -4.869 -5.037  3.087  1.713 36.717 34.492 -76.37
 9 751 942 1 5 6 913398.594713399.6357
 14.083 -0.453 -2.384-28.058-14.420 47.281 36.094-49.883  0.768
 -27.584-28.118 -2.946 -2.313  5.317 41.964-14.349-15.305  -3.34
 9 751 942 1 1 2 113398.594713399.6357
 13.765 -0.976 -3.276-44.754-31.448  1.143  0.552 84.909 -2.397
 -44.745-44.958 -3.172 -5.559  1.093  0.050  0.000  0.000   0.00
 9 751 942 9 615 413398.594713399.6357
 15.237 -0.468  8.652 26.562 41.401 17.722  8.068  7.805 -1.188
  28.428 23.538  8.399  9.061 10.959  6.763 42.775 39.087 -16.26
 9 851 843 1 1 2 713399.635713400.6338
 16.588  1.663 -5.581 34.658 50.220  2.759 32.412-52.598 -0.646
  36.717 34.492 -8.262 -5.365  0.206  2.553 51.870 48.860  58.39
 9 851 843 2 1 3 713399.635713400.6338
 14.398 -1.557 -8.792 36.842 50.220  0.956 32.412 14.002  1.184
  37.135 35.352 -8.720 -9.159  0.799  0.157 51.870 48.860  -8.21
 9 851 843 2 7 9 513399.635713400.6338
 14.591  0.868 -1.912-14.420 -0.848 36.094 31.694-53.226 -0.998
 -14.349-15.305 -2.007 -0.728 33.408  2.686 -0.812 -1.093 115.21
 9 851 843 1 1 2 113399.635713400.6338
 13.798 -1.852  4.256-47.599-34.819  2.028  7.254-13.656 -0.799
 -46.840-47.618  4.440  4.251  0.050  1.978  0.000  0.000   0.00
 9 851 843 3 1 4 413399.635713400.6338
 15.442  1.442  8.165 41.401 55.821  8.068  5.073 -8.451 -2.521
  42.775 39.087  8.367  7.824  5.062  3.006 56.444 55.373  33.99
 9 951 848 5 712 613400.633813401.6475
 12.349 -0.061-10.231  3.681 15.205  8.131  2.018 -8.872 -3.533
   9.065  2.504-11.058-10.050  1.458  6.672 17.924 15.063  29.17
 9 951 848 2 3 5 213400.633813401.6475
 14.107 -0.084 -2.777 -0.848 12.459 31.694 41.475 61.988  0.171
  -0.812 -1.093 -2.708 -3.236 27.539  4.155 12.498 11.870 -26.71
 9 951 848 0 0 1 213400.633813401.6475
 14.458  0.499  2.409-34.819-21.156  7.254  5.048  0.000  0.000
   0.000  0.000  0.000  0.000  0.000  0.000  0.000-21.236   0.00
 9 951 848 1 3 4 513400.633813401.6475
 13.912  0.876 16.382-58.168-45.059  3.374  5.894 -4.843  2.362
 -57.176-60.074 16.463 16.227  2.219  1.155-43.221-48.615   3.64
 91051 827 2 4 6 313401.647513402.6494
 14.855 -0.635-10.169 15.205 29.106  2.018  2.178 20.293 -1.590
  17.924 15.063 -9.179-10.220  0.100  1.918 29.739 28.386  -1.23
 91051 827 1 1 2 213401.647513402.6494
 14.515 -0.410 -2.692 12.459 26.019 41.475 43.762 35.275  2.748
  12.498 11.870 -2.664 -3.108 38.851  2.624 26.029 22.563 -25.24
 91051 827 1 1 2 713401.647513402.6494
 16.223  0.666 -3.258 -2.871 12.401  0.772  8.952-59.878  1.167
  -2.653 -2.886 -3.634 -3.232  0.050  0.722 13.337 11.981  93.89
 91051 827 1 1 2 313401.647513402.6494
 14.216  0.207  2.915-21.156 -7.894  5.048  2.400 24.597 -0.154
 -20.957-21.236  2.824  2.952  1.458  3.590 -7.872 -7.953  33.43
 91051 827 4 3 7 713401.647513402.6494
 14.643 -0.006  5.918-48.370-34.681 20.091 19.354  6.082  0.140
 -47.445-48.932  5.820  5.977  7.588 12.503-33.727-35.356  -0.48
 91051 827 8 7151413401.647513402.6494
 12.668 -0.607  7.881-59.388-47.677 26.776 42.627 10.520 -1.972
 -55.773-59.821  7.216  7.961  2.865 23.910-46.395-48.330 -34.85
 91051 827 2 3 5 313401.647513402.6494
 15.817 -0.070 17.270-45.059-30.193  5.894  4.415 -1.203 -4.209
 -43.221-48.615 17.307 17.199  3.886  2.008-30.048-30.990 -16.40
 91151 824 1 1 2 313402.649413403.6055
 14.455  0.313 -2.281 26.019 38.902 43.762 49.872 10.039  0.740
  26.029 22.563 -2.280 -2.893 43.639  0.123 38.947 34.782   2.23
 91151 824 3 4 7 513402.649413403.6055
 13.340  0.197 -3.925 12.401 24.218  8.952  5.017 34.011  0.390
  13.337 11.981 -3.296 -4.208  2.774  6.179 25.561 23.876  -0.26
 91151 824 3 4 7 513402.649413403.6055
 13.777  0.667  5.911-34.681-22.447 19.354 11.847  5.603  0.109
 -33.727-35.356  5.818  5.977  8.022 11.332-20.991-22.703   6.13
 91151 82410 4141113402.649413403.6055
 13.843  1.291  7.273-47.677-35.380 42.627 34.684-24.332  0.807
 -46.395-48.330  7.848  6.980 14.374 28.253-34.280-36.960  -0.22
 91151 824 1 2 3 313402.649413403.6055
 14.227  0.681 17.200-30.193-17.529  4.415  7.343-17.606 -0.577
 -30.048-30.990 17.244 16.959  3.734  0.681-17.447-17.724  61.48
 91251 927 4 3 72213403.605513404.6553
 15.155  2.602-11.330-46.966-32.095 18.122 38.242-25.813  6.467
 -45.873-48.442-11.848-10.629 10.414  7.708-28.002-35.095 -16.23
 91251 927 0 0 1 113403.605513404.6553
 13.257  0.820-14.408-55.128-42.249  0.050  0.050  0.000  0.000
   0.000  0.000  0.000  0.000  0.000  0.000  0.000  0.000   0.00
 91251 927 2 3 51213403.605513404.6553
 14.121 -0.222  6.549-22.447 -8.661 11.847 17.040 11.728 -0.885
 -20.991-22.703  6.249  6.602  1.771 10.076 -8.075 -8.900 -27.67
 91251 927 6 5112313403.605513404.6553
 14.805 -0.113  8.508-35.380-20.877 34.684 23.221-24.548  0.554
 -34.280-36.960  9.004  7.794 20.448 14.236-19.333-22.450  -2.67
 91251 927 2 1 3 413403.605513404.6553
 14.063 -0.491 17.851-17.529 -3.804  7.343  2.068 43.876  0.062
 -17.447-17.724 17.777 18.031  5.179  2.164 -3.696 -4.117 -23.38
 91351 816 913221713404.655313405.6563
 14.964  1.862-14.060-32.095-18.094 38.242 34.743-42.044 -2.716
 -28.002-35.095-17.640-11.436 16.172 22.070-13.979-19.888  12.24
 91351 816 8 4121113404.655313405.6563
 14.162 -0.536  6.316 -8.661  4.536 17.040 12.640-15.947  0.640
  -8.075 -8.900  6.482  6.248  4.937 12.103  5.334  3.862  27.08
 91351 816 716232613404.655313405.6563
 13.732 -0.609  8.389-20.877 -8.110 23.221 43.252-27.219  0.302
 -19.333-22.450  9.175  7.589 11.718 11.503 -6.681 -9.896  -5.09
 91351 816 3 1 4 113404.655313405.6563
 13.710 -0.293  9.115-57.615-44.870  5.047  1.414 74.176 -0.276
 -57.577-57.653  8.984  9.249  2.544  2.503  0.000  0.000   0.00
 91351 816 2 2 4 213404.655313405.6563
 13.967  0.178 17.336 -3.804  9.198  2.068  2.333 20.500 -0.247
  -3.696 -4.117 17.297 17.447  1.537  0.531  9.271  9.182  41.74
 91451 815 5 611 613405.656313406.6191
 15.005 -0.140  5.779  4.536 18.032 12.640  5.972 11.129 -0.407
   5.334  3.862  5.623  5.911  5.791  6.849 18.452 17.578  25.53
 91451 8151610262913405.656313406.6191
 14.315 -0.613  7.779 -8.110  4.722 43.252 20.811-32.311  0.150
  -6.681 -9.896  8.674  6.659 24.038 19.214  6.258  2.741   5.23
 91451 815 0 0 1 113405.656313406.6191
 14.414 -0.551  8.821-44.870-31.942  1.414  2.220  0.000  0.000
   0.000  0.000  0.000  0.000  0.000  0.000  0.000  0.000   0.00
 91551 9 8 3 3 6 613406.619113407.7090
 13.542  0.198  5.645 18.032 31.725  5.972  5.026 36.663 -0.001
  18.452 17.578  5.334  5.981  3.102  2.870 32.383 31.593   6.78
 91551 9 81514292313406.619113407.7090
 14.313  0.198  7.189  4.722 19.256 20.811 34.777-27.077  1.050
   6.258  2.741  7.968  6.184 11.724  9.087 21.343 17.063  -4.26
 91551 9 8 0 0 1 113406.619113407.7090
 14.239  0.466  8.291-31.942-17.490  2.220  8.955  0.000  0.000
   0.000  0.000  0.000  0.000  0.000  0.000  0.000  0.000   0.00
 91551 9 8 2 3 5 713406.619113407.7090
 14.353  0.332 13.246-59.532-44.955  9.944  9.063 19.914  0.698
 -57.085-61.928 12.383 14.091  4.921  5.023-42.909-48.566  -4.19
 91651 659 1 1 2 113407.709013408.6250
 14.210  0.201-19.004 13.977 26.093  1.883  5.066-24.617 -1.162
  14.160 13.043-19.083-18.599  1.575  0.308  0.000  0.000   0.00
 91651 659 0 0 1 113407.709013408.6250
 14.106  0.279  8.799-17.490 -5.471  8.955  2.883  0.000  0.000
   0.000  0.000  0.000  0.000  0.000  0.000  0.000  0.000   0.00
 91651 659 3 4 71213407.709013408.6250
 12.718 -0.233 13.607-44.955-34.207  9.063 10.718 15.725 -0.087
 -42.909-48.566 13.047 14.595  5.785  3.278-31.578-37.010   4.29
 91651 6591310231913407.709013408.6250
 15.400  0.257  7.405 19.256 32.461 34.777 17.429-31.340  0.192
  21.343 17.063  8.665  6.080 17.819 16.959 34.731 30.168   2.53
 91651 659 3 3 6 513407.709013408.6250
 13.487 -0.670  5.861 31.725 43.178  5.026  5.909 43.442  0.286
  32.383 31.593  5.241  5.986  0.840  4.185 43.808 42.707 -80.22
 91651 659 2 1 3 113407.709013408.6250
 14.740  0.133 17.244 36.436 49.037  1.838  0.458-19.883 -2.917
  36.810 33.938 17.373 16.381  1.598  0.239  0.000  0.000   0.00
 91751 9 0 0 0 1 113408.625013409.6563
 14.634  0.110-19.188 26.093 40.170  5.066  4.069  0.000  0.000
   0.000  0.000  0.000  0.000  0.000  0.000  0.000  0.000   0.00
 91751 9 0 0 0 1 313408.625013409.6563
 14.373 -0.284  9.054 -5.471  8.337  2.883  5.530  0.000  0.000
   0.000  0.000  0.000  0.000  0.000  0.000  0.000  8.184   0.00
 91751 9 0 6 6122913408.625013409.6563
 14.799 -0.675 13.394-34.207-19.959 10.718 26.191 20.019 -1.349
 -31.578-37.010 12.462 14.387  5.532  5.187-18.033-22.402 -15.52
 91751 9 0 613191413408.625013409.6563
 12.178 -0.980  7.640 32.461 44.006 17.429 16.703-28.806 -1.077
  34.731 30.168  8.877  6.390  8.761  8.667 47.421 43.417  15.67
 91751 9 0 4 1 5 613408.625013409.6563
 16.176 -1.619  5.247 43.178 58.845  5.909  4.698-36.781  0.897
  43.808 42.707  5.717  4.897  2.527  3.382 59.697 57.778  69.09
 91851 815 0 0 1 113409.656313410.6211
 13.527 -0.202-19.301 40.170 52.278  4.069  1.493  0.000  0.000
   0.000  0.000  0.000  0.000  0.000  0.000  0.000  0.000   0.00
 91851 8151415293013409.656313410.6211
 13.877 -0.344 12.697-19.959 -7.513 26.191 48.449  4.499 -0.741
 -18.033-22.402 12.549 12.885 14.646 11.545 -5.546 -9.157  -0.78
 91851 815 6 3 91313409.656313410.6211
 14.561  0.183 14.802-52.243-39.137 19.686 36.760  5.160  0.936
 -50.568-54.894 14.655 15.033 12.063  7.623-37.754-42.970   5.97
 91851 815 1 2 3 313409.656313410.6211
 13.855 -0.095  8.762  8.337 20.762  5.530  0.932 27.027 -0.063
   8.503  8.184  8.678  8.839  2.666  2.864 20.845 20.640 -72.77
 91851 815 7 714 913409.656313410.6211
 16.994  1.116  6.629 44.006 59.460 16.703 23.248-13.133  2.368
  47.421 43.417  7.421  6.493  2.456 14.247 62.408 56.253  -5.90
 91951 9 4 2 2 41213410.621113411.6143
 11.664  0.831  8.432-57.132-46.526  3.073 14.496  4.763  0.275
 -54.682-58.346  8.230  8.532  1.018  2.054-44.772-48.506  14.84
 91951 9 4 6 7131413410.621113411.6143
 12.224  0.532 14.978-39.137-27.975 36.760 46.470 11.126  1.127
 -37.754-42.970 14.715 15.706 27.016  9.745-24.400-30.725   2.18
 91951 9 41020302813410.621113411.6143
 14.168 -0.091 12.365 -7.513  5.580 48.449 43.613  3.720 -0.090
  -5.546 -9.157 12.240 12.469 22.062 26.387  7.717  4.219   3.40
 92051 915 7 512 913411.614313412.7285
 13.822  0.436  9.258-46.526-32.226 14.496 12.371 19.603  1.784
 -44.772-48.506  8.641  9.954  7.687  6.809-28.292-33.851  -3.71
 92051 915 9 514 413411.614313412.7285
 17.144 -0.619 15.506-27.975 -9.974 46.470  9.375 13.304 -5.088
 -24.400-30.725 14.692 16.133 20.205 26.265 -9.456-10.653  -3.70
 92051 9151117281013411.614313412.7285
 14.711 -0.013 12.275  5.580 20.870 43.613 23.327  7.123  0.019
   7.717  4.219 12.014 12.441 16.973 26.640 22.750 19.245   1.39
 92151 630 5 2 7 213412.728513413.6338
 13.205 -0.322  6.927-13.301 -2.243  3.853  7.147-25.853 -2.549
 -11.307-14.115  7.886  6.535  1.117  2.736 -2.226 -2.375 -48.57
 92151 630 5 4 9 413412.728513413.6338
 13.047  0.607  9.743-32.226-21.311 12.371  2.843 15.897 -3.832
 -28.292-33.851  8.639 10.200  3.616  8.755-20.893-22.664   4.95
 92151 630 2 3 5 913412.728513413.6338
 14.268  0.244 17.125-16.693 -4.672  8.215  7.412-30.728  0.150
 -16.397-16.882 17.293 17.018  3.207  5.008 -4.395 -5.091  15.56
 92151 630 3 1 4 313412.728513413.6338
 15.149  0.440 14.817 -9.974  2.843  9.375  5.595  9.605  0.610
  -9.456-10.653 14.732 14.928  5.317  4.058  2.869  1.416 -47.81
 92151 630 2 8101513412.728513413.6338
 14.979 -0.252 12.260 20.870 33.534 23.327 34.164  8.515 -0.679
  22.750 19.245 11.985 12.498 10.820 12.506 34.888 32.063  -1.38
 92251 848 4 5 9 413413.633813414.6240
 14.275  0.552 17.346 -4.672  8.489  7.412  2.234-15.166 -0.482
  -4.395 -5.091 17.418 17.238  4.460  2.951  8.594  8.381   2.39
 92251 848 1 2 3 613413.633813414.6240
 14.472 -0.199 15.215  2.843 16.200  5.595 23.971-38.206 -1.145
   2.869  1.416 15.235 14.131  5.495  0.100 16.637 15.977  33.82
 92251 848 213151613413.633813414.6240
 14.482 -0.033 12.032 33.534 46.901 34.164 23.430  7.136 -0.508
  34.888 32.063 11.866 12.212 17.798 16.366 47.817 45.543   5.03
 92351 9 1 2 2 4 413414.624013415.6387
 14.353  0.424 17.893  8.489 22.053  2.234  4.093-12.777  0.814
   8.594  8.381 17.916 17.870  1.135  1.099 22.275 21.618 -39.61
 92351 9 1 2 4 6 613414.624013415.6387
 15.020 -0.078 15.018 16.200 30.440 23.971 17.044 -4.390  0.062
  16.637 15.977 15.051 15.002  8.098 15.873 30.744 30.019   7.60
 92351 9 1 1 1 2 513414.624013415.6387
 14.537  0.146  7.765 15.981 29.732  0.279  4.168-63.798  2.903
  16.137 15.947  8.078  7.696  0.050  0.229 30.576 27.413  83.54
 92351 9 1 21416 613414.624013415.6387
 13.795  1.260 11.999 46.901 59.899 23.430 18.650 12.170 -0.624
  47.817 45.543 11.806 12.286 13.990  9.440 60.433 59.204 -55.78
 92451 841 1 1 2 213415.638713416.6426
 14.291 -0.667  8.150-52.707-39.345  2.820  0.573 36.300  0.258
 -50.583-52.805  6.605  8.221  0.125  2.695-38.316-39.935  21.20
 92451 84111 7182013415.638713416.6426
 15.091 -0.641  8.342 14.519 28.685 13.588 16.799  4.873 -0.783
  16.143 12.372  8.205  8.523  7.737  5.851 29.959 26.976  -1.73
 92451 841 2 2 4 413415.638713416.6426
 13.909 -0.517 18.323 22.053 35.032  4.093  4.763-52.384 -0.512
  22.275 21.618 18.596 17.787  2.711  1.381 35.127 34.592  52.94
 92451 841 2 4 6 513415.638713416.6426
 14.187 -0.807 14.939 30.440 43.698 17.044 15.250  3.214 -0.024
  30.744 30.019 14.923 14.962  9.903  7.142 43.805 43.321 -49.37
 93051 911 7 9161213421.616213422.6279
 14.695 -0.985  9.830  9.679 23.541 28.603 28.906 -3.123 -0.682
  11.161  7.363  9.909  9.705 17.443 11.160 24.878 21.896 -12.81
 93051 911 1 1 2 113421.616213422.6279
 13.764 -1.269 21.133 26.768 39.689  1.030  1.248-61.870 -0.272
  26.807 26.669 21.201 20.961  0.738  0.291  0.000  0.000   0.00
10 151 856 210121313422.627913423.6123
 13.222 -2.598  8.834 23.541 35.591 28.906 16.929-15.929  1.561
  24.878 21.896  9.211  8.370 15.948 12.958 38.935 34.398   3.03
10 251 918 0 0 1 113423.612313424.6826
 11.813  0.245  0.405-40.219-28.632 16.863 23.584  0.000  0.000
   0.000  0.000  0.000  0.000  0.000  0.000  0.000  0.000   0.00
10 251 918 4 9131213423.612313424.6826
 12.766 -2.623  6.276 35.591 48.199 16.929 12.693-12.901 -0.261
  38.935 34.398  7.037  6.005  4.451 12.478 49.860 45.494   9.69
10 551 812 1 1 2 213426.657213427.6201
 14.269  0.217 -3.375-13.465 -0.679 19.320 27.289-26.436  0.023
 -13.248-13.629 -3.482 -3.293  8.338 10.982 -0.659 -1.108  25.40
10 651 9 7 1 1 2 213427.620113428.6240
 13.578  0.609 -3.583 -0.679 11.957 27.289 27.756 -1.035  1.212
  -0.659 -1.108 -3.584 -3.576 26.035  1.255 11.996 10.708 -38.27
10 751 9 1 1 1 2 213428.624013429.6162
 14.639  0.193 -4.195 11.957 25.506 27.756 24.643-39.309 -0.044
  11.996 10.708 -4.227 -3.175 26.907  0.849 25.514 24.160   5.97
10 851 912 1 1 2 113429.616213430.6953
 14.488  0.549 -4.386 25.506 40.077 24.643 13.151-33.338 -1.616
  25.514 24.160 -4.391 -3.503 24.489  0.155  0.000  0.000   0.00
10 951 718 0 0 1 113430.695313431.7334
 14.308  0.163 -4.978 40.077 53.908 13.151 17.548  0.000  0.000
   0.000  0.000  0.000  0.000  0.000  0.000  0.000  0.000   0.00
10 951 718 4 2 6 213430.695313431.7334
 14.885 -0.022  4.862-14.181  0.250  0.595  0.342  3.856  0.693
 -13.882-14.667  4.842  4.894  0.369  0.227  0.465 -1.006 -10.93
10 951 718 3 2 5 813430.695313431.7334
 12.676 -0.098  9.450-57.515-45.379 11.672 15.885-30.705  2.737
 -56.315-57.840 10.153  9.260  2.489  9.184-44.136-48.662  36.10
101051 623 2 5 7 913431.733413432.6563
 13.513  0.421 -8.422-46.223-34.662 21.360 79.262 15.693  4.620
 -45.527-49.076 -8.228 -9.215 17.171  4.188-33.763-40.064  25.44
101051 623 4 4 8 813431.733413432.6563
 11.892  0.349  9.349-45.379-35.313 15.885 12.025  5.398  0.591
 -44.136-48.662  9.233  9.655 11.523  4.362-32.063-37.208  -7.76
101151 815 0 0 1 413432.656313433.6191
 11.988  0.215 -2.178 46.996 57.586  1.906  9.437  0.000  0.000
   0.000  0.000  0.000  0.000  0.000  0.000  0.000 56.574   0.00
101151 815 1 8 9 113432.656313433.6191
 15.397 -0.953 -8.810-34.662-20.791 79.262118.144 41.131 -8.267
 -33.763-40.064 -8.034-13.472 67.958 11.304  0.000  0.000   0.00
101151 815 4 4 8 513432.656313433.6191
 12.386  0.160  9.670-35.313-24.340 12.025  3.167 -2.363 -4.259
 -32.063-37.208  9.803  9.593  4.428  7.597-23.856-24.629 -18.89
101251 9 8 3 1 4 913433.619113434.6719
 14.175  0.093-13.711-24.830-10.945 10.785  9.611 21.275  2.503
 -23.331-25.208-13.144-13.854  2.175  8.610 -9.630-14.223 -22.10
101251 9 8 0 0 1 213433.619113434.6719
 14.050  0.053 -7.893-20.791 -7.037118.144 38.789  0.000  0.000
   0.000  0.000  0.000  0.000  0.000  0.000  0.000 -7.413   0.00
101251 9 8 1 4 5 413433.619113434.6719
 15.106 -0.052  9.825-24.340 -9.475  3.167  2.582-21.254  3.716
 -23.856-24.629 10.011  9.714  1.182  1.985 -5.803-10.101   0.40
101251 9 8 1 1 2 213433.619113434.6719
 14.511  0.184 11.737-52.262-38.024  5.368  8.878-86.088 -0.189
 -52.244-52.290 12.003 11.344  3.199  2.169-38.019-38.055 171.82
101351 753 5 4 9 613434.671913435.6279
 12.629  0.556-13.809-10.945  0.188  9.611  5.600 -0.825  0.069
  -9.630-14.223-13.827-13.763  6.859  2.751  1.784 -2.885  -2.01
101351 753 1 1 2 413434.671913435.6279
 13.526  0.631 -7.948 -7.037  4.955 38.789 59.085 71.895  1.944
  -7.037 -7.413 -7.947 -9.085 38.739  0.050  5.015  3.131 -18.26
101351 753 1 1 2 313434.671913435.6279
 13.939 -0.510 11.931-38.024-25.638  8.878 10.862 85.731 -0.155
 -38.019-38.055 11.869 12.339  7.722  1.156-25.457-25.760-105.65
101451 856 1 3 42113435.627913436.6416
 13.393  1.442 -8.552  4.955 17.533 59.085 69.718 53.638  3.305
   5.015  3.131 -8.470-11.001 57.180  1.905 18.694 14.080  -8.44
101451 856 1 2 3 513435.627913436.6416
 14.424 -0.799 11.443-25.638-12.014 10.862 18.867-19.916  1.660
 -25.457-25.760 11.507 11.399  4.384  6.478-10.955-12.108  74.92
101551 835 714212213436.641613437.6719
 16.088 -0.410-10.013 17.533 33.097 69.718 78.165 45.196  0.217
  18.694 14.080 -8.862-13.437 52.179 17.539 35.626 32.578-108.39
101551 835 2 3 5 713436.641613437.6719
 13.866  0.087 10.632-12.014  1.260 18.867 14.200 55.004  0.330
 -10.955-12.108  9.146 10.765  1.547 17.320  1.552 -0.733 -41.71
101651 752 3 4 7 613437.671913438.6396
 14.826 -0.053 10.721  1.260 14.648 14.200 32.301 13.291 -2.234
   1.552 -0.733 10.653 11.184 12.387  1.813 14.669 14.634  49.10
101651 752101222 413437.671913438.6396
 14.206 -0.547 -9.591 33.097 45.885 78.165 46.882-63.195 -4.322
  35.626 32.578-14.527 -8.578 13.309 64.856 46.015 44.018  95.84
101651 752 0 0 1 113437.671913438.6396
 14.328  0.146-16.420 24.326 37.232  1.125  1.196  0.000  0.000
   0.000  0.000  0.000  0.000  0.000  0.000  0.000  0.000   0.00
101751 838 4 2 6 213438.639613439.7100
 14.233  0.341 10.670 14.648 28.832 32.301 17.132 62.386  2.273
  14.669 14.634 10.630 10.695 12.490 19.811 28.839 26.469 -54.97
101751 838 1 3 41013438.639613439.7100
 13.860  0.836 -9.062 45.885 59.671 46.882 76.614 32.647  2.952
  46.015 44.018 -8.979-10.243 43.832  3.050 60.061 58.339  38.67
101851 656 2 1 31513439.710013440.6553
 16.486  0.318  8.986  2.137 16.787  1.855 25.799 71.124  3.082
   2.326  1.907  8.441  9.653  1.020  0.835 18.698 14.278 -70.73
101851 656 1 1 2 213439.710013440.6553
 14.442  0.227 11.035 28.832 41.550 17.132 24.375  7.416  0.859
  28.839 26.469 11.034 11.337 17.082  0.050 41.556 38.669 -35.34
101951 815 1 2 3 213440.655313441.6230
 11.435  0.428 17.285-53.466-43.357  1.457  0.766 -0.915 -4.905
 -49.318-55.065 17.348 17.261  0.406  1.052-42.861-43.378 -31.35
101951 815 6 9151813440.655313441.6230
 14.065  0.048  9.287 16.787 29.438 25.799 11.127  0.396  1.526
  18.698 14.278  9.274  9.304 14.642 11.157 32.431 26.485   4.51
101951 815 1 1 2 113440.655313441.6230
 13.654 -0.621 11.249 41.550 53.803 24.375 16.897-27.927 -3.205
  41.556 38.669 11.253  9.752 24.325  0.050  0.000  0.000   0.00
102551 640 1 2 3 513446.721713447.6572
 11.982  0.800  7.282-26.922-16.637  2.195  3.084  4.716  1.765
 -26.014-28.898  7.208  7.444  1.504  0.691-14.655-19.267   5.13
102651 813 0 0 1 213447.657213448.6934
 12.484 -0.129-10.787-52.690-40.778  0.152  0.158  0.000  0.000
   0.000  0.000  0.000  0.000  0.000  0.000  0.000-42.120   0.00
102851 822 0 0 1 513449.651413450.7012
 14.070 -0.325 12.896-50.097-36.368  6.169  9.900  0.000  0.000
   0.000  0.000  0.000  0.000  0.000  0.000  0.000-37.187   0.00
102851 822 3 2 5 813449.651413450.7012
 14.488  0.567  7.723 39.211 53.378  6.497  2.036 18.355  1.509
  39.960 36.921  7.477  8.476  4.895  1.602 55.830 51.167  -8.70
102951 710 1 1 2 213450.701213451.6641
 13.951 -0.231 -3.507-54.561-42.073  2.375  4.642-38.825  0.012
 -54.274-54.567 -3.737 -3.502  0.050  2.325-41.943-42.104 -26.85
102951 710 1 4 5 513450.701213451.6641
 13.904  0.307 12.555-36.368-23.926  9.900  7.465-12.896  0.657
 -36.060-37.187 12.624 12.372  7.189  2.711-23.601-25.393   0.89
103051 8 3 313162113451.664113452.7656
 11.862  0.173 -8.169-16.512 -4.526 51.125 33.390 -3.881  3.398
 -13.159-19.764 -8.394 -7.951 25.173 25.952 -0.908-10.939   8.10
103051 8 3 1 1 2 213451.664113452.7656
 13.980  0.196 -3.284-42.073-27.753  4.642  1.033-65.678 -0.168
 -41.943-42.104 -3.571 -3.218  0.874  3.768-27.751-27.795 144.18
103051 8 3 3 2 5 513451.664113452.7656
 13.678  0.375 12.851-23.926 -9.938  7.465  6.178-12.009  1.296
 -23.601-25.393 12.918 12.546  6.112  1.352 -9.530-12.094  47.93
103151 5371110211813452.765613453.6572
 16.304 -0.047 -8.360 -4.526  9.132 33.390 49.493  4.223 -6.466
  -0.908-10.939 -8.096 -8.829 21.346 12.043 11.149  7.678 -14.05
103151 537 1 1 2 113452.765613453.6572
 14.236 -0.106 -3.500-27.753-15.939  1.033  1.275 78.498 -0.220
 -27.751-27.795 -3.490 -3.705  0.983  0.050  0.000  0.000   0.00
103151 537 4 1 5 113452.765613453.6572
 14.643 -0.107 13.264 -9.938  2.239  6.178  5.597 35.921 -3.082
  -9.530-12.094 12.976 14.785  5.195  0.983  0.000  0.000   0.00
11 151 812 9 9181513453.657213454.6602
 15.279  0.486 -8.318  9.132 23.465 49.493 19.817 -9.822  0.462
  11.149  7.678 -8.664 -8.069 20.739 28.754 25.703 21.727   4.40
11 151 812 2 3 5 513453.657213454.6602
 14.292 -0.182 -8.588 -1.926 11.417  8.202  9.894 52.601 -0.444
  -1.795 -2.491 -8.418 -9.318  6.655  1.547 11.507 11.116   3.32
11 151 812 0 0 1 113453.657213454.6602
 14.473  0.338 13.168  2.239 15.763  5.597  7.277  0.000  0.000
   0.000  0.000  0.000  0.000  0.000  0.000  0.000  0.000   0.00
11 251 8 8 8 715 813454.660213455.6621
 15.979  0.763 -8.805 23.465 38.489 19.817  8.877 -5.422  0.761
  25.703 21.727 -9.015 -8.642  8.663 11.155 40.195 35.433   1.17
11 251 8 8 2 3 5 413454.660213455.6621
 13.721  1.539 -8.406 11.417 24.178  9.894  4.687 55.917  1.457
  11.507 11.116 -8.275 -8.846  7.621  2.273 24.722 23.948-125.13
11 251 8 8 0 0 1 313454.660213455.6621
 13.952 -0.405 13.508 15.763 28.756  7.277  7.698  0.000  0.000
   0.000  0.000  0.000  0.000  0.000  0.000  0.000 28.704   0.00
11 351 8 5 5 3 8 613455.662113456.6592
 14.372  0.057 -9.570 38.489 51.828  8.877 20.463 -4.257 -0.130
  40.195 35.433 -9.695 -9.345  5.697  3.180 53.621 48.985   0.96
11 351 8 5 2 2 4 213455.662113456.6592
 14.420 -1.277 -9.948 24.178 37.565  4.687  1.865-69.214  0.228
  24.722 23.948-11.358 -9.352  1.392  3.295 38.421 37.546   0.59
11 351 8 5 2 1 3 113455.662113456.6592
 14.608 -0.284 13.102 28.756 42.330  7.698  3.692 84.534 -0.649
  28.767 28.704 12.983 13.629  6.279  1.419  0.000  0.000   0.00
11 451 811 1 1 2 613456.659213457.7031
 13.833  2.009 -8.675 37.565 50.983  1.865  6.429-68.624 -0.858
  38.421 37.546-10.837 -8.626  0.041  1.824 51.335 50.254 114.14
11 451 811 0 0 1 113456.659213457.7031
 14.303 -0.194 -8.500-58.549-44.641  2.079  0.050  0.000  0.000
   0.000  0.000  0.000  0.000  0.000  0.000  0.000  0.000   0.00
11 451 811 0 0 1 113456.659213457.7031
 14.375 -0.926 12.819 42.330 56.314  3.692  5.138  0.000  0.000
   0.000  0.000  0.000  0.000  0.000  0.000  0.000  0.000   0.00
11 551 7 7 1 1 2 213457.703113458.6904
 13.695  0.819-11.033-54.744-42.203 41.821 45.493 31.566  0.164
 -54.554-55.399-10.919-11.429 32.425  9.396-41.934-43.054 -16.04
11 651 725 1 1 2 513458.690413459.9111
 13.912  0.039-11.842-42.203-26.422 45.493 39.384 15.522 -0.092
 -41.934-43.054-11.769-12.073 34.596 10.897-25.853-26.919 -11.26
11 651 725 2 4 61013458.690413459.9111
 14.198  0.168 -5.427-49.393-33.263 20.936 29.653  9.944  1.434
 -48.559-50.165 -5.281 -5.561 10.065 10.871-32.843-35.358 -45.00
11 751 2 7 3 2 5 713459.911113460.6592
 13.999  0.400-11.889-26.422-16.689 39.384 27.557  4.266  0.194
 -25.853-26.919-11.848-11.926 18.364 21.020-15.838-17.107  -4.12
11 751 2 7 4 6101213459.911113460.6592
 14.354  0.354 -5.632-33.263-23.265 29.653 24.629-35.058 -0.629
 -32.843-35.358 -5.925 -4.169 24.700  4.953-22.834-24.830  -0.08
11 851 811 5 2 71513460.659213461.6650
 13.808  0.486-12.189-16.689 -3.796 27.557 20.855  0.144  0.677
 -15.838-17.107-12.187-12.190  9.066 18.491 -2.503 -4.430  11.10
11 851 811 3 9121513460.659213461.6650
 13.944  0.368 -5.897-23.265-10.235 24.629 33.190-35.140  0.356
 -22.834-24.830 -6.199 -4.801 19.307  5.322 -9.621-11.791  -4.04
111451 514 3 4 7 513466.782213467.6465
 13.091  1.176 -2.783 30.880 41.346 22.678  2.362 -0.860  1.791
  32.334 29.291 -2.805 -2.759 11.838 10.839 44.235 39.397  -1.15
111551 828 2 3 5 113467.646513468.9883
 12.945 -0.197 -3.799 41.346 57.392  2.362  5.587 -2.015 -4.830
  44.235 39.397 -3.901 -3.731  0.952  1.410  0.000  0.000   0.00
111551 828 1 1 2 113467.646513468.9883
 15.405 -0.108  6.703-30.426-11.080  0.726  1.004 85.741 -0.246
 -30.422-30.441  6.653  6.898  0.577  0.149  0.000  0.000   0.00
111651 016 0 0 1 513468.988313469.7988
 11.573  0.100  6.558-11.080 -2.492  1.004  5.904  0.000  0.000
   0.000  0.000  0.000  0.000  0.000  0.000  0.000 -3.305   0.00
111751 448 3 1 4 413469.798813470.8086
 16.687 -0.610 10.144-52.948-37.093 11.556 11.591 -0.752  1.078
 -50.253-53.538 10.179 10.136  2.074  9.483-35.618-39.964   6.98
111751 448 0 0 1 313469.798813470.8086
 13.783 -0.302 17.685-59.277-46.355 14.637  5.584  0.000  0.000
   0.000  0.000  0.000  0.000  0.000  0.000  0.000-47.313   0.00
111751 448 3 2 5 513469.798813470.8086
 17.353  0.418  6.640 -2.492 14.036  5.904  5.883 -9.413  0.616
   0.013 -3.305  7.052  6.506  1.448  4.456 14.207 10.245   3.00
112451 8 0 2 1 3 213476.666013477.9814
 11.622  0.201-13.976 13.967 27.959  4.351  4.713-17.881 -1.719
  13.991 11.947-13.983-13.343  4.301  0.050 28.251 27.919  46.43
112651 523 2 2 4 713478.775413479.6689
 15.962 -0.402 11.364-31.587-18.201  7.945  9.980 25.397 -0.125
 -28.700-31.875 10.021 11.498  0.720  7.226-16.203-19.303  -1.83
112651 523 2 2 4 313478.775413479.6689
 15.548  0.042 11.612-53.235-40.219  5.238 14.818 -1.716 -2.010
 -52.344-55.458 11.639 11.547  3.738  1.499-39.492-40.547   9.02
112651 523 0 0 1 113478.775413479.6689
 14.293 -0.573 21.752 40.554 52.448 15.746 10.024  0.000  0.000
   0.000  0.000  0.000  0.000  0.000  0.000  0.000  0.000   0.00
112651 523 2 3 51013478.775413479.6689
 14.567 -1.285  6.867 39.662 51.802  2.030 13.546-38.464  0.719
  40.606 37.457  7.611  5.127  1.422  0.608 53.376 49.859  -3.59
112751 756 4 3 7 313479.668913480.7197
 13.898 -0.288 11.005-18.201 -4.633  9.980 12.667 23.567  1.900
 -16.203-19.303 10.150 11.477  3.548  6.432 -0.970 -5.886  -1.29
112751 756 1 2 3 313479.668913480.7197
 14.484 -0.199 11.650-40.219-26.035 14.818 11.141  7.299  0.136
 -39.492-40.547 11.559 11.691  4.600 10.218-25.388-26.590  -7.16
112851 644 1 2 3 513480.719713481.6865
 13.739 -0.661 11.441-26.035-13.697 11.141  8.085  0.141  0.667
 -25.388-26.590 11.439 11.442  5.141  6.000-13.137-15.012   3.20
112851 644 1 2 3 313480.719713481.6865
 12.768  0.055 10.703 -4.633  6.767 12.667  7.616 22.278 -4.682
  -0.970 -5.886  9.229 11.208  3.229  9.438  6.873  6.450 -61.84
112951 730 2 3 5 113481.686513482.7559
 14.387 -0.191 10.801-13.697  0.628  8.085  2.230  3.337 -1.845
 -13.137-15.012 10.769 10.876  5.670  2.415  0.000  0.000   0.00
112951 730 2 1 3 613481.686513482.7559
 16.307 -0.849 10.757  6.767 23.144  7.616 12.035-39.561  3.851
   6.873  6.450 10.843 10.500  5.707  1.909 24.826 20.832  65.86
122151 636111728 713503.724613504.7266
 16.785 -1.086  9.067  9.161 24.987 54.520 50.929 14.093 -3.677
  11.675  6.286  8.443  9.779 29.083 25.437 25.460 23.645  -7.54
122151 636 1 1 2 113503.724613504.7266
 14.411  0.306-11.390 19.714 33.163  5.805  3.029 59.604 -0.749
  19.717 19.331-11.384-12.030  5.755  0.050  0.000  0.000   0.00
122151 636 3 1 4 513503.724613504.7266
 14.365 -0.069  2.792 33.993 47.396  6.928  7.274 30.047 -0.316
  35.519 32.203  1.910  3.826  3.740  3.187 47.795 44.435 -13.02
122251 633 1 7 81613504.726613505.8711
 16.578  0.214  8.828 19.289 37.139 21.750 77.684  1.722  1.479
  23.311 17.995  8.709  8.867  5.294 16.456 39.614 32.883   7.53
122251 633 4 3 71613504.726613505.8711
 11.600  0.956  7.979 24.987 37.139 50.929 77.684  6.557  4.925
  25.460 23.645  7.925  8.132 37.648 13.282 39.614 32.883   2.69
122351 3 6 610162413505.871113506.7119
 14.266  0.516  9.073 37.139 48.312 77.684 78.305  9.251  0.938
  39.614 32.883  8.675  9.758 49.124 28.560 51.422 43.827   3.24
