 1127422 5 3 3 6 721562.919921563.7207
 13.825  0.011-11.280 -7.624  2.671 14.733 14.183 19.808 -0.417
  -7.193 -8.260-11.128-11.505  8.789  5.944  3.005  2.333  -1.52
 1127422 5 2 1 3 421562.919921563.7207
 13.814 -0.052-14.788-36.290-26.004 11.501  8.459 36.079 -0.252
 -35.956-36.571-14.553-14.986  5.252  6.249-25.809-26.294 -21.42
 1127422 5 2 1 3 321562.919921563.7207
 12.948  0.084-17.086-58.618-49.027 13.228 26.692 29.138  0.551
 -56.505-59.646-15.960-17.633  4.327  8.901-45.673-49.427  -3.20
 113741719 4 3 7 421563.720721564.7910
 14.782 -2.289-11.290  2.671 17.423 14.183  7.283 18.289  0.215
   3.005  2.333-11.181-11.399  7.136  7.047 17.710 16.969  18.17
 113741719 2 2 4 221563.720721564.7910
 15.737  2.093-14.747-26.004-10.231  8.459  3.782 14.661  0.026
 -25.809-26.294-14.698-14.820  5.057  3.402 -9.973-10.503 -21.08
 117742150 0 0 1 121567.910221568.7363
 14.077  0.769-15.474 29.475 40.308  2.720  5.708  0.000  0.000
   0.000  0.000  0.000  0.000  0.000  0.000  0.000  0.000   0.00
 117742150 0 0 1 221567.910221568.7363
 13.515  0.562-17.733  5.251 15.620 11.459  5.588  0.000  0.000
   0.000  0.000  0.000  0.000  0.000  0.000  0.000 15.418   0.00
 117742150 1 1 2 121567.910221568.7363
 14.687 -0.144-11.144 -9.806  1.532  0.783  6.031-81.820 -0.236
  -9.774 -9.808-11.363-11.130  0.050  0.733  0.000  0.000   0.00
 117742150 0 0 1 421567.910221568.7363
 12.177  0.623-15.247-14.458 -5.196  5.495  2.322  0.000  0.000
   0.000  0.000  0.000  0.000  0.000  0.000  0.000 -6.434   0.00
 210741752 0 0 1 421591.744121592.7480
 13.947  0.067-16.140-29.353-16.332 14.362 18.241  0.000  0.000
   0.000  0.000  0.000  0.000  0.000  0.000  0.000-20.033   0.00
 210741752 1 1 2 321591.744121592.7480
 13.743 -0.068-18.713-37.835-25.019  4.717  2.373 85.583  0.145
 -37.808-37.862-18.378-19.042  2.335  2.382-24.874-25.211 -18.75
 2147417 6 0 0 1 121595.712921596.8887
 14.389  0.069-16.086 22.642 38.416 25.810 20.818  0.000  0.000
   0.000  0.000  0.000  0.000  0.000  0.000  0.000  0.000   0.00
 2147417 6 4 1 5 921595.712921596.8887
 15.249 -0.034-19.349-33.211-16.425 23.979 23.469  3.269  0.674
 -29.776-33.961-19.164-19.389  4.294 19.685-13.677-18.577  -0.73
 2147417 6 0 0 1 121595.712921596.8887
 14.298  0.448-17.780-43.568-27.900  8.131  9.345  0.000  0.000
   0.000  0.000  0.000  0.000  0.000  0.000  0.000  0.000   0.00
 215742120 0 0 1 221596.888721597.7031
 14.217  0.090-16.167 38.416 49.199 20.818 24.424  0.000  0.000
   0.000  0.000  0.000  0.000  0.000  0.000  0.000 47.488   0.00
 215742120 5 4 91121596.888721597.7031
 15.966 -1.267-19.309-16.425 -4.218 23.469 35.123  2.535  1.502
 -13.677-18.577-19.194-19.399 10.307 13.162 -1.509 -7.910   4.97
 215742120 0 0 1 221596.888721597.7031
 14.348 -0.099-18.308-27.900-17.011  9.345 15.499  0.000  0.000
   0.000  0.000  0.000  0.000  0.000  0.000  0.000-18.739   0.00
 216741652 5 6111921597.703121598.7949
 13.838 -0.050-18.277 -4.218  9.809 35.123 44.037  7.505  0.548
  -1.509 -7.910-17.938-18.739 20.259 14.864 13.589  6.776   6.81
 216741652 1 1 2 221597.703121598.7949
 14.697  0.138-18.228-17.011 -2.047 15.499  7.512 47.824 -2.076
 -16.943-18.739-18.156-20.038 14.908  0.590 -1.923 -2.050  27.08
 2177419 4 1 1 2 321598.794921599.6992
 14.344  0.233-18.378 -2.047 10.037  7.512  7.029 74.908  0.457
  -1.923 -2.050-17.942-18.390  0.207  7.305 10.085 10.002  10.23
 218741645 1 2 3 321599.699221600.7012
 14.017  0.503-18.588 10.037 23.101  7.029  4.147 85.141  0.242
  10.085 10.002-18.058-18.975  2.964  4.065 23.311 23.047-162.75
 219741649 1 2 3 121600.701221601.7539
 12.030 -1.824-19.092 23.101 34.749  4.147  3.707-77.606 -1.163
  23.311 23.047-19.997-18.861  0.845  3.302  0.000  0.000   0.00
 2207418 7 1 1 2 621601.753921602.6855
 15.225 -0.833-19.349 44.114 57.359 19.223 12.636 17.138 -2.494
  49.034 44.101-17.917-19.352  0.050 19.173 58.581 56.167  -1.54
 2207418 7 0 0 1 821601.753921602.6855
 11.955 -0.311-17.169 34.749 44.954  3.707 24.100  0.000  0.000
   0.000  0.000  0.000  0.000  0.000  0.000  0.000 42.184   0.00
 312741651 1 1 2 121621.701221622.6738
 14.886  0.720-16.114-42.586-29.089  5.656  1.549-28.671 -2.613
 -42.268-44.655-16.281-15.028  4.902  0.754  0.000  0.000   0.00
 312741651 1 1 2 321621.701221622.6738
 14.379  0.398 -0.035 45.951 58.956 29.597 16.322 55.128  0.438
  45.969 45.528 -0.059  0.573 28.450  1.147 58.962 57.989 -91.53
 321741541 0 0 1 121630.654321631.6680
 14.340 -0.167 -8.944-26.521-12.970 12.872 13.470  0.000  0.000
   0.000  0.000  0.000  0.000  0.000  0.000  0.000  0.000   0.00
 321741541 4 711 721630.654321631.6680
 12.135 -0.355 14.566 30.176 41.490 22.057  7.163-19.217  0.370
  31.468 28.107 15.002 13.868 13.580  8.476 43.785 40.460 -13.12
 3227416 3 0 0 1 121631.668021632.6406
 14.527  0.336 -8.775-12.970  0.187 13.470 18.392  0.000  0.000
   0.000  0.000  0.000  0.000  0.000  0.000  0.000  0.000   0.00
 4 67416 3 2 6 8 521646.668021647.6582
 14.057  0.374 11.269 30.006 42.932 11.720 12.669 24.523  1.720
  31.979 28.080 10.386 12.131  5.790  5.929 45.048 39.895   7.03
 410741726 1 6 7 521650.726621651.7988
 13.042  0.399 -5.356 41.805 54.732 28.557 12.834 18.046  4.282
  43.442 40.865 -4.825 -5.661 10.412 18.145 58.241 51.557  -0.36
 4107417261213251821650.726621651.7988
 15.033  0.460-12.766  7.060 22.121 81.632 82.508  4.859  2.544
  10.191  3.489-12.507-13.062 43.499 38.133 26.377 17.025  -6.06
 410741726 2 1 3 521650.726621651.7988
 12.174 -0.557-15.398-11.426  0.570  2.934 11.967 -1.194  1.851
 -11.380-14.089-15.399-15.345  2.884  0.050  2.621 -1.996   1.26
 411741910 9 9182521651.798821652.9297
 16.872 -0.281-13.260 22.121 40.081 82.508139.326 -1.201  0.495
  26.377 17.025-13.347-13.156 44.962 37.546 43.271 33.499  -5.99
 411741910 4 1 51021651.798821652.9297
 16.335  0.491-14.801  0.570 17.923 11.967 13.300  0.062 -0.895
   2.621 -1.996-14.799-14.803  6.650  5.317 20.100 16.463  10.61
 412742218 619253821652.929721653.7793
 13.138 -0.537-12.943 40.081 50.402139.326160.512 -7.192 -1.393
  43.271 33.499-13.335-12.133 93.842 45.484 54.243 45.939  -1.72
 412742218 3 7101721652.929721653.7793
 14.090 -0.336-15.356 17.923 29.052 13.300 28.953 10.676  0.565
  20.100 16.463-14.960-15.621  5.337  7.963 31.054 26.827  -1.56
 413741841 8 9171221653.779321654.7988
 15.921 -0.797-15.071 29.052 44.288 28.953 30.291  9.117 -0.336
  31.054 26.827-14.761-15.416 15.238 13.715 45.783 42.003   6.15
 414741910 210121221654.798821655.6406
 11.784 -0.640-14.258 44.288 53.384 30.291 60.691 15.270  0.665
  45.783 42.003-13.863-14.863 18.305 11.986 55.816 51.248  -9.24
 415741522 2 2 4 121655.640621656.6328
 11.508  0.022-12.775 12.975 23.402  6.821  4.412 -6.357 -2.063
  13.577 11.474-12.840-12.612  4.868  1.953  0.000  0.000   0.00
 415741522 0 0 1 121655.640621656.6328
 13.974  0.194 -8.289-55.048-42.177  5.195  8.315  0.000  0.000
   0.000  0.000  0.000  0.000  0.000  0.000  0.000  0.000   0.00
 425741522 3 2 5 321665.640621666.7012
 15.594  0.128 -8.560 10.901 26.391 11.901  2.438  8.601 -0.250
  13.194  9.400 -8.217 -8.784  4.707  7.195 27.747 24.216   1.43
 430741722 1 2 3 321670.722721671.6738
 14.543  0.475 -3.441-47.655-34.775  8.855  6.152-40.982  0.042
 -47.438-47.758 -3.629 -3.351  2.857  5.998-34.708-35.081   3.99
 430741722 4 4 8 321670.722721671.6738
 17.406 -0.229  6.481 25.997 41.596 15.848 11.419 16.134  1.823
  27.610 24.213  6.017  6.993  8.324  7.524 42.486 37.236  -4.08
 5 1741610 2 1 3 221671.673821672.6191
 14.175 -0.627 -3.892-34.775-22.301  6.152  9.056-36.993  0.080
 -34.708-35.081 -3.942 -3.662  5.036  1.117-22.137-22.570  -0.71
 5 1741610 1 2 3 121671.673821672.6191
 16.860  0.460  6.263 41.596 56.611 11.419  8.169 12.052 -5.336
  42.486 37.236  6.074  7.188  9.483  1.936  0.000  0.000   0.00
 5 2741452 1 1 2 121672.619121673.6055
 13.607 -1.231 -3.299-22.301 -9.864  9.056  7.263-37.707 -0.546
 -22.137-22.570 -3.425 -3.091  5.631  3.425  0.000  0.000   0.00
 5 3741431 0 0 1 321673.605521674.8711
 12.317  1.867 -2.086 -9.864  4.473  7.263 24.907  0.000  0.000
   0.000  0.000  0.000  0.000  0.000  0.000  0.000 -0.676   0.00
 5 3741431 1 1 2 221673.605521674.8711
 14.166  1.452 -3.685-29.371-12.695  3.352  1.306-16.091 -0.041
 -29.308-30.902 -3.703 -3.244  3.218  0.134-12.238-13.703  -9.43
 5 3741431 2 1 3 321673.605521674.8711
 13.842  1.356 -8.036-40.695-24.428  3.752  5.057  3.720 -0.352
 -39.947-41.928 -7.988 -8.116  2.336  1.416-23.978-25.611   0.77
 5 4742052 1 2 3 221674.871121675.9063
 17.219  1.381 -4.448  4.473 21.281 24.907  8.649 11.573 -4.239
   7.116 -0.676 -3.908 -5.499 16.458  8.449 21.382 18.212  19.75
 5 4742052 1 1 2 221674.871121675.9063
 14.826  1.871 -5.522-12.695  1.635  1.306  6.455-25.519 -0.285
 -12.238-13.703 -5.739 -5.043  0.899  0.407  1.644  0.463  -2.78
 5 4742052 2 1 3 321674.871121675.9063
 13.441  0.656 -9.752-24.428-11.531  5.057  8.275  4.486  0.576
 -23.978-25.611 -9.717 -9.844  3.666  1.392-10.457-12.422 -32.55
 5 4742052 0 0 1 121674.871121675.9063
 13.780  1.064 -7.582-46.234-32.986  3.254  7.953  0.000  0.000
   0.000  0.000  0.000  0.000  0.000  0.000  0.000  0.000   0.00
 5 6741830 2 3 5 721676.771521677.9355
 11.846  0.826-10.777  4.269 16.924 10.232 25.947  9.456 -0.025
   5.617  3.335-10.556-10.930  4.188  6.045 18.160 15.874 -14.84
 5 7742228 2 2 4 221677.935521678.9297
 14.165  0.647 -6.855 29.925 43.021 19.031 10.570 -6.978 -0.815
  30.202 28.347 -6.889 -6.663 16.190  2.840 43.141 42.330 -32.35
 5 7742228 3 4 7 521677.935521678.9297
 14.423  0.428-11.740 16.924 30.277 25.947 14.008 -5.384  0.030
  18.160 15.874-11.854-11.643 11.923 14.025 31.239 29.059 -15.31
 5 7742228 0 0 1 121677.935521678.9297
 14.310 -0.073-12.969 -4.739  8.502 10.266  6.847  0.000  0.000
   0.000  0.000  0.000  0.000  0.000  0.000  0.000  0.000   0.00
 510741510 5 4 9 121680.632821681.5996
 14.266  0.114-12.491 31.177 44.033 11.455 14.965 66.629 -2.261
  32.024 31.105-10.577-12.653  0.896 10.559  0.000  0.000   0.00
 6 1741642 61016 621702.695321703.7207
 15.570  0.552-14.144-42.834-27.882 38.335 40.345 -1.181 -1.385
 -39.675-45.160-14.207-14.097 16.260 22.075-26.352-30.386   8.69
 6 2741718 1 1 2 321703.720721704.7227
 13.920  0.356-13.419  9.769 22.724 12.992  9.417 32.534  0.427
   9.940  7.303-13.313-14.949 12.147  0.844 23.206 19.956  -8.02
 6 2741718 4 2 6 621703.720721704.7227
 13.711 -0.027-14.710-27.882-15.136 40.345 14.312  7.507  0.298
 -26.352-30.386-14.515-15.029 25.050 15.295-12.931-17.278  -0.82
 6 3741720 2 1 3 321704.722721705.7910
 15.077  0.040-13.776 22.724 37.778  9.417  6.164 24.512 -2.510
  23.206 19.956-13.563-15.002  8.021  1.396 37.803 37.754  62.67
 6 3741720 0 0 1 521704.722721705.7910
 13.128  0.158  5.106-56.644-43.672  7.389 29.091  0.000  0.000
   0.000  0.000  0.000  0.000  0.000  0.000  0.000-45.738   0.00
 6 4741858 0 0 1 221705.791021706.7266
 16.020  0.331 -8.676 39.942 54.029  4.336  0.375  0.000  0.000
   0.000  0.000  0.000  0.000  0.000  0.000  0.000 53.474   0.00
 6 4741858 0 0 1 121705.791021706.7266
 15.591  0.242-13.388-27.234-13.549  5.247  2.385  0.000  0.000
   0.000  0.000  0.000  0.000  0.000  0.000  0.000  0.000   0.00
 6 4741858 0 0 1 121705.791021706.7266
 15.626 -0.369-17.338-28.798-15.080  0.145  0.271  0.000  0.000
   0.000  0.000  0.000  0.000  0.000  0.000  0.000  0.000   0.00
 6 4741858 2 3 5 221705.791021706.7266
 12.137  0.254  5.274-43.672-33.223 29.091 11.611  3.103 -3.844
 -41.136-45.738  5.137  5.386 13.061 16.030-33.175-33.293 -84.04
 6 5741727 1 1 2 121706.726621707.6680
 15.128 -0.881  4.851-26.963-13.643 15.220 15.479 -4.608 -0.764
 -26.795-27.559  4.865  4.803 11.863  3.357  0.000  0.000   0.00
 6 5741727 1 1 2 621706.726621707.6680
 14.359 -0.417  5.512-33.223-20.627 11.611  5.805-80.940 -0.303
 -33.175-33.293  5.810  5.074  6.908  4.703-20.578-20.669   2.78
 6 67416 3 2 4 6 721707.668021708.7305
 17.477 -0.747  5.119-20.627 -3.113  5.805 21.228-78.156  6.344
 -20.578-20.669  5.351  4.918  2.696  3.109  0.972 -5.780  85.28
 6 7741732 1 2 3 221708.730521709.6035
 14.466  1.403-12.770 13.138 24.899  9.808  7.467 47.794  0.061
  13.148 12.188-12.759-13.791  9.708  0.100 25.222 24.761  24.28
 6 7741732 3 4 7 721708.730521709.6035
 16.945  0.419  4.326 -3.113 10.810 21.228 19.184  7.123  2.174
   0.972 -5.780  3.817  4.659  8.385 12.844 14.090  5.109  -4.57
 6 8741428 3 3 61321709.603521710.9570
 14.703  0.249  4.433-56.379-37.789 32.213 26.742 14.787 -1.867
 -54.740-62.181  4.001  5.959 25.119  7.094-35.577-41.396 -12.16
 610741532 514191721711.646521712.7246
 14.929 -2.200 10.874-28.839-13.818 30.672 34.759 11.945 -1.151
 -24.325-32.773  9.936 11.691 14.281 16.391-10.413-17.638   0.88
 612741414 31922 121713.593821714.9414
 16.944 -0.185  5.517 -3.189 18.338 38.579 21.298  2.746 -8.194
   0.153 -8.070  5.357  5.750 22.900 15.679  0.000  0.000   0.00
 613742236 1 1 2 321714.941421715.6797
 14.409 -0.134-14.279-55.982-46.079 18.799 16.752 15.997  0.083
 -55.461-56.342-14.135-14.379  7.693 11.106-45.599-46.507   9.09
 613742236 0 0 1 221714.941421715.6797
 14.528  0.038  5.592 10.298 20.288 13.636  2.508  0.000  0.000
   0.000  0.000  0.000  0.000  0.000  0.000  0.000 20.143   0.00
 613742236 0 0 1 521714.941421715.6797
 14.466  0.585  5.267 18.338 28.283 21.298 14.708  0.000  0.000
   0.000  0.000  0.000  0.000  0.000  0.000  0.000 28.035   0.00
 614741618 1 2 3 221715.679721716.7070
 13.775 -0.101-14.180-46.079-32.921 16.752 13.206 25.086 -0.065
 -45.599-46.507-13.962-14.374  7.897  8.856-32.520-33.432 -12.41
 614741618 2 3 5 321715.679721716.7070
 13.900 -0.358  5.699 28.283 41.569 14.708 12.363 25.372  0.258
  28.524 28.035  5.586  5.816  7.473  7.235 41.581 40.855  -0.60
 615741659 2 1 3 221716.707021717.6602
 14.133  0.296  5.331 41.569 54.109 12.363  2.921 24.769 -0.408
  41.581 40.855  5.326  5.660 12.160  0.204 54.155 54.099-106.62
 615741659 1 1 2 421716.707021717.6602
 14.671  0.069-14.076-32.921-19.868 13.206 15.519 12.679  0.275
 -32.520-33.432-13.989-14.188  7.404  5.803-19.512-20.614  12.64
 616741552 2 2 4 321717.660221718.9688
 14.017  0.308-14.142-19.868 -2.831 15.519 16.834 25.315  0.018
 -19.512-20.614-13.978-14.484 10.506  5.013 -2.342 -3.390   6.99
 617742314 2 1 3 221718.968821719.9531
 14.079 -0.399-14.544 -2.831 10.067 16.834 20.789 32.302  0.501
  -2.342 -3.390-14.245-14.886  8.980  7.854 10.727  9.356   6.29
 618742252 1 1 2 221719.953121720.9727
 13.185  1.313-14.152 10.067 22.508 20.789 16.581 38.591 -0.342
  10.727  9.356-13.641-14.702 10.781 10.008 23.143 21.973  -4.66
 619742320 1 1 2 421720.972721721.6035
 13.721  0.395-15.490 22.508 30.559 16.581  6.608 33.933  0.326
  23.143 21.973-15.079-15.837  7.579  9.003 31.733 30.265  -0.94
 620741430 2 2 4 221721.603521722.7344
 15.017 -0.993-15.740 30.559 46.428  6.608  7.615 32.988 -0.382
  31.733 30.265-15.007-15.924  1.325  5.283 46.888 45.704  -4.54
 628742345 0 0 1 121729.990221730.7188
 17.331 -0.399-10.710-47.546-35.611  9.466  7.275  0.000  0.000
   0.000  0.000  0.000  0.000  0.000  0.000  0.000  0.000   0.00
 629741715 0 0 1 121730.718821731.7344
 15.383 -0.009-10.419-35.611-20.997  7.275  5.692  0.000  0.000
   0.000  0.000  0.000  0.000  0.000  0.000  0.000  0.000   0.00
 629741715 3 3 61821730.718821731.7344
 13.007  0.827-13.502-55.221-43.018 46.062 59.529 -5.433  1.733
 -51.237-57.621-13.870-13.280 17.317 28.744-39.417-47.563  13.34
 630741737 3 2 5 321731.734421732.6113
 14.181  1.612 -9.443  1.812 13.400  6.004  8.214  4.449 -2.511
   3.924  0.893 -9.281 -9.514  1.820  4.184 13.584 13.343  56.61
 630741737 0 0 1 121731.734421732.6113
 15.121  0.007-10.409-20.997 -8.583  5.692 15.589  0.000  0.000
   0.000  0.000  0.000  0.000  0.000  0.000  0.000  0.000   0.00
 7 2741915 2 810 921733.802721734.6660
 13.850 -0.728 -9.951 48.281 59.391 25.286 31.438 -0.526  2.576
  49.186 44.781 -9.959 -9.920 20.091  5.195 61.021 54.124  10.71
 7 27419151612282521733.802721734.6660
 14.729 -0.416-14.920 -0.269 11.600103.766126.807  3.719  0.775
   3.276 -2.416-14.697-15.055 39.142 64.624 16.248  9.754  -2.67
 7 6741533 2 2 4 721737.648421738.7012
 12.091  0.363-13.410 10.856 22.562 15.796 13.854-12.597 -2.695
  13.024  8.123-13.881-12.816  8.808  6.987 23.404 21.213  26.26
 7 9741459 1 5 6 221740.625021741.7480
 14.569 -0.215 -8.709-52.618-37.356 68.412 46.918 -0.974 -3.957
 -52.398-58.976 -8.713 -8.603 66.123  2.289-37.354-39.924  -2.44
 710741756 1 1 2 321741.748021742.7402
 14.254 -0.015 -8.468-37.356-24.164 46.918 53.719 -3.413  2.246
 -37.354-39.924 -8.468 -8.317 46.868  0.050-24.155-28.982  -1.63
 711741747 1 2 3 521742.740221743.6582
 14.467  0.117 -8.453-24.164-11.791 53.719 42.667 -5.042 -2.291
 -24.155-28.982 -8.454 -8.033 53.619  0.100-11.694-14.222   6.92
 7157422 3 0 0 1 121746.918021747.7383
 14.194  0.439 -8.138 31.370 42.190 61.148 62.012  0.000  0.000
   0.000  0.000  0.000  0.000  0.000  0.000  0.000  0.000   0.00
 7157422 3 8 3111321746.918021747.7383
 14.236  0.256-11.549 -6.515  4.340 37.830 30.933 32.127  0.979
  -4.321 -8.116-10.199-12.534 15.959 21.871  7.401  2.434  -7.05
 7157422 3 0 0 1 121746.918021747.7383
 14.436 -0.205-13.332-48.164-37.145 17.366 10.035  0.000  0.000
   0.000  0.000  0.000  0.000  0.000  0.000  0.000  0.000   0.00
 716741742 0 0 1 221747.738321748.7695
 14.197 -0.118 -8.498 42.190 55.822 62.012 38.832  0.000  0.000
   0.000  0.000  0.000  0.000  0.000  0.000  0.000 55.766   0.00
 716741742 8 513 621747.738321748.7695
 15.996 -0.403-11.758  4.340 19.827 30.933 16.076 25.078  2.025
   7.401  2.434-10.355-12.631 11.867 19.067 23.225 16.198  -3.81
 716741742 0 0 1 321747.738321748.7695
 12.738  0.303-13.164-37.145-25.019 10.035  9.834  0.000  0.000
   0.000  0.000  0.000  0.000  0.000  0.000  0.000-28.094   0.00
 717741827 2 1 3 621748.769521749.7441
 15.321  0.046-13.476-25.019-11.025  9.834 18.420 12.993 -0.247
 -23.234-28.094-13.076-14.166  6.222  3.612-10.534-14.983   7.02
 718741752 1 1 2 321749.744121750.7891
 13.810  0.023 -4.468 35.771 49.181  0.154  0.431  9.694  1.342
  36.041 35.208 -4.422 -4.564  0.104  0.050 50.634 48.742  20.58
 718741752 1 4 5 221749.744121750.7891
 14.727 -0.010-10.023 36.045 50.414 13.346  4.878 30.041  3.685
  36.265 35.424 -9.897-10.376  9.845  3.501 50.461 45.941 -13.52
 718741752 2 1 3 121749.744121750.7891
 14.846 -0.497-11.884 28.369 42.862 12.488  3.754 27.862 -0.439
  28.510 28.113-11.811-12.017  8.048  4.440  0.000  0.000   0.00
 718741752 2 4 6 221749.744121750.7891
 14.732 -0.075-13.521-11.025  3.350 18.420 13.422 20.017 -4.056
 -10.534-14.983-13.347-14.923 16.390  2.030  3.561  3.162  24.87
 719741857 1 1 2 221750.789121751.7480
 13.907 -0.051-13.442  3.350 15.749 13.422  9.798 44.886  0.085
   3.561  3.162-13.238-13.624  6.316  7.107 15.826 15.265 -14.46
 720741758 1 1 2 121751.748021752.7637
 14.418 -0.458-13.393 15.749 29.385  9.798 17.808 30.428 -0.632
  15.826 15.265-13.349-13.670  8.454  1.344  0.000  0.000   0.00
 720741758 4 2 6 921751.748021752.7637
 16.017 -0.088-14.117-35.929-20.671 11.956 42.121-17.999  1.926
 -34.600-37.103-14.536-13.747  5.608  6.348-18.852-23.464  20.47
 721741819 0 0 1 121752.763721753.7871
 14.681  0.169-12.929 29.385 43.420 17.808 11.533  0.000  0.000
   0.000  0.000  0.000  0.000  0.000  0.000  0.000  0.000   0.00
 721741819 3 6 91621752.763721753.7871
 14.267  0.651-14.028-20.671 -7.059 42.121 30.986  2.468  1.013
 -18.852-23.464-13.952-14.145 25.507 16.615 -4.676-10.284 -11.46
 721741819 0 0 1 321752.763721753.7871
 14.395  0.107 -9.048-57.071-43.328 23.157 15.550  0.000  0.000
   0.000  0.000  0.000  0.000  0.000  0.000  0.000-43.799   0.00
 722741853 0 0 1 121753.787121754.6602
 13.932 -0.401-13.102 43.420 54.719 11.533 18.543  0.000  0.000
   0.000  0.000  0.000  0.000  0.000  0.000  0.000  0.000   0.00
 722741853 9 7161621753.787121754.6602
 15.201  0.472-14.695 -7.059  5.346 30.986 30.543 -8.992  1.184
  -4.676-10.284-15.059-14.201 17.816 13.170  7.623  0.796  -0.12
 722741853 1 2 3 921753.787121754.6602
 14.457  0.118 -9.158-43.328-31.572 15.550 30.770 16.995  0.536
 -42.615-43.799 -8.942 -9.300  6.185  9.365-31.022-32.608  10.18
 723741550 8 816 221754.660221755.8125
 16.678  1.632-15.106  5.346 23.445 30.543 11.448 -9.114 -5.109
   7.623  0.796-15.459-14.401 20.356 10.186 23.838 22.494 -25.75
 723741550 3 6 91121754.660221755.8125
 13.121 -0.557 -9.260-31.572-17.574 30.770 23.584 27.175  1.489
 -31.022-32.608 -8.982 -9.785 20.106 10.664-16.238-19.365  -9.34
 724741930 1 1 2 221755.812521756.7402
 15.208  0.839-16.988 23.445 36.657 11.448 19.800-34.862 -0.274
  23.838 22.494-17.249-16.354  8.102  3.346 37.013 35.777  10.57
 724741930 3 3 6 221755.812521756.7402
 13.986  1.407-14.775 14.982 27.059 15.971  3.626-13.761  0.428
  16.228 14.752-15.070-14.721  2.489 13.482 27.959 27.022  75.45
 724741930 4 7111021755.812521756.7402
 15.629  0.451 -8.618-17.574 -3.971 23.584 20.804 17.839 -0.689
 -16.238-19.365 -8.193 -9.188 13.508 10.076 -3.551 -6.122 -10.58
 725741747 1 1 2 121756.740221757.7520
 16.352 -1.518-17.766 36.657 52.202 19.800 21.874-24.289 -1.292
  37.013 35.777-17.919-17.388 14.095  5.705  0.000  0.000   0.00
 725741747 1 1 2 121756.740221757.7520
 15.082 -0.855-16.082 27.059 41.320  3.626  9.616 61.691 -1.898
  27.959 27.022-14.476-16.147  0.143  3.484  0.000  0.000   0.00
 725741747 3 710 821756.740221757.7520
 15.636  0.109 -9.038 -3.971 10.849 20.804 26.992  7.259 -0.965
  -3.551 -6.122 -8.985 -9.308 17.403  3.401 11.703 10.143   7.74
 725741747 0 0 1 221756.740221757.7520
 14.879  2.080-13.876-48.945-34.890 10.973  6.555  0.000  0.000
   0.000  0.000  0.000  0.000  0.000  0.000  0.000-35.109   0.00
 7267418 3 3 5 8 521757.752021758.7324
 14.172 -0.208 -9.148 10.849 23.786 26.992 24.700 15.003  0.694
  11.703 10.143 -8.922 -9.334 12.219 14.772 25.174 22.945   0.78
 7267418 3 1 1 2 321757.752021758.7324
 14.333 -0.049-15.979-34.890-21.795  6.555 11.590-78.211 -0.354
 -34.889-35.109-15.987-14.972  6.505  0.050-21.746-22.364 107.71
 727741735 1 4 5 221758.732421759.9219
 13.922  0.307 -8.944 23.786 39.184 24.700  9.385 15.786 -0.840
  25.174 22.945 -8.556 -9.179  9.314 15.386 39.192 37.736 -22.82
 727741735 2 1 3 321758.732421759.9219
 14.157 -0.642-15.931-21.795 -6.118 11.590 15.572 29.503  0.278
 -21.746-22.364-15.904-16.240 10.661  0.929 -5.801 -6.209  36.28
 7287422 7 1 1 2 321759.921921760.7402
 13.673  0.857 -9.309 39.184 49.569  9.385 11.366 -7.037  1.009
  39.192 37.736 -9.309 -9.132  9.335  0.050 50.606 48.130  14.24
 7287422 7 2 1 3 421759.921921760.7402
 15.175  0.071-10.161  2.438 14.052  5.655 15.776-35.915  1.885
   2.644  1.549-10.308 -9.527  4.590  1.065 15.058 11.889  21.74
 7287422 7 1 2 3 221759.921921760.7402
 13.997  1.695-15.167 -6.118  4.532 15.572  2.880 65.780  0.622
  -5.801 -6.209-14.488-15.364  3.499 12.072  5.327  4.518  -5.14
 729741745 2 2 4 921760.740221761.8965
 14.756 -1.093-10.219 14.052 29.992 15.776 28.179-14.174  1.896
  15.058 11.889-10.469 -9.681 10.767  5.009 32.151 26.983  17.14
 730742132 4 5 91421761.896521762.7461
 15.907 -0.614 -8.954 29.992 42.661 28.179 17.165  2.966 -0.881
  32.151 26.983 -8.843 -9.108 16.407 11.772 43.898 39.724   9.64
 731741753 6 8141021762.746121763.7227
 14.315  0.404 -8.433 42.661 55.691 17.165 38.165 12.603  1.646
  43.898 39.724 -8.159 -9.082 12.075  5.090 57.735 52.187   8.52
 8 6741712 1 3 4 421768.716821769.7109
 14.337 -0.329 -9.451-37.562-24.269 42.251 30.025 35.058 -2.360
 -37.327-40.702 -9.288-11.624 39.300  2.951-24.253-25.940 -47.70
 8 6741712 1 3 4 321768.716821769.7109
 15.036  0.145 -6.291-49.721-35.732 15.687 12.283  2.497 -0.653
 -48.227-52.539 -6.226 -6.413 10.251  5.436-35.361-39.014  -6.13
 8 77417 5 1 3 4 221769.710921770.7012
 14.278 -0.174 -9.124-24.269-11.108 30.025 36.234-12.643  1.153
 -24.253-25.940 -9.128 -8.754 29.740  0.285-11.074-13.650 -14.53
 8 77417 5 1 2 3 121769.710921770.7012
 14.882  0.382 -6.435-35.732-21.973 12.283 12.533 -3.635 -3.638
 -35.361-39.014 -6.459 -6.228 11.035  1.248  0.000  0.000   0.00
 8 8741650 1 1 2 121770.701221771.7422
 14.002 -0.150 -8.952-11.108  2.449 36.234 37.278-27.173 -2.860
 -11.074-13.650 -8.969 -7.663 35.755  0.479  0.000  0.000   0.00
 8 8741650 0 0 1 321770.701221771.7422
 13.967 -0.307 -6.814-21.973 -8.453 12.533 10.804  0.000  0.000
   0.000  0.000  0.000  0.000  0.000  0.000  0.000-11.041   0.00
 8 8741650 0 0 1 521770.701221771.7422
 15.256 -1.159 -7.157-52.977-38.115  0.685  8.242  0.000  0.000
   0.000  0.000  0.000  0.000  0.000  0.000  0.000-38.830   0.00
 8 9741749 0 0 1 121771.742221772.7969
 14.394 -0.065 -8.796  2.449 16.600 37.278 40.546  0.000  0.000
   0.000  0.000  0.000  0.000  0.000  0.000  0.000  0.000   0.00
 8 9741749 1 2 3 121771.742221772.7969
 14.712  0.484 -6.494 -8.453  6.034 10.804 12.482-14.177 -3.033
  -8.082-11.041 -6.587 -5.844  9.450  1.354  0.000  0.000   0.00
 8 9741749 4 1 5 721771.742221772.7969
 16.669  0.467 -5.951-38.115-21.564  8.242 31.962-10.916  0.451
 -34.902-38.830 -6.567 -5.813  1.500  6.742-19.543-24.000   9.80
 8107419 7 0 0 1 121772.796921773.6660
 14.534 -0.264 -8.727 16.600 28.367 40.546 43.998  0.000  0.000
   0.000  0.000  0.000  0.000  0.000  0.000  0.000  0.000   0.00
 8107419 7 0 0 1 221772.796921773.6660
 14.182 -0.166 -7.004  6.034 17.494 12.482  8.384  0.000  0.000
   0.000  0.000  0.000  0.000  0.000  0.000  0.000 13.938   0.00
 8107419 7 4 3 71121772.796921773.6660
 13.756  0.344 -6.443-21.564-10.472 31.962 38.408 -1.117  0.018
 -19.543-24.000 -6.483 -6.396 17.474 14.489 -8.216-12.597  13.14
 8107419 7 1 1 2 121772.796921773.6660
 17.041  0.067  8.889-40.238-26.295  8.843  1.391-22.083 -2.679
 -38.762-41.274  9.481  8.474  3.647  5.195  0.000  0.000   0.00
 8107419 7 0 0 1 221772.796921773.6660
 14.337  0.097  8.150-49.980-38.385 10.670  3.972  0.000  0.000
   0.000  0.000  0.000  0.000  0.000  0.000  0.000-40.329   0.00
 811741558 0 0 1 121773.666021774.6250
 14.508 -0.079 -8.497 28.367 41.341 43.998 31.893  0.000  0.000
   0.000  0.000  0.000  0.000  0.000  0.000  0.000  0.000   0.00
 811741558 1 1 2 121773.666021774.6250
 14.312  0.047 -6.860 17.494 30.281  8.384 10.468-13.962 -3.661
  17.516 13.938 -6.865 -5.982  8.334  0.050  0.000  0.000   0.00
 811741558 3 811 521773.666021774.6250
 15.647 -0.928 -6.742-10.472  3.595 38.408 32.181 12.019  0.421
  -8.216-12.597 -6.265 -7.191 18.626 19.782  4.385 -0.489  -6.64
 811741558 4 5 9 221773.666021774.6250
 12.806  0.203-18.255-14.027 -2.684  8.430  2.614  7.562  1.320
 -13.120-15.114-18.140-18.392  4.596  3.834  0.278 -3.127  -6.93
 811741558 1 1 2 121773.666021774.6250
 14.386  0.411  8.235-38.385-25.527  3.972  4.636-21.511 -2.095
 -38.360-40.329  8.245  7.477  3.922  0.050  0.000  0.000   0.00
 812741459 0 0 1 121774.625021775.9004
 14.288  0.018 -8.421 41.341 58.320 31.893 35.739  0.000  0.000
   0.000  0.000  0.000  0.000  0.000  0.000  0.000  0.000   0.00
 812741459 0 0 1 121774.625021775.9004
 14.225  0.260 -6.904 30.281 47.179 10.468 12.080  0.000  0.000
   0.000  0.000  0.000  0.000  0.000  0.000  0.000  0.000   0.00
 812741459 1 4 5 121774.625021775.9004
 14.605 -0.535 -5.852  3.595 20.977 32.181 21.744  5.383 -4.870
   4.385 -0.489 -5.778 -6.235 26.966  5.215  0.000  0.000   0.00
 812741459 0 0 1 121774.625021775.9004
 14.235 -0.081  8.629-25.527 -8.616  4.636  5.667  0.000  0.000
   0.000  0.000  0.000  0.000  0.000  0.000  0.000  0.000   0.00
 813742136 0 0 1 121775.900421776.7676
 14.246  0.103 -7.235 47.179 58.695 12.080  5.246  0.000  0.000
   0.000  0.000  0.000  0.000  0.000  0.000  0.000  0.000   0.00
 813742136 0 0 1 121775.900421776.7676
 14.519 -0.530 -5.169 20.977 32.730 21.744 24.021  0.000  0.000
   0.000  0.000  0.000  0.000  0.000  0.000  0.000  0.000   0.00
 814741826 0 0 1 121776.767621777.7207
 14.152 -1.161 -4.709 32.730 45.281 24.021 34.676  0.000  0.000
   0.000  0.000  0.000  0.000  0.000  0.000  0.000  0.000   0.00
 814741826 0 0 1 121776.767621777.7207
 13.848 -0.302-13.979-52.145-39.884 25.526 22.748  0.000  0.000
   0.000  0.000  0.000  0.000  0.000  0.000  0.000  0.000   0.00
 815741718 0 0 1 221777.720721778.7109
 14.995 -0.038 -3.603 45.281 59.170 34.676 27.771  0.000  0.000
   0.000  0.000  0.000  0.000  0.000  0.000  0.000 57.549   0.00
 815741718 3 710 221777.720721778.7109
 12.424  0.777  9.439 27.786 39.128 44.521 19.011 16.488 -2.814
  30.097 26.653  8.765  9.770 14.651 29.870 39.387 39.023  44.06
 815741718 0 0 1 121777.720721778.7109
 14.297  0.320-13.691-39.884-26.687 22.748 32.265  0.000  0.000
   0.000  0.000  0.000  0.000  0.000  0.000  0.000  0.000   0.00
 8167417 5 1 1 2 221778.710921779.7637
 14.215  0.012  7.967 44.959 58.884  7.118 12.478  1.560 -3.188
  44.991 40.455  7.966  8.088  7.068  0.050 58.902 57.619 -14.90
 8167417 5 0 0 1 321778.710921779.7637
 11.730  0.310 11.399 44.399 55.710  4.030 24.779  0.000  0.000
   0.000  0.000  0.000  0.000  0.000  0.000  0.000 54.349   0.00
 8167417 5 1 1 2 321778.710921779.7637
 16.740  1.441 10.209 39.128 55.710 19.011 24.779 60.550  3.958
  39.387 39.023  9.757 10.391  5.454 13.557 59.075 54.349 -69.71
 8167417 5 0 0 1 121778.710921779.7637
 13.748  0.298-14.009-26.687-13.253 32.265 24.949  0.000  0.000
   0.000  0.000  0.000  0.000  0.000  0.000  0.000  0.000   0.00
 817741820 0 0 1 121779.763721780.7051
 13.609  0.113-14.322-13.253 -1.369 24.949 35.570  0.000  0.000
   0.000  0.000  0.000  0.000  0.000  0.000  0.000  0.000   0.00
 818741655 0 0 1 121780.705121781.7441
 14.208  0.525-14.428 -1.369 12.374 35.570 35.656  0.000  0.000
   0.000  0.000  0.000  0.000  0.000  0.000  0.000  0.000   0.00
 819741751 0 0 1 421781.744121782.7461
 15.921 -1.174-14.973 12.374 27.336 35.656 36.575  0.000  0.000
   0.000  0.000  0.000  0.000  0.000  0.000  0.000 25.560   0.00
 820741752 3 1 4 321782.746121783.7266
 11.945  1.010-13.798 27.336 38.096 36.575 27.528 33.134 -2.146
  31.130 25.560-11.393-14.924 11.663 24.911 41.787 37.910  -3.47
 820741752 1 1 2 321782.746121783.7266
 14.131 -0.001  1.620-47.802-34.898  6.919 11.220 15.058  0.315
 -47.634-48.416  1.575  1.785  5.428  1.491-34.837-35.911 -32.45
 821741726 2 1 3 521783.726621784.7656
 14.755 -0.816-14.789 38.096 52.406 27.528 28.763 29.662  0.523
  41.787 37.910-12.756-14.891  1.319 26.209 54.449 51.209  19.78
 821741726 1 2 3 321783.726621784.7656
 14.039  0.014  1.620-34.898-21.331 11.220  8.617-17.395  2.082
 -34.837-35.911  1.639  1.302 10.582  0.638-21.187-24.379  23.37
 822741822 1 2 3 221784.765621785.6953
 13.855 -0.197  1.634-21.331 -9.351  8.617  5.911  5.978  0.930
 -21.187-24.379  1.619  1.953  8.229  0.388 -9.032-13.050 -19.84
 823741642 1 1 2 121785.695321786.7207
 14.491 -0.248  1.451 -9.351  4.507  5.911 17.605-13.858 -4.137
  -9.032-13.050  1.529  0.538  5.442  0.469  0.000  0.000   0.00
 824741719 0 0 1 121786.720721787.8105
 13.711 -0.706  1.197  4.507 18.360 17.605 12.898  0.000  0.000
   0.000  0.000  0.000  0.000  0.000  0.000  0.000  0.000   0.00
 825741926 0 0 1 121787.810521788.7852
 14.211  1.174 -0.428 18.360 31.260 12.898 10.464  0.000  0.000
   0.000  0.000  0.000  0.000  0.000  0.000  0.000  0.000   0.00
 826741850 0 0 1 121788.785221789.8027
 13.711  1.561 -1.572 31.260 44.220 10.464 11.909  0.000  0.000
   0.000  0.000  0.000  0.000  0.000  0.000  0.000  0.000   0.00
 9 2741543 0 0 1 121795.654321796.7422
 14.040 -0.331 -7.667-39.362-25.161 17.855  5.688  0.000  0.000
   0.000  0.000  0.000  0.000  0.000  0.000  0.000  0.000   0.00
 9 3741749 1 2 3 221796.742221797.7578
 14.329  0.076-11.901  1.829 15.389  4.058  3.569  5.764  0.270
   2.431 -0.105-11.842-12.092  3.095  0.963 16.151 13.422   9.35
 9 3741749 0 0 1 121796.742221797.7578
 14.244  0.227 -7.308-25.161-11.687  5.688 14.011  0.000  0.000
   0.000  0.000  0.000  0.000  0.000  0.000  0.000  0.000   0.00
 9 3741749 0 0 1 121796.742221797.7578
 14.241  0.345 -2.891-59.445-45.975 15.500 13.596  0.000  0.000
   0.000  0.000  0.000  0.000  0.000  0.000  0.000  0.000   0.00
 9 3741749 0 0 1 121796.742221797.7578
 15.368 -0.160  7.348-29.087-14.471  0.465  0.774  0.000  0.000
   0.000  0.000  0.000  0.000  0.000  0.000  0.000  0.000   0.00
 9 4741812 0 0 1 121797.757821798.7285
 14.047 -0.258 -7.538-11.687  0.997 14.011 16.043  0.000  0.000
   0.000  0.000  0.000  0.000  0.000  0.000  0.000  0.000   0.00
 9 4741812 0 0 1 321797.757821798.7285
 11.630 -0.982-13.130-26.528-16.191  1.036  7.232  0.000  0.000
   0.000  0.000  0.000  0.000  0.000  0.000  0.000-16.571   0.00
 9 4741812 0 0 1 121797.757821798.7285
 13.826 -0.526-14.002-53.053-40.584  2.849  2.981  0.000  0.000
   0.000  0.000  0.000  0.000  0.000  0.000  0.000  0.000   0.00
 9 4741812 0 0 1 121797.757821798.7285
 13.964 -0.334 -3.242-45.975-33.371 13.596 13.743  0.000  0.000
   0.000  0.000  0.000  0.000  0.000  0.000  0.000  0.000   0.00
 9 5741730 0 0 1 121798.728521799.7129
 14.475 -0.058 -7.288  0.997 14.275 16.043 13.802  0.000  0.000
   0.000  0.000  0.000  0.000  0.000  0.000  0.000  0.000   0.00
 9 5741730 0 0 1 121798.728521799.7129
 14.057  0.389-13.492-40.584-27.717  2.981  1.126  0.000  0.000
   0.000  0.000  0.000  0.000  0.000  0.000  0.000  0.000   0.00
 9 5741730 0 0 1 121798.728521799.7129
 14.225  0.239 -2.918-33.371-20.340 13.743 11.515  0.000  0.000
   0.000  0.000  0.000  0.000  0.000  0.000  0.000  0.000   0.00
 9 67417 7 0 0 1 121799.712921800.7988
 14.102  0.177 -7.231 14.275 28.524 13.802  8.773  0.000  0.000
   0.000  0.000  0.000  0.000  0.000  0.000  0.000  0.000   0.00
 9 67417 7 0 0 1 121799.712921800.7988
 13.926  0.034-13.875-27.717-13.659  1.126  1.547  0.000  0.000
   0.000  0.000  0.000  0.000  0.000  0.000  0.000  0.000   0.00
 9 67417 7 0 0 1 121799.712921800.7988
 14.132 -0.106 -3.153-20.340 -6.057 11.515 17.082  0.000  0.000
   0.000  0.000  0.000  0.000  0.000  0.000  0.000  0.000   0.00
 9 7741911 0 0 1 121800.798821801.8965
 13.810 -0.130 -7.423 28.524 42.599  8.773 10.482  0.000  0.000
   0.000  0.000  0.000  0.000  0.000  0.000  0.000  0.000   0.00
 9 7741911 0 0 1 121800.798821801.8965
 13.873  0.038 -3.039 -6.057  8.086 17.082 15.629  0.000  0.000
   0.000  0.000  0.000  0.000  0.000  0.000  0.000  0.000   0.00
 9 8742130 0 0 1 121801.896521802.7480
 15.147  0.799 -7.280 42.599 54.668 10.482 11.196  0.000  0.000
   0.000  0.000  0.000  0.000  0.000  0.000  0.000  0.000   0.00
 9 8742130 0 0 1 121801.896521802.7480
 14.730  0.440 -3.080  8.086 19.800 15.629  3.574  0.000  0.000
   0.000  0.000  0.000  0.000  0.000  0.000  0.000  0.000   0.00
 9 9741758 0 0 1 121802.748021803.6543
 14.693  0.056 -3.455 19.800 32.225  3.574 17.793  0.000  0.000
   0.000  0.000  0.000  0.000  0.000  0.000  0.000  0.000   0.00
 9 9741758 1 5 6 921802.748021803.6543
 13.855 -0.117  8.211-59.077-47.411 62.154 84.793-17.983 -0.691
 -58.110-61.655  8.521  7.382 45.214 16.940-46.422-49.240  -3.52
 910741543 0 0 1 121803.654321804.7422
 14.184  0.261 -3.505 32.225 46.582 17.793  9.565  0.000  0.000
   0.000  0.000  0.000  0.000  0.000  0.000  0.000  0.000   0.00
 910741543 1 1 2 421803.654321804.7422
 14.386 -0.405-11.833-48.245-33.669 16.346 12.186 26.930 -4.099
 -48.231-52.910-11.826-14.153 16.296  0.050-33.496-34.101  28.25
 910741543 0 0 1 121803.654321804.7422
 13.449 -0.287-15.576-59.146-45.589  7.291  3.307  0.000  0.000
   0.000  0.000  0.000  0.000  0.000  0.000  0.000  0.000   0.00
 910741543 1 8 91021803.654321804.7422
 14.459  0.180  8.105-47.411-32.755 84.793 91.410-21.500  0.057
 -46.422-49.240  8.490  7.392 55.036 29.757-32.034-34.633 -11.18
 911741749 0 0 1 221804.742221805.7520
 14.131 -0.180 -3.789 46.582 59.868  9.565  1.711  0.000  0.000
   0.000  0.000  0.000  0.000  0.000  0.000  0.000 59.568   0.00
 911741749 1 3 4 521804.742221805.7520
 14.723 -0.036-11.393-33.669-19.786 12.186 10.712 55.183  0.220
 -33.496-34.101-11.149-12.002  8.710  3.476-19.236-20.347 -25.08
 911741749 0 0 1 121804.742221805.7520
 13.802  0.257-15.263-45.589-32.636  3.307  4.441  0.000  0.000
   0.000  0.000  0.000  0.000  0.000  0.000  0.000  0.000   0.00
 911741749 1 910 821804.742221805.7520
 13.782 -0.356  8.301-32.755-19.822 91.410 83.890-32.683  0.118
 -32.034-34.633  8.758  7.109 66.046 25.363-18.692-21.601   7.90
 9127418 4 4 1 5 921805.752021806.7109
 14.888 -0.181-11.356-19.786 -6.470 10.712 15.864 30.105  0.702
 -19.236-20.347-11.044-11.676  5.413  5.299 -5.821 -7.802 -22.34
 9127418 4 0 0 1 121805.752021806.7109
 14.549  0.038-15.523-32.636-19.645  4.441  4.680  0.000  0.000
   0.000  0.000  0.000  0.000  0.000  0.000  0.000  0.000   0.00
 9127418 4 2 6 81421805.752021806.7109
 14.559 -0.357  7.941-19.822 -6.822 83.890 75.339-24.788 -0.238
 -18.692-21.601  8.458  7.127 51.297 32.593 -5.683 -8.064 -11.69
 9137417 3 3 6 9 921806.710921807.6934
 15.191  0.043-11.183 -6.470  7.491 15.864  8.720  7.760 -0.006
  -5.821 -7.802-11.097-11.361 10.667  5.197  8.476  6.576 -25.40
 9137417 3 0 0 1 121806.710921807.6934
 14.048  0.008-15.559-19.645 -6.807  4.680  1.110  0.000  0.000
   0.000  0.000  0.000  0.000  0.000  0.000  0.000  0.000   0.00
 9137417 3 5 9141221806.710921807.6934
 13.921  0.396  7.598 -6.822  5.892 75.339 52.393-36.477 -0.219
  -5.683 -8.064  8.433  6.688 39.311 36.028  6.924  4.690   1.03
 914741637 2 7 9 221807.693421808.7578
 16.358 -0.449-11.226  7.491 23.848  8.720  5.067-17.642 -1.497
   8.476  6.576-11.533-10.941  4.199  4.522 23.851 23.492  57.20
 914741637 0 0 1 121807.693421808.7578
 13.789  0.149-15.567 -6.807  6.817  1.110  4.218  0.000  0.000
   0.000  0.000  0.000  0.000  0.000  0.000  0.000  0.000   0.00
 914741637 5 712 921807.693421808.7578
 14.594  0.022  7.988  5.892 20.372 52.393 77.933-35.450  0.543
   6.924  4.690  8.716  7.140 28.186 24.208 21.483 18.642   5.11
 915741810 1 1 2 321808.757821809.7168
 14.393 -0.333-10.748 23.848 36.718  5.067 13.152 39.556  1.846
  23.851 23.492-10.745-11.037  5.017  0.050 37.519 35.245 -53.56
 915741810 2 7 91321808.757821809.7168
 14.442  0.693  8.011 20.372 33.289 77.933109.597-30.345  0.101
  21.483 18.642  8.655  7.008 47.472 30.461 34.330 31.058  14.62
 915741810 0 0 1 121808.757821809.7168
 14.401 -0.092-15.726  6.817 19.694  4.218  4.128  0.000  0.000
   0.000  0.000  0.000  0.000  0.000  0.000  0.000  0.000   0.00
 915741810 0 0 1 121808.757821809.7168
 15.111 -0.492 10.133-59.772-46.213  4.693  6.572  0.000  0.000
   0.000  0.000  0.000  0.000  0.000  0.000  0.000  0.000   0.00
 916741712 211131421809.716821810.7266
 14.535 -0.381  8.676 33.289 46.981109.597 80.551-15.721  0.370
  34.330 31.058  8.966  8.056 74.717 34.880 48.178 44.689  -6.52
 916741712 0 0 1 221809.716821810.7266
 15.724  0.732  9.661-46.213-31.319  6.572  3.202  0.000  0.000
   0.000  0.000  0.000  0.000  0.000  0.000  0.000-31.375   0.00
 916741712 0 0 1 121809.716821810.7266
 14.362  0.390  8.213-55.096-41.577  1.641  2.447  0.000  0.000
   0.000  0.000  0.000  0.000  0.000  0.000  0.000  0.000   0.00
 917741727 31114 821810.726621811.6836
 14.374 -0.903  8.291 46.981 59.775 80.551 58.173-22.239 -1.123
  48.178 44.689  8.776  7.364 52.914 27.637 60.642 58.296  -4.60
 924741930 1 5 6 221817.812521818.9043
 15.368 -1.072 12.217 10.524 26.227 21.669 14.584-23.222  0.941
  11.596  9.120 12.667 11.628 12.288  9.381 26.494 23.080   2.87
 925742142 1 1 2 121818.904321819.8203
 14.729 -0.815 11.047 26.227 38.807 14.584  4.282-20.348 -3.574
  26.494 23.080 11.144  9.901 13.444  1.140  0.000  0.000   0.00
 929742230 3 3 6 621822.937521823.7734
 14.720 -0.121-11.536 -8.392  3.073  7.424  9.189 -2.686  0.625
  -6.900-10.082-11.604-11.458  3.943  3.481  4.791  0.969   3.18
 929742230 1 2 3 721822.937521823.7734
 12.991  0.193 -5.705-40.299-30.278 41.606 36.945 11.328  0.826
 -37.682-44.560 -5.183 -6.555 25.774 15.832-26.442-34.210  -3.14
 929742230 4 1 5 721822.937521823.7734
 14.297  0.513  8.995-37.166-26.054 22.554 22.010-36.051  1.721
 -36.628-37.309  9.382  8.893  4.742 17.812-24.406-26.728   9.83
 930741833 2 5 7 721823.773421824.6387
 14.394  0.536 -5.866-30.278-18.666 36.945 38.732  8.191  0.342
 -26.442-34.210 -5.317 -6.429 18.700 18.244-14.901-22.970   1.99
 930741833 3 4 7 721823.773421824.6387
 13.990 -0.086  9.424-26.054-14.792 22.010 12.371-26.224 -0.524
 -24.406-26.728 10.224  9.096  6.387 15.623-14.256-15.137 -38.40
10 1741520 1 6 7 121824.638721825.7910
 15.673  0.640-11.777 17.756 34.666  6.015  9.387-15.756 -2.203
  18.493 16.328-11.981-11.383  3.965  2.049  0.000  0.000   0.00
10 1741520 2 5 7 121824.638721825.7910
 17.063 -0.516 -6.330-18.666 -0.154 38.732 19.220 10.182 -8.149
 -14.901-22.970 -5.658 -7.099 20.659 18.074  0.000  0.000   0.00
10 1741520 5 2 7 221824.638721825.7910
 13.470 -0.688  9.349-14.792 -0.418 12.371  6.313-64.623  0.712
 -14.256-15.137 10.464  8.631  4.847  7.524  1.011 -0.488   7.34
10 2741858 0 0 1 121825.791021826.7598
 15.710 -0.133-12.514 34.666 48.931  9.387  6.833  0.000  0.000
   0.000  0.000  0.000  0.000  0.000  0.000  0.000  0.000   0.00
10 2741858 1 1 2 221825.791021826.7598
 14.521  0.067  8.557 -0.418 12.695  6.313  7.880-57.285  1.624
   1.011 -0.488 10.756  8.450  0.294  6.019 12.820  9.238  93.05
10 3741813 3 4 7 121826.759821827.7480
 17.452 -0.645 -5.765  9.556 25.851 38.386 40.417 11.762 -7.954
  12.869  5.042 -5.078 -6.700 22.140 16.247  0.000  0.000   0.00
10 3741813 3 6 9 521826.759821827.7480
 15.361 -0.156-19.454-53.884-39.658  7.595 22.568 30.388  0.808
 -51.179-55.832-17.958-20.531  3.180  4.415-37.337-43.440 -18.12
10 3741813 1 1 2 121826.759821827.7480
 14.263 -0.232  8.622 12.695 25.834  7.880  8.258 35.769 -4.365
  12.820  9.238  8.533 11.084  7.605  0.275  0.000  0.000   0.00
10 4741758 0 0 1 121827.748021828.7793
 14.161  0.218 -5.126 25.851 39.420 40.417 36.729  0.000  0.000
   0.000  0.000  0.000  0.000  0.000  0.000  0.000  0.000   0.00
10 4741758 3 2 5 521827.748021828.7793
 13.821 -0.094 -6.717 17.512 30.731 11.551 29.495 -7.343  0.095
  18.024 17.036 -6.782 -6.656  5.569  5.981 31.519 30.599 -25.19
10 4741758 2 3 5 721827.748021828.7793
 14.304  0.049-19.299-39.658-25.942 22.568 16.562 12.270  0.645
 -37.337-43.440-18.823-20.076 13.982  8.586-22.838-29.744  -7.38
10 4741758 0 0 1 221827.748021828.7793
 13.993  0.103  5.519-52.250-38.855  5.684  5.801  0.000  0.000
   0.000  0.000  0.000  0.000  0.000  0.000  0.000-41.322   0.00
10 4741758 0 0 1 121827.748021828.7793
 14.401 -0.144  8.393 25.834 39.650  8.258  6.894  0.000  0.000
   0.000  0.000  0.000  0.000  0.000  0.000  0.000  0.000   0.00
10 97418221017271221832.765621833.8066
 14.458 -0.491-18.355 27.239 41.273 57.326 43.583 -8.277  0.157
  29.832 23.836-18.712-17.885 32.539 24.787 44.305 38.190  -1.61
10 97418221624402921832.765621833.8066
 14.484  1.134  8.851-14.195 -0.135 60.035124.312-16.549  1.943
  -9.175-17.168 10.325  7.978 22.330 37.705  6.094 -4.088   6.56
1010741922 5 712 621833.806621834.8008
 16.366  0.404-17.843 41.273 56.546 43.583 35.084 -9.887 -2.408
  44.305 38.190-18.346-17.331 21.972 21.610 57.941 54.265  13.83
10107419221019293121833.806621834.8008
 14.779 -0.130 10.032 -0.135 13.562124.312 87.609 -9.991  0.544
   6.094 -4.088 11.113  9.346 48.266 76.046 20.175  9.427   0.81
1011741912 922314521834.800821835.7578
 16.273 -0.161  9.903 13.562 28.212 87.609 89.748 -9.184  1.703
  20.175  9.427 10.956  9.245 33.706 53.903 34.498 22.126  -1.98
10137417 0 8 8161621836.709021837.7598
 13.702 -0.883  8.459 35.004 48.373 26.847 29.213 -1.283 -0.132
  36.226 33.327  8.486  8.422 15.529 11.318 49.905 47.272 -16.15
11 27417 8 4 5 9 821856.714821857.9512
 15.036 -0.354 13.202-48.542-31.175 15.568 10.121-42.125  0.628
 -48.055-49.837 13.631 12.062 11.311  4.256-30.256-32.192  92.61
11 3742249 2 6 8 621857.951221858.7617
 13.544 -0.270 12.764-31.175-20.998 10.121 12.295 50.485 -0.247
 -30.256-32.192 11.677 13.967  5.317  4.804-19.930-22.219 -15.67
11 4741815 3 3 6 521858.761721859.7734
 14.392 -0.064 12.546-20.998 -7.425 12.295 12.959 34.815  0.202
 -19.930-22.219 11.821 13.375  6.560  5.735 -6.259 -8.814  -3.36
11 5741834 1 4 5 321859.773421860.7324
 15.511 -1.239 12.481 -7.425  6.505 12.959  3.780 31.453  0.808
  -6.259 -8.814 11.785 13.310  7.047  5.912  6.597  3.127 -55.67
11167419 4 0 0 1 521870.794921871.7617
 13.061  0.283 14.440-45.799-34.116 44.273 58.527  0.000  0.000
   0.000  0.000  0.000  0.000  0.000  0.000  0.000-40.036   0.00
11167419 4 1 2 3 221870.794921871.7617
 13.942 -0.322 15.220-53.887-41.352  5.344  7.453-28.440  0.028
 -53.584-54.754 15.378 14.767  3.962  1.383-40.738-41.372  90.56
1211741914 3 5 81221895.800821896.9297
 16.245  0.337 11.017 -5.914 11.321 38.243 31.691 -4.078  0.879
  -2.304 -8.805 11.270 10.815 17.011 21.232 13.724  6.323  -0.30
1212742220 3 9121121896.929721897.7949
 12.474 -0.070 11.398 11.321 21.257 31.691 10.493 -4.383  0.271
  13.724  6.323 11.578 11.022 21.403 10.288 25.030 17.370  -1.23
1214742238 0 0 1 421898.943421899.8242
 14.462 -1.226 17.431-31.863-19.993 36.927 50.978  0.000  0.000
   0.000  0.000  0.000  0.000  0.000  0.000  0.000-23.267   0.00
1214742238 5 5101021898.943421899.8242
 17.078 -2.239  6.794 36.862 51.035 47.271 19.081  8.136  2.425
  40.207 34.935  6.319  7.068 17.275 29.995 53.528 45.852  -0.77
1221741829 1 1 2 221905.769521906.7480
 14.050 -0.970  6.348-12.201  0.569 11.565  8.021  6.755 -0.250
 -11.900-12.495  6.312  6.382  5.723  5.842  0.659  0.378  28.84
1222741756 1 1 2 121906.748021907.8398
 14.509 -0.240  5.400  0.569 15.338  8.021 19.085 35.591 -0.345
   0.659  0.378  5.335  5.536  5.446  2.575  0.000  0.000   0.00
12237420 7 0 0 1 121907.839821908.7324
 14.244 -0.373  5.137 15.338 27.201 19.085 12.472  0.000  0.000
   0.000  0.000  0.000  0.000  0.000  0.000  0.000  0.000   0.00
1224741736 0 0 1 121908.732421909.7383
 13.588  0.138  4.804 27.201 39.879 12.472  7.176  0.000  0.000
   0.000  0.000  0.000  0.000  0.000  0.000  0.000  0.000   0.00
1225741744 0 0 1 121909.738321910.8516
 14.561 -0.142  4.942 39.879 54.998  7.176  8.353  0.000  0.000
   0.000  0.000  0.000  0.000  0.000  0.000  0.000  0.000   0.00
1231742122 1 1 2 121915.890621916.9297
 14.308 -0.401 -8.925-27.816-13.969  6.325 14.352 -3.179 -0.511
 -27.530-28.047 -8.941 -8.913  2.830  3.495  0.000  0.000   0.00
1231742122 1 1 2 221915.890621916.9297
 14.577 -0.460 -9.745-35.518-21.392  5.685  1.096-41.251  1.203
 -34.895-35.524-10.284 -9.740  0.050  5.635-19.432-21.485  38.87
