 1 121 747 5 2 7 2 2192.6750 2193.7070
 14.818  1.914-17.095 30.270 44.550  6.649  6.845 -0.179 -1.151
  30.950 29.282-17.098-17.093  3.938  2.711 44.738 44.534  64.45
 1 321 451 5162120 2194.7979 2195.6902
 15.551 -0.535 -7.228-29.569-16.566 39.026 23.742 16.537  1.157
 -26.540-33.265 -6.336 -8.316 21.447 17.579-12.617-20.430   0.53
 1 421 725 8122020 2195.6902 2196.6770
 15.529 -0.610 -6.751-16.566 -2.209 23.742 31.590 17.064 -4.276
 -12.617-20.430 -5.547 -7.928 11.741 12.001 -0.128 -3.830  -0.54
 1 521 745 81220 9 2196.6770 2197.7124
 16.667 -0.518 -6.149 -2.209 14.034 31.590 12.679 16.523  0.578
  -0.128 -3.830 -5.535 -6.627 13.834 17.756 15.968 11.841   5.05
 1 621 654 3 6 9 7 2197.7124 2198.6785
 14.081  1.078 -5.613 14.034 26.690 12.679 10.968 21.569 -0.728
  15.968 11.841 -4.852 -6.476  6.738  5.940 29.290 26.126  10.03
 1 721 742 3 4 7 5 2198.6785 2199.6770
 16.533 -1.263 -6.654 26.690 42.222 10.968  3.668 31.595 -0.837
  29.290 26.126 -5.065 -6.998  1.956  9.012 43.939 41.117 -21.58
 1 821 745 1 4 5 4 2199.6770 2200.6702
 16.109 -0.170 -5.392 42.222 57.246  3.668  5.698 10.013 -0.167
  43.939 41.117 -5.091 -5.587  1.436  2.233 57.904 55.253   0.50
 11221 719 6 61215 2203.6943 2204.7847
 16.925  0.679-13.976 35.195 52.581 47.999 45.739 -3.935  1.722
  38.932 33.630-14.226-13.872 14.171 33.827 54.720 47.737  -7.08
 11221 719 2 3 513 2203.6943 2204.7847
 11.703  0.645 -9.508-27.268-15.576  9.218 15.815-55.610  4.410
 -27.144-28.530 -9.687 -7.689  8.392  0.826-13.760-20.661  49.52
 11221 719 3 1 4 4 2203.6943 2204.7847
 15.742 -0.165  6.656-17.623 -1.528 14.061  9.933  9.685  1.515
 -16.306-19.437  6.433  6.964  8.145  5.916 -1.008 -5.705  -7.90
 11321 5 9 1 1 2 2 2204.7847 2205.7119
 13.740  0.607  3.057-53.125-41.294  3.959  6.373 25.338  1.838
 -52.973-53.475  2.985  3.222  2.762  1.198-41.261-42.915  21.05
 11321 5 9 3 1 4 1 2204.7847 2205.7119
 14.987  0.532  6.477 -1.528 11.459  9.933  8.564  1.789 -4.670
  -1.008 -5.705  6.461  6.606  8.834  1.099  0.000  0.000   0.00
 2 221 619 3 5 8 9 2224.7361 2225.7202
 12.789 -0.131-15.570-38.396-26.775 17.149 26.140 -9.631  0.136
 -33.804-41.595-16.321-15.047  7.042 10.108-21.624-29.478  -2.70
 2 221 619 1 1 2 3 2224.7361 2225.7202
 14.213 -0.076  7.566-50.032-37.009  0.656  1.085-15.084 -0.353
 -49.419-50.538  7.730  7.431  0.297  0.359-36.371-37.159   4.12
 2 521 745 1 1 2 1 2227.6770 2228.7209
 14.242 -0.480-17.802  6.331 20.174  3.130  0.322-29.084 -0.473
   6.338  5.904-17.806-17.576  3.080  0.050  0.000  0.000   0.00
 2 521 745 1 2 3 1 2227.6770 2228.7209
 14.975 -0.041-15.156 -3.364 11.244 18.168  3.376 38.771 -3.200
  -3.350 -5.935-15.145-17.150 18.068  0.100  0.000  0.000   0.00
 2 621 641 0 0 1 1 2228.7209 2229.8125
 13.475  0.304-15.114 11.244 24.885  3.376 36.306  0.000  0.000
   0.000  0.000  0.000  0.000  0.000  0.000  0.000  0.000   0.00
 2 621 641 0 0 1 3 2228.7209 2229.8125
 11.701 -2.333-11.637-55.768-44.063  0.482  0.779  0.000  0.000
   0.000  0.000  0.000  0.000  0.000  0.000  0.000-44.219   0.00
 2 621 641 0 0 1 3 2228.7209 2229.8125
 14.839  0.454 -8.595-59.194-44.063  1.455  0.779  0.000  0.000
   0.000  0.000  0.000  0.000  0.000  0.000  0.000-44.219   0.00
 2 721 430 0 0 1 1 2229.8125 2230.7515
 14.940 -0.008-15.446 24.885 37.993 36.306  9.683  0.000  0.000
   0.000  0.000  0.000  0.000  0.000  0.000  0.000  0.000   0.00
 2 721 430 1 2 3 4 2229.8125 2230.7515
 13.780 -0.610 -9.090-44.063-32.045  0.779  9.705-46.868 -1.292
 -41.790-44.219-11.487 -8.926  0.050  0.729-30.656-32.889  41.81
 2 821 557 0 0 1 2 2230.7515 2231.6694
 13.963  0.243-15.438 37.993 49.913  9.683 16.184  0.000  0.000
   0.000  0.000  0.000  0.000  0.000  0.000  0.000 45.680   0.00
 2 821 557 3 1 4 1 2230.7515 2231.6694
 16.371  0.384 -8.517-32.045-17.914  9.705  3.128 -5.055 -2.217
 -30.656-32.889 -8.639 -8.443  3.671  6.035  0.000  0.000   0.00
 2 821 557 2 2 4 5 2230.7515 2231.6694
 14.244 -0.278-17.809-33.683-21.506  3.443  3.357-11.146 -0.075
 -33.412-33.847-17.860-17.778  1.296  2.147-21.294-21.658   7.83
 2 921 755 0 0 1 1 2231.6694 2232.6667
 14.536  0.179 -8.870-17.914 -4.395  3.128  4.417  0.000  0.000
   0.000  0.000  0.000  0.000  0.000  0.000  0.000  0.000   0.00
 21021 8 0 0 0 1 1 2232.6667 2233.6667
 14.634  0.335 -9.048 -4.395  9.259  4.417 14.710  0.000  0.000
   0.000  0.000  0.000  0.000  0.000  0.000  0.000  0.000   0.00
 21021 8 0 1 1 2 1 2232.6667 2233.6667
 14.919  0.306 -9.357-10.535  3.405  0.100  1.305 -2.643 -0.395
 -10.335-10.734 -9.366 -9.348  0.050  0.050  0.000  0.000   0.00
 21121 8 0 0 0 1 1 2233.6667 2234.6631
 13.835  0.552 -9.383  9.259 22.070 14.710  1.731  0.000  0.000
   0.000  0.000  0.000  0.000  0.000  0.000  0.000  0.000   0.00
 21121 8 0 0 0 1 5 2233.6667 2234.6631
 14.206 -0.233 -9.663  3.405 16.587  1.305  0.792  0.000  0.000
   0.000  0.000  0.000  0.000  0.000  0.000  0.000 16.386   0.00
 21221 8 4 0 0 1 2 2234.6631 2235.6716
 13.960  0.340 -9.933 22.070 35.159  1.731  2.801  0.000  0.000
   0.000  0.000  0.000  0.000  0.000  0.000  0.000 34.819   0.00
 3 121 826 2 2 4 2 2251.6487 2252.6494
 11.837 -0.668 12.594-42.285-31.422  6.843  4.503 13.293 -3.467
 -40.089-44.142 12.088 13.022  3.134  3.708-31.119-31.453  43.60
 3 221 824 1 1 2 1 2252.6494 2253.6687
 14.640 -0.290 11.926-31.422-17.499  4.503  1.075 56.897 -0.597
 -31.119-31.453 11.471 11.972  0.415  4.087  0.000  0.000   0.00
 31521 834 2 3 5 1 2265.6423 2266.6423
 15.894 -0.024 -7.700-16.976 -2.065  4.769  0.489 -3.239 -4.023
 -15.510-19.563 -7.782 -7.555  3.044  1.725  0.000  0.000   0.00
 31521 834 0 0 1 1 2265.6423 2266.6423
 14.684  0.293-11.705-39.433-25.732 12.924  6.422  0.000  0.000
   0.000  0.000  0.000  0.000  0.000  0.000  0.000  0.000   0.00
 31521 834 2 2 4 1 2265.6423 2266.6423
 15.322  0.051  4.579 28.456 42.794  2.919  1.337-19.204 -1.072
  28.879 27.864  4.726  4.373  1.702  1.217  0.000  0.000   0.00
 31621 834 0 0 1 1 2266.6423 2267.6584
 15.607 -0.156 -7.676 -2.065 12.792  0.489  7.348  0.000  0.000
   0.000  0.000  0.000  0.000  0.000  0.000  0.000  0.000   0.00
 31621 834 0 0 1 2 2266.6423 2267.6584
 16.509 -0.039-11.998-25.732 -9.958  6.422  6.098  0.000  0.000
   0.000  0.000  0.000  0.000  0.000  0.000  0.000-10.550   0.00
 31721 811 1 1 2 2 2267.6584 2268.6541
 11.912 -0.410-11.958 -9.958  0.926  6.098  4.389 -7.873  0.181
  -9.953-10.550-11.959-11.878  6.048  0.050  1.619  0.833  10.43
 31821 818 1 1 2 3 2268.6541 2269.6494
 14.687  0.063-11.550  0.926 14.562  4.389  6.576  2.554 -0.112
   1.619  0.833-11.520-11.555  0.516  3.873 15.039 14.455  27.10
 31921 824 2 1 3 1 2269.6494 2270.6597
 14.666 -0.152-11.613 14.562 28.387  6.576  0.413 29.659 -0.658
  15.039 14.455-11.347-11.672  1.202  5.374  0.000  0.000   0.00
 32421 845 1 5 6 3 2274.6348 2275.7917
 14.190  0.160  9.105-34.683-19.405 34.539 27.842 -0.681 -4.432
 -34.501-39.778  9.108  9.046 33.351  1.187-19.270-19.974  27.54
 32421 845 1 1 2 3 2274.6348 2275.7917
 14.848  0.226  8.561-49.946-33.906  3.130  1.942-39.305  0.592
 -49.329-49.956  9.060  8.553  0.050  3.080-33.381-34.624  67.44
 32521 5 0 2 1 3 2 2275.7917 2276.6750
 14.356  0.218  8.823-33.906-22.094  1.942  5.574 28.138  0.029
 -33.381-34.624  8.546  9.202  1.122  0.820-22.070-22.206-112.72
 32521 5 0 1 2 3 4 2275.7917 2276.6750
 13.928  0.060  9.291-19.405 -7.971 27.842 32.512 26.856  0.173
 -19.270-19.974  9.223  9.575 22.501  5.341 -7.232 -8.169 -12.94
 32621 747 0 0 1 3 2276.6750 2277.6458
 13.761  0.079-10.169-55.217-42.812  1.194  1.504  0.000  0.000
   0.000  0.000  0.000  0.000  0.000  0.000  0.000-43.322   0.00
 32621 747 2 2 4 3 2276.6750 2277.6458
 14.856  0.689 -7.577-48.337-34.871  2.752 10.847-13.120 -1.539
 -47.870-50.043 -7.685 -7.183  2.160  0.592-34.714-35.308 -16.09
 32621 747 2 2 4 4 2276.6750 2277.6458
 14.059 -0.141  9.344 -7.971  4.722 32.512 22.312 13.916  2.177
  -7.232 -8.169  9.163  9.392  6.864 25.648  7.542  4.471 -28.27
 32721 830 2 1 3 3 2277.6458 2278.6458
 15.108  0.101 -8.246-34.871-20.747 10.847  6.192-29.211 -0.195
 -34.714-35.308 -8.333 -8.004  7.982  2.865-20.557-21.002   6.04
 32721 830 1 2 3 5 2277.6458 2278.6458
 15.354 -0.501-10.246-42.812-28.443  1.504  2.214 27.631 -1.107
 -41.295-43.322 -9.464-10.508  0.378  1.126-28.191-29.256  -4.14
 32721 830 2 2 4 2 2277.6458 2278.6458
 13.653 -0.011  9.207  4.722 17.391 22.312 42.000-14.353 -0.014
   7.542  4.471  9.919  9.144  1.827 20.486 17.452 14.375   1.52
 32821 830 1 2 3 3 2278.6458 2279.6318
 14.836  0.836 -8.347-20.747 -7.088  6.192  9.383-23.173  0.092
 -20.557-21.002 -8.427 -8.239  3.549  2.642 -6.877 -7.312 -18.08
 32821 830 2 3 5 3 2278.6458 2279.6318
 15.194  2.152 -9.744-28.443-14.432  2.214  0.321 23.489 -0.310
 -28.191-29.256 -9.636-10.093  1.690  0.524-14.158-14.791  18.57
 33021 752 3 1 4 2 2280.6721 2281.6743
 13.703  2.681 -5.132  6.331 19.075 11.401 13.032  6.232 -0.160
   6.865  6.161 -5.074 -5.151  2.755  8.646 19.346 19.038 -62.26
 33121 748 1 1 2 3 2281.6743 2282.6667
 14.957  0.266 -7.819 19.075 32.941 13.032 20.327-56.029  0.026
  19.346 19.038 -8.217 -7.765  1.576 11.455 33.218 32.928  -3.74
 4 121 8 0 1 2 3 2 2282.6667 2283.6943
 14.098  0.069 -8.083 32.941 46.419 20.327  8.581-59.773  0.436
  33.218 32.928 -8.554 -8.060  0.936 19.390 46.469 46.417 -27.27
 4 221 719 1 1 2 3 2283.6943 2284.6548
 14.130 -0.030 -8.154 46.419 59.042  8.581  7.407-87.043 -0.556
  46.469 46.417 -9.122 -8.117  0.321  8.260 59.067 59.022   2.68
 4 721 852 1 1 213 2288.6306 2289.6125
 16.576  0.602 17.129-48.259-32.950  6.755 15.984-33.456  6.461
 -47.723-48.848 17.467 16.757  3.538  3.217-27.605-35.701  27.83
 41521 725 2 2 4 4 2296.6902 2297.7576
 13.907 -0.071  9.932 -9.223  4.568  2.520  6.192-16.388  0.074
  -8.099 -9.647 10.258  9.809  0.690  1.831  5.504  3.941  38.57
 41621 548 3 5 816 2297.7576 2298.6050
 15.547 -0.963  9.580 26.448 38.785 16.025 18.020  7.546  0.147
  28.938 23.844  9.255  9.921  8.192  7.834 40.478 35.251   0.21
 41621 548 2 2 4 7 2297.7576 2298.6050
 13.977 -0.283  9.857  4.568 15.575  6.192 19.430 22.179 -0.610
   5.504  3.941  9.481 10.108  2.484  3.708 16.189 15.186  -2.06
 41721 928 1 1 210 2298.6050 2299.6035
 13.339  0.203-15.753-59.244-46.908  8.282 23.608 31.261  3.328
 -58.788-59.784-15.486-16.068  4.491  3.791-45.556-50.155 -24.84
 41721 928 3 4 7 4 2298.6050 2299.6035
 14.217 -0.082  9.617 15.575 28.787 19.430  8.462 20.124  0.568
  16.189 15.186  9.395  9.757  7.532 11.898 29.761 28.203  -1.61
 41721 928 6101610 2298.6050 2299.6035
 14.611  0.327  8.765 38.785 52.391 18.020 13.188  7.753 -0.683
  40.478 35.251  8.537  9.240 12.183  5.837 53.610 49.033 -11.62
 41821 930 2 2 4 2 2299.6035 2300.6084
 15.239 -0.645  9.535 28.787 43.109  8.462 11.699 18.510 -0.525
  29.761 28.203  9.214  9.728  3.175  5.287 43.212 42.165   0.80
 41821 930 5 510 4 2299.6035 2300.6084
 15.291 -0.424-15.955-46.908-32.534 23.608 13.833  6.419 -0.515
 -45.556-50.155-15.809-16.306 16.667  6.941-31.835-35.918  -7.59
 42121 928 1 1 2 5 2302.6050 2303.6006
 14.175  0.171-16.171 -6.057  7.076  4.005 10.058 39.196 -0.215
  -5.870 -6.492-16.024-16.511  2.798  1.206  7.165  6.777   8.69
 42121 928 1 1 2 3 2302.6050 2303.6006
 13.750  0.187  8.986-23.238-10.528 13.211  8.284  8.019  2.518
 -23.236-23.826  8.986  9.068 13.161  0.050 -9.979-13.119  -4.14
 42221 934 1 4 5 4 2303.6006 2304.6028
 14.143 -0.184-16.341  7.076 20.261 10.058  4.732 47.883  0.341
   7.165  6.777-16.247-16.659  7.754  2.304 20.649 19.717 -44.70
 42221 934 1 2 3 5 2303.6006 2304.6028
 14.617 -0.307  9.172-10.528  3.131  8.284 25.236  3.878 -0.633
  -9.979-13.119  9.135  9.346  6.836  1.449  3.167  0.740  10.45
 42321 931 2 2 4 3 2304.6028 2305.6187
 14.356  0.096-16.156 20.261 33.844  4.732  9.729  3.178  2.504
  20.649 19.717-16.136-16.185  2.761  1.972 33.877 30.583 -24.74
 42321 931 1 1 2 1 2304.6028 2305.6187
 14.032  0.215-15.473 13.423 26.677  2.901  1.120 59.346 -1.987
  14.456 13.405-13.793-15.503  0.050  2.851  0.000  0.000   0.00
 42321 931 1 4 5 2 2304.6028 2305.6187
 14.352  0.159  8.864  3.131 16.710 25.236  7.928 14.328  0.319
   3.167  0.740  8.855  9.468 24.863  0.373 16.821 14.192   7.35
 42421 9 8 1 1 2 3 2305.6187 2306.6021
 14.764 -0.315  9.026 16.710 30.258  7.928  6.063 21.681 -2.094
  16.821 14.192  8.982 10.014  7.594  0.333 30.623 30.131 -67.62
 42521 933 1 1 2 7 2306.6021 2307.6001
 14.970 -1.442-16.071 43.564 57.519  0.420 24.272 -4.526 -0.092
  47.335 43.341-16.358-16.054  0.023  0.396 59.975 56.258 -12.33
 42521 933 1 2 3 2 2306.6021 2307.6001
 13.784  0.583  8.715 30.258 43.029  6.063  6.357-45.938 -0.016
  30.623 30.131  9.088  8.585  1.568  4.495 43.052 42.364  52.88
 42621 935 1 1 2 2 2307.6001 2308.7048
 13.963 -0.115  9.297 43.029 57.368  6.357  2.522  6.938  0.119
  43.052 42.364  9.294  9.377  6.150  0.207 57.447 56.659   7.20
 51121 95017102727 2322.5896 2323.5889
 13.561 -0.074 -0.115-42.550-29.983117.224 98.043 12.514  0.028
 -39.365-45.268  0.592 -0.718 53.978 63.247-26.266-32.278 -20.87
 51221 95218 92720 2323.5889 2324.5911
 15.286  0.455  0.041-29.983-15.652 98.043109.765 -8.357  0.878
 -26.266-32.278  0.587 -0.296 37.430 60.613-11.842-18.651  -3.35
 51321 94812 82025 2324.5911 2325.5730
 13.926  0.275  0.498-15.652 -2.946109.765130.371-11.711  0.895
 -11.842-18.651  1.287 -0.124 48.336 61.429  1.225 -6.495   1.26
 515211027 2 5 7 5 2326.5640 2327.6423
 14.215 -0.034 -0.296  7.174 21.442 69.754 53.616-13.296  0.091
   7.340  6.148 -0.335 -0.053 60.014  9.740 21.605 20.311  23.76
 515211027 1 5 612 2326.5640 2327.6423
 14.682  0.381  1.681 15.709 30.481 35.630 25.845-42.377 -0.179
  16.281 14.361  2.203  0.452 25.013 10.617 31.031 29.098   5.35
 6 5211011 0 0 1 1 2347.5757 2348.5764
 14.779 -0.207  0.904-59.417-45.612 17.589 12.602  0.000  0.000
   0.000  0.000  0.000  0.000  0.000  0.000  0.000  0.000   0.00
 6 62110 9 0 0 1 1 2348.5764 2349.5764
 14.428 -0.175  0.697-45.612-32.166 12.602  6.950  0.000  0.000
   0.000  0.000  0.000  0.000  0.000  0.000  0.000  0.000   0.00
 6 62110 9 3 71010 2348.5764 2349.5764
 14.380 -1.176 13.254 30.981 44.379 18.038 23.422 18.133  0.682
  32.794 28.102 12.676 14.172 11.071  6.967 47.212 41.710  -6.81
 6 72110 9 4 610 1 2349.5764 2350.5771
 11.851  0.194 12.078 44.379 55.255 23.422 18.139 11.322 -5.488
  47.212 41.710 11.523 12.601 11.364 12.059  0.000  0.000   0.00
 6 72110 9 0 0 1 2 2349.5764 2350.5771
 14.618  0.068  0.522-32.166-18.521  6.950 16.696  0.000  0.000
   0.000  0.000  0.000  0.000  0.000  0.000  0.000-20.061   0.00
 6 72110 9 0 0 1 5 2349.5764 2350.5771
 15.695 -0.466 13.891-53.275-38.552  1.825  2.141  0.000  0.000
   0.000  0.000  0.000  0.000  0.000  0.000  0.000-38.939   0.00
 6 82110 8 1 1 2 1 2350.5771 2351.5833
 14.424 -0.128  0.590-18.521 -4.996 16.696 11.580 16.174 -1.637
 -18.489-20.061  0.580  1.036 16.349  0.347  0.000  0.000   0.00
 6 82110 8 5 51013 2350.5771 2351.5833
 13.593 -0.979  7.991-20.408 -7.719 12.290 10.990 45.374  1.502
 -19.779-21.041  7.359  8.626  6.162  6.128 -6.184 -9.481 -49.59
 6 92110 0 0 0 1 1 2351.5833 2352.5813
 14.243 -0.081  0.461 -4.996  8.237 11.580  9.034  0.000  0.000
   0.000  0.000  0.000  0.000  0.000  0.000  0.000  0.000   0.00
 6 92110 0 8 51317 2351.5833 2352.5813
 14.407  0.073  7.006 -7.719  5.678 10.990 19.139 -4.213  1.953
  -6.184 -9.481  7.118  6.877  5.873  5.116  8.371  3.100   1.92
 6102110 3 0 0 1 1 2352.5813 2353.5972
 14.107  0.232  0.380  8.237 21.572  9.034 13.933  0.000  0.000
   0.000  0.000  0.000  0.000  0.000  0.000  0.000  0.000   0.00
 6102110 310 71713 2352.5813 2353.5972
 15.366 -0.405  7.079  5.678 20.291 19.139  6.896 -2.293  0.830
   8.371  3.100  7.186  6.976  9.361  9.778 22.534 16.447  -2.24
 61121 939 4 3 7 1 2353.5972 2354.5889
 16.591 -0.516 15.923 10.565 26.044  4.925  0.096 23.616 -2.584
  12.046  9.584 15.301 16.336  1.963  2.962  0.000  0.000   0.00
 61121 939 9 413 7 2353.5972 2354.5889
 15.329  0.802  6.667 20.291 34.518  6.896 13.228 -4.533 -1.904
  22.534 16.447  6.844  6.364  4.354  2.541 36.708 33.643  47.62
 61121 939 0 0 1 1 2353.5972 2354.5889
 14.273  0.193  0.615 21.572 34.752 13.933 13.249  0.000  0.000
   0.000  0.000  0.000  0.000  0.000  0.000  0.000  0.000   0.00
 6192110 1 1 2 3 1 2361.5820 2362.6001
 14.552 -0.282 10.531-43.499-29.683  8.300 14.018 73.233 -1.501
 -43.455-43.896 10.387 11.824  7.466  0.834  0.000  0.000   0.00
 62021 935 0 0 1 2 2362.6001 2363.5938
 13.907  0.783 10.244-29.683-16.837 14.018 12.969  0.000  0.000
   0.000  0.000  0.000  0.000  0.000  0.000  0.000-17.098   0.00
 62121 945 1 1 2 3 2363.5938 2364.5972
 14.197  0.544 11.022-16.837 -3.574 12.969 15.228 78.030  0.233
 -16.836-17.098 11.018 12.230 12.919  0.050 -3.532 -4.199 -14.37
 62221 939 1 2 3 4 2364.5972 2365.5874
 14.936 -0.158 11.568 -3.574 10.246 15.228 14.776 63.663 -0.420
  -3.532 -4.199 11.485 12.804 14.270  0.958 10.396 10.243-145.46
 62321 953 3 1 4 2 2365.5874 2366.5903
 14.477 -0.219 11.412 10.246 23.779 14.776 20.456-81.799 -0.499
  10.396 10.243 12.438 11.397  0.206 14.570 23.815 23.433 129.13
 62421 949 1 1 2 2 2366.5903 2367.6145
 13.738  0.373 11.192 23.779 36.848 20.456 17.924 47.334 -0.173
  23.815 23.433 11.154 11.561 18.550  1.906 36.858 36.750-121.09
 62521 915 1 1 2 1 2367.6145 2368.5903
 13.969  0.349 11.574 36.848 49.521 17.924  1.186-73.752 -0.380
  36.858 36.750 11.611 11.246 16.125  1.799  0.000  0.000   0.00
 62521 915 1 1 2 1 2367.6145 2368.5903
 13.503 -0.695 12.781-39.625-27.406  4.850  3.824-79.754 -0.333
 -39.621-39.682 12.798 12.470  4.602  0.248  0.000  0.000   0.00
 62621 949 4 91313 2368.5903 2369.5833
 15.706  0.385 -7.747-48.163-33.539 26.304 33.733  7.004  1.148
 -46.521-50.562 -7.547 -8.039 15.617 10.686-31.868-37.102  -7.98
 62621 949 1 1 2 3 2368.5903 2369.5833
 14.977  0.140 13.375-54.705-40.805  4.693  1.778 16.491 -0.310
 -54.297-55.106 13.257 13.490  2.325  2.368-40.349-40.853 -33.04
 6272110 0 3101315 2369.5833 2370.5784
 13.540 -0.656 -8.129-33.539-21.040 33.733 35.160 -0.972  0.154
 -31.868-37.102 -8.157 -8.069 22.965 10.768-18.459-23.840   0.62
 6272110 0 2 1 3 4 2369.5833 2370.5784
 14.121  1.629 13.514-40.805-27.727  1.778  2.484-16.553  1.403
 -40.349-40.853 13.646 13.500  0.169  1.609-27.510-27.948 -60.69
 6272110 0 6 3 913 2369.5833 2370.5784
 15.570 -0.187 13.502-52.733-38.214 12.880 20.174 -1.020 -1.462
 -50.142-54.497 13.547 13.471  5.217  7.663-37.395-40.240   3.80
 6282110 7 6 91518 2370.5784 2371.5972
 15.612 -0.133 -7.476-21.040 -6.133 35.160 55.413 -0.351  0.099
 -18.459-23.840 -7.492 -7.459 18.298 16.863 -4.574-10.047   3.22
 6282110 7 1 3 4 2 2370.5784 2371.5972
 13.654 -1.023 15.135-27.727-14.815  2.484  8.096-77.244 -1.029
 -27.510-27.948 16.059 14.192  1.254  1.229-14.489-15.356  59.17
 6282110 7 5 81310 2370.5784 2371.5972
 12.517 -0.457 13.315-38.214-26.460 20.174  5.144  2.779  0.771
 -37.395-40.240 13.276 13.411 14.365  5.810-23.785-27.415  -5.62
 62921 939 3151814 2371.5972 2372.5708
 13.967 -0.309 -7.341 -6.133  6.511 55.413 41.981  2.869  1.251
  -4.574-10.047 -7.263 -7.535 39.622 15.791  9.046  2.395   6.31
 62921 939 1 1 2 3 2371.5972 2372.5708
 14.709  0.304 14.092-14.815 -1.447  8.096  8.006-18.078 -0.014
 -14.489-15.356 14.195 13.921  5.056  3.040 -1.262 -2.161  16.66
 62921 939 5 510 7 2371.5972 2372.5708
 16.618  0.077 12.849-26.460-11.234  5.144 16.217 -2.838 -0.103
 -23.785-27.415 12.979 12.803  1.353  3.791-10.331-13.849  -1.84
 630211018 6 81414 2372.5708 2373.5730
 15.379 -0.139 -7.040  6.511 20.940 41.981 46.045  9.182  0.430
   9.046  2.395 -6.633 -7.700 25.979 16.002 22.275 15.122  -5.43
 630211018 2 2 4 1 2372.5708 2373.5730
 12.093 -0.248 -9.505-54.865-43.729  5.866  0.198 -7.893 -3.850
 -52.494-56.360 -9.829 -9.301  2.269  3.598  0.000  0.000   0.00
 630211018 3 4 7 8 2372.5708 2373.5730
 12.892  0.046 12.924-11.234  0.704 16.217 13.560 -4.678 -0.652
 -10.331-13.849 12.996 12.715 12.054  4.163  2.399 -0.418  -5.40
 630211018 1 2 3 3 2372.5708 2373.5730
 13.367  0.186 14.389 -1.447 10.966  8.006  4.308 -1.413 -0.217
  -1.262 -2.161 14.393 14.372  6.354  1.652 11.333 10.658   4.16
 7 1211015 5 91411 2373.5730 2374.5881
 14.470 -0.445 -6.901 20.940 34.637 46.045 29.818  3.756  0.101
  22.275 15.122 -6.814 -7.280 37.452  8.593 36.130 28.894   1.13
 7 1211015 3 5 8 9 2373.5730 2374.5881
 13.688  0.469 12.970  0.704 13.607 13.560 11.830-10.073 -0.763
   2.399 -0.418 13.264 12.776  5.401  8.159 15.220 13.158  18.08
 7 1211015 1 2 3 1 2373.5730 2374.5881
 14.460 -0.253 14.575 10.966 24.652  4.308  3.158  2.750 -0.654
  11.333 10.658 14.558 14.589  1.964  2.344  0.000  0.000   0.00
 7 221 952 5 611 2 2374.5881 2375.5771
 16.179  0.068 -6.448 34.637 49.668 29.818 46.091  4.887 -6.358
  36.130 28.894 -6.321 -6.936 23.665  6.153 49.764 48.934 -21.27
 7 221 952 2 5 7 8 2374.5881 2375.5771
 13.600 -0.453  3.994-54.694-42.213 21.397 37.951-44.109  0.023
 -53.450-57.393  5.197  1.384 14.645  6.752-40.131-44.554   7.48
 7 221 952 0 0 1 1 2374.5881 2375.5771
 14.743  0.076  9.878-54.429-40.818  1.855  2.252  0.000  0.000
   0.000  0.000  0.000  0.000  0.000  0.000  0.000  0.000   0.00
 7 221 952 5 4 9 6 2374.5881 2375.5771
 15.210  0.272 13.447 13.607 27.679 11.830 16.054  8.008 -0.039
  15.220 13.158 13.226 13.508  2.576  9.254 28.599 26.604   4.66
 7 221 952 0 0 1 1 2374.5881 2375.5771
 13.892 -0.352 14.318 24.652 37.422  3.158  3.673  0.000  0.000
   0.000  0.000  0.000  0.000  0.000  0.000  0.000  0.000   0.00
 7 32110 8 2 2 4 6 2375.5771 2376.6145
 14.120 -0.512 -7.184 42.187 55.820  9.959  2.103 25.933 -0.386
  42.637 41.661 -6.967 -7.438  5.369  4.591 56.465 55.771 -23.08
 7 32110 8 2 6 8 7 2375.5771 2376.6145
 11.589 -1.701  3.546-42.213-31.206 37.951 18.208-36.629 -3.118
 -40.131-44.554  5.091  1.809 20.085 17.867-29.962-31.966  69.45
 7 32110 8 1 1 2 3 2375.5771 2376.6145
 15.948  0.045  7.210-53.953-38.423  5.202  8.245  9.484  3.290
 -52.163-54.451  6.914  7.293  1.132  4.069-35.510-41.136 -12.85
 7 32110 8 2 1 3 4 2375.5771 2376.6145
 14.660 -0.151 12.890-56.751-42.557 51.543 50.950 39.126 -1.598
 -56.255-58.536 12.497 14.306 40.348 11.195-42.398-42.696  37.61
 7 32110 8 2 4 6 7 2375.5771 2376.6145
 14.207  0.112 13.716 27.679 41.403 16.054  2.797 12.665  0.830
  28.599 26.604 13.515 13.951  8.651  7.403 42.945 40.100 -24.01
 7 421 915 4 3 7 8 2376.6145 2377.5869
 16.340  0.865  1.781-31.206-16.272 18.208  2.562 32.824  1.329
 -29.962-31.966  0.979  2.271  6.906 11.302-14.459-17.925 -54.02
 7 421 915 1 1 2 8 2376.6145 2377.5869
 13.785 -2.057  4.622-28.722-16.272 10.636  2.562-17.703 -0.671
 -26.367-30.556  5.371  4.038  4.656  5.980-14.459-17.925  -3.50
 7 421 915 1 3 4 6 2376.6145 2377.5869
 14.108  0.187 12.733-42.557-29.792 50.950 45.966 76.740  1.383
 -42.398-42.696 12.076 13.309 23.790 27.160-29.091-31.032 -32.27
 7 521 954 4 4 814 2377.5869 2378.6111
 15.254  0.259  2.622-16.272 -1.650  2.562 21.879-21.199  0.029
 -14.459-17.925  3.324  1.982  1.222  1.340 -0.378 -3.672  -7.24
 7 521 954 3 3 611 2377.5869 2378.6111
 14.669  0.124 12.916-29.792-15.770 45.966 45.960 44.471 -0.153
 -29.091-31.032 12.245 14.102 29.357 16.609-15.171-16.092  24.50
 7 521 954 0 0 1 2 2377.5869 2378.6111
 14.309  0.215 10.662-36.303-22.649  0.642  0.100  0.000  0.000
   0.000  0.000  0.000  0.000  0.000  0.000  0.000-23.013   0.00
 7 621 919 6 81411 2378.6111 2379.5938
 13.752 -0.787  2.888 -1.650 10.902 21.879 20.041-28.441 -0.211
  -0.378 -3.672  3.576  1.794 13.432  8.447 13.204 10.076   0.73
 7 621 919 2 91113 2378.6111 2379.5938
 14.775 -0.550 13.043-15.770 -2.213 45.960 39.445 68.972  0.677
 -15.171-16.092 11.526 13.858 16.075 29.885 -1.953 -4.397 -27.67
 7 721 945 5 611 8 2379.5938 2380.6111
 16.575  1.453  2.115 10.902 26.768 20.041 20.039-27.712  0.817
  13.204 10.076  3.323  1.681  5.289 14.752 28.395 24.776  -6.11
 7 721 945 4 913 6 2379.5938 2380.6111
 16.610 -0.907 12.502 -2.213 13.690 39.445 15.406 41.300 -1.113
  -1.953 -4.397 12.279 14.375 35.251  4.194 13.962 13.135  25.58
 7 821 919 3 5 8 5 2380.6111 2381.6091
 13.226 -0.973  3.592 26.768 38.990 20.039 12.750-33.823 -0.020
  28.395 24.776  4.680  2.260 11.032  9.007 40.194 37.516 -18.01
 7 821 919 2 4 6 4 2380.6111 2381.6091
 12.851  1.384 11.579 13.690 25.538 15.406 13.331 66.880  0.715
  13.962 13.135 10.956 12.853 10.341  5.065 26.093 25.427   9.59
 7 821 919 2 4 6 5 2380.6111 2381.6091
 13.166  1.106  1.992-45.210-33.048 14.365 11.000  5.591  0.605
 -43.013-47.110  1.777  2.178  6.660  7.705-31.120-35.846  -6.27
 7 921 922 2 3 5 3 2381.6091 2382.6042
 15.217  0.590  2.622 38.990 53.158 12.750 10.141-51.829 -1.622
  40.194 37.516  4.152  0.749  7.017  5.733 54.903 52.305  68.32
 7 921 922 3 2 5 1 2381.6091 2382.6042
 11.820 -0.425  3.096-33.048-22.260 11.000  6.822 -0.680 -4.719
 -31.120-35.846  3.119  3.063  6.513  4.487  0.000  0.000   0.00
 7 921 922 1 3 4 5 2381.6091 2382.6042
 14.408 -0.888 12.960 25.538 38.902 13.331 22.975 76.470  0.070
  26.093 25.427 10.710 13.410  2.221 11.111 39.421 38.494  -5.02
 71021 930 1 4 5 5 2382.6042 2383.5903
 14.318 -0.202 12.077 38.902 52.056 22.975  9.226 71.448  0.162
  39.421 38.494 10.564 13.264 10.100 12.876 52.385 51.713   5.95
 71021 930 2 2 4 5 2382.6042 2383.5903
 12.743 -0.446-14.428 25.954 37.555  8.738 11.642-12.728  0.692
  27.066 24.735-14.671-14.161  4.568  4.169 39.933 37.031  -7.80
 71021 930 0 0 1 1 2382.6042 2383.5903
 14.802  0.250  2.919-16.472 -2.841  2.124  0.050  0.000  0.000
   0.000  0.000  0.000  0.000  0.000  0.000  0.000  0.000   0.00
 71021 930 0 0 1 2 2382.6042 2383.5903
 14.134  0.102  2.673-22.260 -9.287  6.822  4.603  0.000  0.000
   0.000  0.000  0.000  0.000  0.000  0.000  0.000 -9.386   0.00
 71121 949 2 3 5 3 2383.5903 2384.6721
 15.132 -0.456-13.988 37.555 52.868 11.642 11.876-20.525  0.447
  39.933 37.031-14.852-13.798  2.101  9.542 54.291 51.070  -4.38
 71121 949 1 1 2 3 2383.5903 2384.6721
 13.858  2.808-10.456 38.933 52.868  0.201 11.876 36.734  3.099
  39.150 38.861-10.297-10.509  0.050  0.151 54.291 51.070 -61.63
 71121 949 1 1 2 1 2383.5903 2384.6721
 13.746 -0.126  2.774 -9.287  4.527  4.603  6.020-76.008 -0.512
  -9.262 -9.386  2.873  2.376  3.685  0.918  0.000  0.000   0.00
 71221 752 0 0 1 2 2384.6721 2385.5952
 14.358 -0.313  2.637  4.527 16.875  6.020  2.408  0.000  0.000
   0.000  0.000  0.000  0.000  0.000  0.000  0.000 16.812   0.00
 71321 942 1 3 4 9 2385.5952 2386.5994
 16.088  1.678 -4.687-50.726-35.554 10.988  6.152  9.480 -1.256
 -48.483-53.580 -4.314 -5.162  6.152  4.837-34.680-38.420   7.84
 71421 937 3 6 9 1 2386.5994 2387.5986
 15.238 -1.928 -6.372-35.554-21.304  6.152  6.119 17.317 -3.894
 -34.680-38.420 -6.101 -7.260  4.714  1.438  0.000  0.000   0.00
 71521 937 0 0 1 2 2387.5986 2388.6006
 14.518 -0.736 -4.445-21.304 -7.737  6.119  4.366  0.000  0.000
   0.000  0.000  0.000  0.000  0.000  0.000  0.000 -7.752   0.00
 71521 937 2 4 6 5 2387.5986 2388.6006
 14.485 -1.600 -6.215-27.782-14.248  2.527  5.688 13.632  0.302
 -27.476-28.317 -6.141 -6.344  1.606  0.922-13.711-14.605  26.33
 72521 9 8 1 3 4 5 2397.6187 2398.6055
 12.543 -0.395 13.563-46.568-35.156  3.296  3.418 -8.878 -0.306
 -45.128-49.368 13.782 13.138  2.177  1.120-32.970-36.859  -2.71
 72621 927 1 3 412 2398.6055 2399.5959
 14.902 -0.283-10.191-57.443-43.654 31.972 42.303 -5.685  1.187
 -57.060-60.527-10.228 -9.888 28.448  3.524-42.956-47.636   8.71
 72621 927 3 2 5 1 2398.6055 2399.5959
 12.988 -0.330 13.173-35.156-23.262  3.418  3.082-11.585 -3.865
 -32.970-36.859 13.610 12.833  1.497  1.921  0.000  0.000   0.00
 72721 941 1111211 2399.5959 2400.6702
 15.150 -0.105 -9.910-43.654-28.429 42.303 35.481  3.029  0.635
 -42.956-47.636 -9.874-10.118 35.994  6.310-27.111-32.434  -0.30
 72821 754 2 91112 2400.6702 2401.5964
 13.115 -0.793 -9.797-28.429-17.186 35.481 38.816  2.733  1.085
 -27.111-32.434 -9.735 -9.985 26.693  8.788-14.626-20.993   4.36
 72821 754 4 3 7 3 2400.6702 2401.5964
 12.871  0.611 13.486 -4.952  6.066  3.879  8.314 -4.516  0.366
  -3.924 -7.458 13.565 13.293  2.751  1.128  8.799  4.870   6.40
 72921 941 1111219 2401.5964 2402.5979
 16.224 -0.507 -9.063-17.186 -1.918 38.816 23.907  7.097 -0.810
 -14.626-20.993 -8.748 -9.531 23.208 15.608 -0.384 -5.947  -1.61
 73021 938 5141914 2402.5979 2403.6111
 14.793 -0.745 -8.555 -1.918 12.079 23.907 16.401  5.483 -1.373
  -0.384 -5.947 -8.409 -8.937 17.313  6.593 14.198 10.038 -12.54
 73121 919 7 71412 2403.6111 2404.5964
 15.445  0.952 -7.800 12.079 26.334 16.401 18.248 -7.060 -1.323
  14.198 10.038 -8.060 -7.549  8.045  8.356 28.285 25.516  -7.68
 8 121 941 5 712 4 2404.5964 2405.6118
 15.066  0.734 -8.738 26.334 40.637 18.248 25.745-14.737 -0.142
  28.285 25.516 -9.245 -8.525  5.391 12.857 41.535 38.838   6.53
 8 221 918 1 3 4 3 2405.6118 2406.6272
 14.340 -0.628 -9.483 40.637 54.203 25.745 10.961 -8.204 -1.639
  41.535 38.838 -9.611 -9.227 17.176  8.568 54.248 53.188  10.98
 81721 930 2 1 3 1 2420.6042 2421.7361
 14.044 -0.182 -4.550-58.949-44.161  8.485  9.341 -2.120 -1.043
 -58.879-59.924 -4.553 -4.514  7.911  0.574  0.000  0.000   0.00
 82121 9 7 1 2 3 4 2424.6201 2425.6118
 14.377 -0.086 -5.016 -4.647  8.638  8.447  4.118-43.886 -0.153
  -4.357 -4.949 -5.294 -4.727  4.303  4.144  8.751  8.254  85.67
 82121 9 7 1 2 3 1 2424.6201 2425.6118
 13.835  0.166 11.057-47.836-35.087  4.391  1.125 17.953 -2.329
 -45.604-47.861 10.347 11.065  0.050  4.341  0.000  0.000   0.00
 82921 919 1 1 2 5 2432.6111 2433.6145
 14.794 -0.773 10.807 28.287 42.148 24.158 17.327 29.723 -0.256
  28.578 27.591 10.644 11.198 17.036  7.122 42.407 41.758  12.28
 82921 919 0 0 1 6 2432.6111 2433.6145
 13.893  2.881  9.611 21.890 34.847  0.609  4.310  0.000  0.000
   0.000  0.000  0.000  0.000  0.000  0.000  0.000 34.273   0.00
 82921 919 1 1 2 6 2432.6111 2433.6145
 15.012 -0.564 13.069 20.768 34.847  4.052  4.310 62.684  0.159
  20.868 20.589 12.881 13.406  2.603  1.449 35.041 34.273 -61.35
 83021 915 1 4 5 3 2433.6145 2434.6091
 14.460  0.184 10.032 42.148 55.551 17.327 18.020 42.007  0.604
  42.407 41.758  9.802 10.378 10.410  6.918 56.348 55.016 -15.51
 91221 911 1 6 7 5 2446.6167 2447.6187
 15.058  0.433-10.249 39.413 53.517 12.249 24.184 13.508  1.193
  40.877 38.000 -9.902-10.583  6.014  6.236 55.338 51.255  -1.29
 91421 9 1 0 0 1 2 2448.6235 2449.6133
 13.441  1.622  1.086-59.492-47.165 37.892 32.282  0.000  0.000
   0.000  0.000  0.000  0.000  0.000  0.000  0.000-47.173   0.00
 91521 916 1 1 2 5 2449.6133 2450.6216
 14.354  1.368  2.691-47.165-33.682 32.282 34.651-86.467 -0.158
 -47.104-47.173  3.673  2.559  3.812 28.470-33.641-33.786 167.77
 91721 911 1 2 3 2 2451.6167 2452.7222
 14.915  0.066 -5.107-26.304-10.902  4.203  3.168-28.328 -0.456
 -25.874-26.832 -5.338 -4.823  2.316  1.886-10.559-11.181  18.74
 91721 911 0 0 1 1 2451.6167 2452.7222
 14.498  0.271 -5.738-32.818-17.877  9.632  3.958  0.000  0.000
   0.000  0.000  0.000  0.000  0.000  0.000  0.000  0.000   0.00
 91721 911 1 2 3 6 2451.6167 2452.7222
 13.761 -0.130  9.907-20.426 -6.300 25.334 41.147-76.610 -0.236
 -20.251-20.516 10.632  9.536  8.577 16.757 -6.228 -6.832 124.78
 91821 639 3 2 5 3 2452.7222 2453.6216
 14.998 -0.075-13.293 11.164 23.767  6.091  2.245  6.245  3.199
  12.403 10.782-13.161-13.334  1.438  4.654 27.327 22.412  -4.43
 91821 639 1 1 2 3 2452.7222 2453.6216
 15.687  0.664 -5.180-10.902  2.321  3.168  2.736 -9.588 -0.227
 -10.559-11.181 -5.238 -5.133  1.421  1.748  2.584  2.180   5.56
 91821 639 0 0 1 2 2452.7222 2453.6216
 13.686 -0.041 -6.037-17.877 -6.454  3.958  7.806  0.000  0.000
   0.000  0.000  0.000  0.000  0.000  0.000  0.000 -6.514   0.00
 91821 639 2 4 6 3 2452.7222 2453.6216
 14.148 -0.246  9.763 -6.300  5.539 41.147 32.469 48.168 -0.273
  -6.228 -6.832  9.685 10.349 36.294  4.852  5.556  5.292  16.97
 91921 9 4 2 1 3 6 2453.6216 2454.6243
 15.583 -0.654 -5.778  2.321 16.960  2.736  6.046 -4.026  2.937
   2.584  2.180 -5.796 -5.768  0.952  1.784 17.531 14.247  -7.55
 91921 9 4 1 1 2 1 2453.6216 2454.6243
 14.271 -0.703 -6.000 -6.454  6.871  7.806  0.050-83.968 -0.591
  -6.452 -6.514 -6.017 -5.429  7.578  0.229  0.000  0.000   0.00
 91921 9 4 2 1 3 4 2453.6216 2454.6243
 13.966  0.369  9.542  5.539 18.558 32.469 22.429 65.136  0.152
   5.556  5.292  9.508 10.068 30.453  2.016 18.717 18.123 -24.60
 92021 9 0 3 3 6 7 2454.6243 2455.6125
 15.769 -0.308 -5.122 16.960 31.570  6.046  8.291-11.575 -0.655
  17.531 14.247 -5.238 -4.568  4.995  1.051 32.359 29.701  20.93
 92021 9 0 2 2 4 6 2454.6243 2455.6125
 14.504  0.008  9.912 18.558 31.918 22.429 17.326 40.537 -0.093
  18.717 18.123  9.778 10.279 16.420  6.009 32.199 31.641 -76.27
 92121 918 2 5 7 5 2455.6125 2456.6182
 14.837  0.087 -4.818 31.570 45.500  8.291  5.589  9.359  2.398
  32.359 29.701 -4.688 -5.124  5.830  2.461 47.086 41.989  -7.04
 92121 918 4 2 6 4 2455.6125 2456.6182
 14.716 -0.068  9.921 31.918 45.727 17.326 17.790-35.736 -0.029
  32.199 31.641 10.120  9.724  8.610  8.716 46.163 45.618  69.87
 92221 9 9 1 3 4 3 2456.6182 2457.6111
 13.687 -0.973  9.852 45.727 58.341 17.790 41.366 34.135 -0.080
  46.163 45.618  9.561  9.925  3.549 14.241 58.516 58.340  38.11
 92421 912 1 1 2 6 2458.6160 2459.7000
 15.080 -1.091  9.500  8.523 23.804  0.890  7.589-31.013  1.810
   8.637  6.682  9.567  8.409  0.839  0.052 25.285 21.204  36.94
 92521 711 1 5 6 8 2459.7000 2460.6687
 15.956 -0.151  8.317 23.804 38.308  7.589  9.941  5.929  0.196
  25.285 21.204  8.165  8.584  4.834  2.755 39.608 35.309  -5.52
 92621 756 1 7 8 8 2460.6687 2461.6807
 12.621 -0.268  8.171 38.308 50.081  9.941 18.840  0.407  0.259
  39.608 35.309  8.162  8.192  6.935  3.006 53.909 49.363   3.57
101721 816 0 0 1 1 2481.6548 2482.6292
 14.423 -0.050  7.173-41.225-28.134  6.527 12.884  0.000  0.000
   0.000  0.000  0.000  0.000  0.000  0.000  0.000  0.000   0.00
101821 853 0 0 1 1 2482.6292 2483.6250
 14.590  0.107  7.125-28.134-14.587 12.884 12.466  0.000  0.000
   0.000  0.000  0.000  0.000  0.000  0.000  0.000  0.000   0.00
101921 9 0 0 0 1 1 2483.6250 2484.6194
 14.009  0.033  7.231-14.587 -1.637 12.466  5.541  0.000  0.000
   0.000  0.000  0.000  0.000  0.000  0.000  0.000  0.000   0.00
102021 9 7 0 0 1 3 2484.6194 2485.6563
 14.338 -0.178  7.264 -1.637 12.206  5.541  9.666  0.000  0.000
   0.000  0.000  0.000  0.000  0.000  0.000  0.000 11.946   0.00
102521 813 4 91313 2489.6570 2490.6570
 14.221  0.413  3.492-29.241-16.006 30.044 28.217 -1.574  0.491
 -25.280-33.369  3.601  3.379 15.332 14.712-12.284-20.872   1.30
102521 813 6101617 2489.6570 2490.6570
 14.891 -0.306  8.204 41.602 55.506 44.751 44.430  3.843  1.797
  43.540 38.091  8.075  8.437 28.835 15.917 57.629 50.370  -0.33
102721 756 2 1 3 3 2491.6687 2492.6375
 13.334  0.469  3.924  1.471 13.432  2.707 11.060-17.043  0.125
   1.715  0.976  3.998  3.772  1.813  0.894 13.653 12.755  15.73
102721 756 1 1 2 5 2491.6687 2492.6375
 14.483  0.640  3.001 -7.753  5.322  5.856 10.333-86.364  0.846
  -7.663 -7.755  4.417  2.961  0.162  5.694  6.489  4.461  57.77
102821 841 1 2 3 3 2492.6375 2493.6333
 14.355 -0.271  4.378 13.432 26.745 11.060 14.124 -1.310 -0.283
  13.653 12.755  4.383  4.363  8.341  2.719 26.922 26.311  -4.56
102821 841 2 3 5 9 2492.6375 2493.6333
 14.050 -0.305  3.621  5.322 18.331 10.333  8.874-28.593  0.287
   6.489  4.461  4.256  3.153  4.385  5.948 20.445 17.881  19.55
102921 848 1 2 3 1 2493.6333 2494.8279
 13.827  0.670  4.108 26.745 42.083 14.124  8.911 -5.873 -0.612
  26.922 26.311  4.127  4.064 10.045  4.080  0.000  0.000   0.00
102921 848 4 5 9 1 2493.6333 2494.8279
 13.330 -0.470  3.317 18.331 33.075  8.874  8.218 -9.040 -2.592
  20.445 17.881  3.653  3.246  1.556  7.317  0.000  0.000   0.00
103121 831 5 712 8 2495.6445 2496.6250
 15.986  0.030-12.949 25.194 39.903 18.843 10.650 21.666  0.386
  26.337 23.049-12.506-13.779 12.296  6.547 41.567 37.975   2.38
11 121 9 0 2 6 8 5 2496.6250 2497.6299
 15.472  0.014-12.978 39.903 54.459 10.650 16.697 24.048  1.775
  41.567 37.975-12.254-13.817  5.716  4.934 56.307 50.825  -6.30
111821 818 1 3 4 8 2513.6536 2514.6541
 13.681 -0.117  8.171  4.118 16.822 28.259 50.708-54.627 -0.696
   4.184  2.661  8.263  6.140 27.028  1.231 16.930 15.956  -5.04
111921 818 3 5 8 3 2514.6541 2515.9653
 14.317 -0.708  8.053 16.822 34.302 50.708 38.341-59.664  0.242
  16.930 15.956  8.235  6.588 45.107  5.600 34.358 32.281  76.26
111921 818 0 0 1 1 2514.6541 2515.9653
 14.545  0.025  4.628-54.274-36.495 10.606 13.889  0.000  0.000
   0.000  0.000  0.000  0.000  0.000  0.000  0.000  0.000   0.00
112021 049 1 2 3 4 2515.9653 2516.6763
 13.486  1.560  7.125 34.302 43.192 38.341 35.596 16.596 -0.422
  34.358 32.281  7.109  7.723 37.316  1.025 43.199 41.789 -52.80
112021 049 0 0 1 3 2515.9653 2516.6763
 14.493  0.453 -5.392-50.302-40.696 42.611 52.144  0.000  0.000
   0.000  0.000  0.000  0.000  0.000  0.000  0.000-43.404   0.00
112021 049 0 0 1 1 2515.9653 2516.6763
 13.672 -0.642  4.661-36.495-27.473 13.889  6.230  0.000  0.000
   0.000  0.000  0.000  0.000  0.000  0.000  0.000  0.000   0.00
112121 746 1 3 4 2 2516.6763 2517.6667
 14.115 -0.121  8.234 43.192 56.195 35.596 23.497-36.199 -1.099
  43.199 41.789  8.239  7.219 35.424  0.173 56.243 56.051 108.66
112121 746 1 2 318 2516.6763 2517.6667
 13.249  0.194 -5.715-40.696-28.552 52.144 67.886 37.838  3.011
 -40.680-43.404 -5.702 -7.807 51.826  0.318-27.570-33.897 -25.44
112121 746 0 0 1 2 2516.6763 2517.6667
 14.285 -0.033  4.205-27.473-14.302  6.230  7.059  0.000  0.000
   0.000  0.000  0.000  0.000  0.000  0.000  0.000-14.381   0.00
112221 8 0 21618 7 2517.6667 2518.6687
 15.037 -0.246 -5.906-28.552-14.470 67.886 81.566 12.398 -2.390
 -27.570-33.897 -5.692 -7.075 57.358 10.528-14.287-18.350  -8.21
112221 8 0 1 1 2 1 2517.6667 2518.6687
 13.983 -0.332  4.172-14.302 -1.277  7.059  9.803-74.989 -0.424
 -14.271-14.381  4.288  3.878  5.057  2.002  0.000  0.000   0.00
121121 748 1 4 511 2536.6743 2537.6750
 13.344 -0.384  7.828-48.089-35.719 18.145 22.097  8.209  1.417
 -44.275-49.485  7.283  8.028  4.861 13.284-31.711-38.396 -10.05
121121 748 1 3 4 2 2536.6743 2537.6750
 15.927 -0.264  8.970 11.363 26.319  8.906  6.286  7.671 -4.042
  13.297  8.909  8.713  9.296  4.981  3.925 26.390 26.157  38.36
121221 747 4 71125 2537.6750 2538.6807
 14.718  0.692  7.444-35.719-21.907 22.097 31.374 -1.839 -1.302
 -31.711-38.396  7.572  7.359  8.849 13.248-18.986-24.368   0.20
121321 73913122517 2538.6807 2539.7180
 11.989  0.274  8.140-21.907-10.487 31.374 31.612 -1.637 -2.294
 -18.986-24.368  8.223  8.070 14.348 17.026 -8.239-11.308   0.86
121421 64512 51720 2539.7180 2540.6973
 14.574  0.040  8.425-10.487  2.822 31.612 21.715 -0.778  1.188
  -8.239-11.308  8.455  8.414  8.458 23.154  5.399  1.305  17.39
121521 715 9112013 2540.6973 2541.7576
 13.857 -0.649  8.464  2.822 16.475 21.715 16.172 16.617  4.579
   5.399  1.305  7.703  8.912  8.045 13.670 19.489 10.660 -23.14
