 11363 026 1 3 4 917544.980517545.9102
 13.848 -2.499 12.521-25.713-13.756 13.161 49.915-56.723  0.368
 -24.335-26.420 14.571 11.470  4.463  8.699-12.011-16.092  46.76
 11463 2 8 4 5 92617545.910217546.6992
 14.896  1.954 10.199-13.756 -2.786 49.915 57.711 -9.966  0.741
 -12.011-16.092 10.501  9.795 28.579 21.336 -1.341 -6.200   0.83
 11463 2 8 4 3 72617545.910217546.6992
 16.887 -2.842 13.979-15.325 -2.786  5.128 57.711-17.103  2.921
 -14.077-15.946 14.351 13.793  1.705  3.423 -1.341 -6.200   7.97
 11563 7141214261117546.699217547.7012
 15.079 -1.669 11.739 -2.786 11.363 57.711 36.394 -9.131  0.172
  -1.341 -6.200 11.966 11.202 40.545 17.166 12.139  7.090  14.18
 11663 7 8 7 411 817547.701217548.8828
 13.964  1.399 10.064 11.363 26.702 36.394 36.069  5.046 -2.147
  12.139  7.090  9.996 10.435 30.799  5.595 27.190 24.355   7.48
 11763 247 4 4 8 617548.882817549.6953
 14.919 -0.840 11.716 26.702 38.028 36.069 38.170 12.523  0.722
  27.190 24.355 11.610 12.227 29.865  6.204 38.847 35.219 -15.39
 11863 717 3 3 6 117549.695317550.7539
 15.829 -2.621 11.034 38.028 53.744 38.170  0.799 -2.863 -3.565
  38.847 35.219 11.074 10.896 29.557  8.614  0.000  0.000   0.00
 12863 741 7 1 8 817559.679717560.7754
 15.484  0.139 12.141 29.833 45.729 29.231 28.571 -6.022  3.496
  30.947 29.191 12.256 12.075 10.692 18.539 49.258 44.022  -5.52
 2 363 23914 7212917565.888717566.7031
 15.106 -0.614-13.287-31.544-20.036 29.515 36.672 16.502  0.577
 -28.347-33.839-12.365-13.948 12.334 17.181-16.633-22.848  -6.68
 2 463 7 71712292017566.703117567.6738
 13.025  0.332-12.787-20.036 -8.341 36.672 24.076  9.818 -0.022
 -16.633-22.848-12.212-13.261 16.593 20.079 -4.069-10.328  -3.93
 2 463 7 7 3 4 71017566.703117567.6738
 14.575 -0.495 15.505-55.490-42.290  7.138  7.881 -2.587  0.165
 -51.959-57.177 15.659 15.432  2.309  4.830-39.962-45.337   5.53
 2 563 7481010201217567.673817568.6973
 15.300 -0.222-13.109 -8.341  6.317 24.076 14.566  5.893  2.937
  -4.069-10.328-12.679-13.309  7.643 16.433 10.532  1.317   1.86
 2 563 748 4 610 717567.673817568.6973
 14.663  0.338 15.025-42.290-28.284  7.881 10.557  2.944 -1.564
 -39.962-45.337 14.909 15.176  4.467  3.414-26.438-30.180   3.83
 2 663 715 1 1 2 417568.697317569.7070
 13.955 -0.965-15.947  2.811 15.904  1.985  2.495-10.989  1.386
   2.820  2.691-15.948-15.924  1.842  0.143 16.309 14.912  37.82
 2 763 7 1 3 1 4 917569.707017570.9258
 14.386  0.116-12.725 24.384 40.725 19.012 12.404-10.690 -1.301
  25.019 21.840-12.842-12.256 15.216  3.796 41.564 39.685   1.70
 2 763 7 1 0 0 1 117569.707017570.9258
 13.853  0.362 11.946-55.909-40.218  8.341 14.237  0.000  0.000
   0.000  0.000  0.000  0.000  0.000  0.000  0.000  0.000   0.00
 71463 739 1 2 3 317726.679717727.6973
 14.597  1.942  3.534 15.908 29.753  4.139  1.606-21.745  4.995
  16.032 15.560  3.583  3.396  3.048  1.091 31.061 25.561  15.97
 71563 715 1 2 3 217727.697317728.6680
 14.243  0.242  5.508 29.753 42.631  1.606  2.506 -5.773 -1.108
  31.061 25.561  5.640  5.086  1.224  0.382 44.887 40.820  28.69
 71663 757 1 1 2 117728.668017729.7910
 15.082  0.382  5.743 42.631 58.468  2.506  0.301 22.918 -4.393
  44.887 40.820  4.794  6.505  1.116  1.390  0.000  0.000   0.00
 72263 822 2 3 5 417734.650417735.6543
 14.926 -0.740 13.026-24.615-10.628  5.073  7.420-43.091  0.132
 -24.359-24.773 13.260 12.882  1.942  3.131-10.431-11.086  64.03
 72363 818 2 2 41017735.654317736.6563
 14.297 -0.122 12.285-10.628  2.737  7.420  5.743 20.935  0.474
 -10.431-11.086 12.211 12.456  5.187  2.234  3.219  2.040 -15.04
 72463 813 4 610 217736.656317737.7656
 11.557  0.654 12.162  2.737 14.470  5.743  1.238  5.898  1.830
   3.219  2.040 12.114 12.233  3.395  2.348 17.084 14.360  21.38
 73063 215 2 5 7 717742.906317743.6973
 13.221 -0.471 14.199-52.316-42.632 26.286 20.236-22.330  0.222
 -51.402-54.593 14.563 13.292 18.758  7.527-41.404-44.429 -12.22
 73063 215 6 511 617742.906317743.6973
 15.492 -0.131 15.249 34.961 46.441 15.291 15.687  0.214 -1.344
  36.840 31.996 15.242 15.259  9.359  5.932 47.906 44.459  -2.47
 73163 716 3 4 7 717743.697317744.7168
 14.927  0.371 13.826-42.632-28.393 20.236 13.863-34.550  0.706
 -41.404-44.429 14.648 12.625 12.020  8.216-27.909-31.851   7.98
 81663 7 8 2 4 6 617759.703117760.7070
 14.653 -0.172 -8.351-18.796 -5.075 18.860 14.945 -1.432  0.043
 -16.888-20.751 -8.398 -8.302  9.542  9.319 -2.961 -6.865  -0.52
 81763 7 2 1 5 6 817760.707017761.6758
 14.213  0.345 -8.178 -5.075  7.754 14.945 24.064 -1.949  1.405
  -2.961 -6.865 -8.249 -8.118  6.853  8.091 10.944  5.615   3.31
 82063 741 2 2 4 217763.679717764.6699
 14.314  0.393 -8.460 37.664 50.868 18.594  9.947 35.102 -0.251
  37.892 37.178 -8.302 -8.799 12.662  5.932 51.213 50.593 -33.32
 82063 741 1 2 3 217763.679717764.6699
 13.913 -0.242 -4.654-52.191-39.383 17.640  6.837 20.611  0.365
 -52.126-52.822 -4.629 -4.890 15.998  1.642-39.375-40.462  -8.94
 82063 741 2 2 4 417763.679717764.6699
 15.199 -0.568 10.705  5.915 19.996  3.665  9.623 14.688  1.064
   6.879  4.846 10.456 10.980  1.926  1.738 21.573 18.798  14.49
 82163 755 1 4 51317764.669917765.7910
 14.178 -0.754 -4.020 17.509 32.320 13.566 23.514 -0.819  3.117
  17.918 15.910 -4.026 -3.998 10.804  2.763 34.852 29.753  -5.37
 82163 755 3 1 4 917764.669917765.7910
 15.958  0.110 10.142 19.996 36.804  9.623 24.168 29.175  1.776
  21.573 18.798  9.275 10.800  4.152  5.470 39.467 34.680 -12.96
 82263 5 0 8 5131017765.791017766.7598
 16.317 -0.377 -3.174 32.320 47.167 23.514 32.839 -6.194  1.645
  34.852 29.753 -3.448 -2.896 11.838 11.676 49.331 42.597   0.02
 82263 5 0 6 3 9 917765.791017766.7598
 15.724 -0.331 10.266 36.804 51.077 24.168 21.978 16.213  2.375
  39.467 34.680  9.504 10.874 10.724 13.444 55.013 47.890  -0.75
 82763 629 0 0 1 117770.730517771.7500
 13.988 -0.126 11.693-55.488-42.219 11.061  9.793  0.000  0.000
   0.000  0.000  0.000  0.000  0.000  0.000  0.000  0.000   0.00
 82863 6 0 0 0 1 217771.750017772.7051
 14.187  0.387 11.564-42.219-29.600  9.793 10.364  0.000  0.000
   0.000  0.000  0.000  0.000  0.000  0.000  0.000-30.829   0.00
 82963 7 3 1 1 2 117772.705117773.8828
 14.235 -0.426 11.934-29.600-13.989 10.364 13.746-31.790 -1.443
 -29.575-30.829 11.949 11.188 10.162  0.202  0.000  0.000   0.00
 83063 247 0 0 1 317773.882817774.7988
 14.595  0.051 11.432-13.989 -1.538 13.746 12.588  0.000  0.000
   0.000  0.000  0.000  0.000  0.000  0.000  0.000 -2.342   0.00
 83163 451 2 1 3 717774.798817775.7188
 13.788 -0.276 11.479 -1.538 10.246 12.588  9.706 39.223  1.450
  -1.507 -2.342 11.455 12.122 12.126  0.462 10.842  8.366 -24.94
 9 163 645 2 5 7 417775.718817776.7012
 15.287 -0.346 11.225 10.246 24.313  9.706 11.888 14.278  0.420
  10.842  8.366 11.077 11.695  7.371  2.335 24.548 21.621  -3.47
 9 663 737 1 1 2 117780.683617781.6602
 15.648 -0.343  5.797 39.681 54.031  4.948  2.039  4.097 -4.394
  39.726 35.321  5.793  6.107  4.898  0.050  0.000  0.000   0.00
 91463 740 1 2 3 117788.679717789.9297
 13.166  2.389  5.264 -6.123  9.106  4.978  6.514 32.005 -0.239
  -5.985 -6.189  5.178  5.305  1.602  3.376  0.000  0.000   0.00
 91563 140 2 5 7 617789.929717790.7832
 16.486  1.052 -6.702 -0.905 12.315 25.737 18.468-22.244 -2.116
   1.357 -3.154 -7.621 -5.788 12.830 12.908 13.016 10.875 -16.57
 91563 140 3 2 5 617789.929717790.7832
 14.466  0.896 -6.358 -8.065  3.432 26.763  8.190 12.280  0.818
  -7.401 -8.660 -6.214 -6.487 12.638 14.125  3.871  2.002 -40.18
 91563 140 4 2 61517789.929717790.7832
 14.360 -0.230 16.205-59.509-48.102 41.735 63.951  8.048  0.663
 -57.576-61.262 15.942 16.443 19.843 21.891-44.904-49.311  -7.94
 91563 140 0 0 1 217789.929717790.7832
 14.301  0.057  8.250  9.106 20.463  6.514  0.153  0.000  0.000
   0.000  0.000  0.000  0.000  0.000  0.000  0.000 20.439   0.00
 92163 7111010203017795.699217796.6016
 15.062  0.133 15.383 17.192 29.872 87.689 44.144 32.153  0.345
  18.322 15.014 14.697 16.703 57.723 29.966 31.300 27.342 -10.18
 92263 9341218301617796.601617797.6973
 15.509 -0.531 15.502 29.872 45.809 44.144 63.453 21.972 -0.986
  31.300 27.342 14.947 16.486 28.213 15.931 46.197 43.583  14.11
 92363 715 7 9161117797.697317798.6816
 14.655  0.905 14.919 45.809 59.251 63.453101.471 36.083  0.294
  46.197 43.583 14.646 16.487 54.026  9.428 59.611 56.912   4.50
101363 730 1 1 2 117817.687517818.6797
 14.962 -0.508 10.696 23.747 37.626  3.082 12.927 56.705 -0.530
  24.002 23.706 10.315 10.759  0.433  2.649  0.000  0.000   0.00
101363 730 1 1 2 117817.687517818.6797
 14.190 -0.154 26.674-54.409-41.297  5.102 12.840-19.092 -0.679
 -54.283-55.001 26.713 26.491  4.205  0.896  0.000  0.000   0.00
101463 739 3 4 71217818.679717819.6602
 14.756  0.108  5.107  1.845 15.328 10.396 23.536 -4.951  0.588
   2.832 -0.697  5.193  4.888  7.489  2.908 16.753 12.619   4.59
101463 739 0 0 1 117818.679717819.6602
 14.241  0.356 10.192 37.626 50.604 12.927  5.220  0.000  0.000
   0.000  0.000  0.000  0.000  0.000  0.000  0.000  0.000   0.00
102963 740 1 2 3 717833.679717834.6836
 14.147 -0.328  3.368-11.084  2.122  1.239 21.352 32.244  2.084
 -10.070-12.990  2.729  4.568  0.809  0.430  4.465 -0.910 -18.30
103063 736 3 4 7 717834.683617835.6777
 16.988 -0.603  3.038  2.122 18.045 21.352 19.221 13.941  1.269
   4.465 -0.910  2.457  3.790 12.043  9.309 18.253 11.455 -11.43
103063 736 3 6 9 317834.683617835.6777
 16.470 -0.620 10.088-27.083-11.675 15.702  3.035 16.294  0.160
 -25.582-29.685  9.656 10.837  9.957  5.745-10.820-15.118  -2.34
103163 742 1 6 7 717835.677717836.6797
 14.486  0.113  2.438 18.045 31.554 19.221 22.034  2.515 -1.289
  18.253 11.455  2.429  2.727 18.633  0.588 32.656 27.145  -0.12
11 163 741 1 6 7 617836.679717837.7891
 13.424 -0.664  2.551 31.554 45.365 22.034 28.243  2.396  0.684
  32.656 27.145  2.505  2.735 17.626  4.408 48.230 42.071  -8.78
111863 454 1 2 3 317853.794917854.7266
 13.782 -0.406 15.130-51.001-39.083  7.793  5.488  1.984 -0.907
 -50.980-52.624 15.130 15.185  7.693  0.100-38.804-39.319 -44.95
112363 736 1 2 3 317858.683617859.7520
 14.301 -0.673  7.469-37.686-23.445 10.360  5.590 -8.876  0.124
 -37.584-38.110  7.485  7.404  8.339  2.021-23.074-23.724   0.69
112363 736 0 0 1 117858.683617859.7520
 14.301 -0.577  8.609-48.472-34.231  3.449  3.443  0.000  0.000
   0.000  0.000  0.000  0.000  0.000  0.000  0.000  0.000   0.00
112363 736 0 0 1 217858.683617859.7520
 14.943 -0.602 14.164 13.606 28.534  3.256  1.381  0.000  0.000
   0.000  0.000  0.000  0.000  0.000  0.000  0.000 28.525   0.00
112463 555 1 2 3 117859.752017860.7891
 13.557 -0.198  6.749-23.445-10.418  5.590  9.383 -8.189 -0.652
 -23.074-23.724  6.802  6.710  2.394  3.197  0.000  0.000   0.00
112463 555 0 0 1 117859.752017860.7891
 13.562 -0.840  7.992-34.231-21.199  3.443  5.570  0.000  0.000
   0.000  0.000  0.000  0.000  0.000  0.000  0.000  0.000   0.00
112563 5 3 0 0 1 217860.789117861.6777
 12.452 -0.030  6.544-10.418 -0.217  9.383  1.811  0.000  0.000
   0.000  0.000  0.000  0.000  0.000  0.000  0.000 -0.221   0.00
112663 742 1 1 2 117861.677717862.9805
 12.240  2.960  3.169-10.375  4.289  1.766 10.112-41.862 -1.288
 -10.002-10.963  3.502  2.643  1.081  0.685  0.000  0.000   0.00
112663 742 1 1 2 417861.677717862.9805
 12.623  0.116  6.517 -0.217 14.946  1.811  6.750 61.223  1.141
  -0.071 -0.221  6.253  6.525  0.050  1.761 15.548 14.142 -45.55
12 663 647 0 0 1 217871.716817872.8086
 12.444  2.462 -8.693  2.024 14.527  5.527  9.309  0.000  0.000
   0.000  0.000  0.000  0.000  0.000  0.000  0.000 14.132   0.00
12 663 647 2 2 4 117871.716817872.8086
 12.687  2.099 -7.802 -4.420  8.349  1.326  0.531 27.044 -0.639
  -3.925 -4.500 -7.551 -7.842  0.183  1.143  0.000  0.000   0.00
12 763 436 1 1 2 217872.808617873.6719
 16.506 -2.848-11.379 14.527 27.938  9.309  8.239-16.200  0.043
  14.688 14.132-11.425-11.266  6.619  2.690 28.541 27.923  16.25
