 11463 2 8 4 5 92617545.910217546.6992
 13.611  0.759  9.771 10.369-16.577 -6.621 12.986  3.416 10.199
 -13.756 49.915 57.711  4.077  0.741 -9.966 -9.131 14.896   1.95
 11463 2 8 4 5 92617545.910217546.6992
 13.519  0.863 13.289 13.969-15.844 -5.959  0.050  0.424 10.199
 -13.756 49.915 57.711  4.077  0.741 -9.966 -9.131 14.896   1.95
 11463 2 8 4 5 92617545.910217546.6992
 13.006  0.435 12.469 12.812-11.465 -1.985  3.922  5.446 10.199
 -13.756 49.915 57.711  4.077  0.741 -9.966 -9.131 14.896   1.95
 11663 7 8 7 411 817547.701217548.8828
 13.998  0.423 10.850 11.350  6.544 21.922  2.583  0.050 10.064
  11.363 36.394 36.069  4.991 -2.147  5.046 12.523 13.964   1.40
 11663 7 8 7 411 817547.701217548.8828
 14.081  0.283 10.624 10.958  6.903 22.381  2.528  1.955 10.064
  11.363 36.394 36.069  4.991 -2.147  5.046 12.523 13.964   1.40
 11663 7 8 7 411 817547.701217548.8828
 14.071  0.239 12.660 12.943 11.631 27.096  4.827 20.236 10.064
  11.363 36.394 36.069  4.991 -2.147  5.046 12.523 13.964   1.40
 11663 7 8 7 411 817547.701217548.8828
 13.602  0.390 12.482 12.943 12.185 27.096  7.775 20.236 10.064
  11.363 36.394 36.069  4.991 -2.147  5.046 12.523 13.964   1.40
 11663 7 8 7 411 817547.701217548.8828
 13.691  0.506  7.902  8.499 12.374 27.390  8.518  3.623 10.064
  11.363 36.394 36.069  4.991 -2.147  5.046 12.523 13.964   1.40
 11663 7 8 7 411 817547.701217548.8828
 13.754  0.513  8.336  8.942 12.242 27.333  2.318  5.887 10.064
  11.363 36.394 36.069  4.991 -2.147  5.046 12.523 13.964   1.40
 11663 7 8 7 411 817547.701217548.8828
 13.718  0.298  8.590  8.942 12.284 27.333  4.702  5.887 10.064
  11.363 36.394 36.069  4.991 -2.147  5.046 12.523 13.964   1.40
 11763 247 4 4 8 617548.882817549.6953
 15.088 -0.924  8.499  7.748 27.390 38.854  3.623  4.788 11.716
  26.702 36.069 38.170  2.844  0.722 12.523 -2.863 14.919  -0.84
 11763 247 4 4 8 617548.882817549.6953
 15.594 -0.731 10.958 10.365 22.381 34.255  1.955  5.855 11.716
  26.702 36.069 38.170  2.844  0.722 12.523 -2.863 14.919  -0.84
 11763 247 4 4 8 617548.882817549.6953
 15.385 -0.840 12.758 12.076 25.309 37.015  3.927  1.334 11.716
  26.702 36.069 38.170  2.844  0.722 12.523 -2.863 14.919  -0.84
 11763 247 4 4 8 617548.882817549.6953
 15.430 -1.090 12.943 12.057 27.096 38.838 20.236 22.918 11.716
  26.702 36.069 38.170  2.844  0.722 12.523 -2.863 14.919  -0.84
 12863 741 7 1 8 817559.679717560.7754
 15.391 -0.272 13.264 12.966 30.758 46.552  1.165  0.410 12.141
  29.833 29.231 28.571  1.725  3.496 -6.022-11.542 15.484   0.14
 12863 741 7 1 8 817559.679717560.7754
 16.054 -0.384 13.571 13.150 31.931 48.451  0.050  0.974 12.141
  29.833 29.231 28.571  1.725  3.496 -6.022-11.542 15.484   0.14
 12863 741 7 1 8 817559.679717560.7754
 15.596 -0.005 12.767 12.762 32.729 48.746  1.408  0.859 12.141
  29.833 29.231 28.571  1.725  3.496 -6.022-11.542 15.484   0.14
 12863 741 7 1 8 817559.679717560.7754
 16.107 -0.204 13.012 12.788 32.917 49.494  0.290  2.983 12.141
  29.833 29.231 28.571  1.725  3.496 -6.022-11.542 15.484   0.14
 2 363 23914 7212917565.888717566.7031
 13.965 -0.830-12.720-12.044-25.726-15.148  0.437  2.660-13.287
 -31.544 29.515 36.672  5.574  0.577 16.502  9.818 15.106  -0.61
 2 363 23914 7212917565.888717566.7031
 14.310 -0.648-12.492-11.964-25.279-14.420  0.050  0.050-13.287
 -31.544 29.515 36.672  5.574  0.577 16.502  9.818 15.106  -0.61
 2 363 23914 7212917565.888717566.7031
 13.990 -0.616-12.590-12.088-26.229-15.631  1.057  1.462-13.287
 -31.544 29.515 36.672  5.574  0.577 16.502  9.818 15.106  -0.61
 2 363 23914 7212917565.888717566.7031
 14.310 -0.531-13.417-12.984-27.143-16.284  0.050  0.050-13.287
 -31.544 29.515 36.672  5.574  0.577 16.502  9.818 15.106  -0.61
 2 363 23914 7212917565.888717566.7031
 14.287 -0.582-12.553-12.079-27.927-17.087  2.478  0.987-13.287
 -31.544 29.515 36.672  5.574  0.577 16.502  9.818 15.106  -0.61
 2 363 23914 7212917565.888717566.7031
 14.671 -0.492-12.121-11.720-28.164-17.011  4.639  0.480-13.287
 -31.544 29.515 36.672  5.574  0.577 16.502  9.818 15.106  -0.61
 2 363 23914 7212917565.888717566.7031
 14.524 -0.563-12.370-11.911-28.472-17.438  0.547  0.439-13.287
 -31.544 29.515 36.672  5.574  0.577 16.502  9.818 15.106  -0.61
 2 363 23914 7212917565.888717566.7031
 14.266 -0.655-13.835-13.302-30.126-19.302  0.180  0.255-13.287
 -31.544 29.515 36.672  5.574  0.577 16.502  9.818 15.106  -0.61
 2 363 23914 7212917565.888717566.7031
 14.064 -0.766-15.985-15.360-33.364-22.704  0.961  2.477-13.287
 -31.544 29.515 36.672  5.574  0.577 16.502  9.818 15.106  -0.61
 2 363 23914 7212917565.888717566.7031
 14.434 -0.978-14.700-13.903-34.686-23.726  3.480  0.050-13.287
 -31.544 29.515 36.672  5.574  0.577 16.502  9.818 15.106  -0.61
 2 363 23914 7212917565.888717566.7031
 14.403 -0.626-12.355-11.846-34.343-23.408  0.847  0.050-13.287
 -31.544 29.515 36.672  5.574  0.577 16.502  9.818 15.106  -0.61
 2 363 23914 7212917565.888717566.7031
 14.030 -0.668-12.081-11.536-31.849-21.218  2.650  0.050-13.287
 -31.544 29.515 36.672  5.574  0.577 16.502  9.818 15.106  -0.61
 2 463 7 71712292017566.703117567.6738
 13.675  0.386-11.964-12.339-14.420 -2.094  0.050  0.196-12.787
 -20.036 36.672 24.076  6.151 -0.022  9.818  5.893 13.025   0.33
 2 463 7 71712292017566.703117567.6738
 13.259  0.477-12.044-12.507-15.148 -3.225  2.660  3.286-12.787
 -20.036 36.672 24.076  6.151 -0.022  9.818  5.893 13.025   0.33
 2 463 7 71712292017566.703117567.6738
 13.757  0.431-12.088-12.507-15.631 -3.225  1.462  3.286-12.787
 -20.036 36.672 24.076  6.151 -0.022  9.818  5.893 13.025   0.33
 2 463 7 71712292017566.703117567.6738
 13.901  0.432-12.026-12.445-16.398 -3.853  5.312  0.648-12.787
 -20.036 36.672 24.076  6.151 -0.022  9.818  5.893 13.025   0.33
 2 463 7 71712292017566.703117567.6738
 12.989  0.423-12.079-12.490-17.087 -5.428  0.987  0.050-12.787
 -20.036 36.672 24.076  6.151 -0.022  9.818  5.893 13.025   0.33
 2 463 7 71712292017566.703117567.6738
 13.350  0.596-11.911-12.490-17.438 -5.428  0.439  0.050-12.787
 -20.036 36.672 24.076  6.151 -0.022  9.818  5.893 13.025   0.33
 2 463 7 71712292017566.703117567.6738
 13.409  0.258-12.239-12.490-17.495 -5.428  0.380  0.050-12.787
 -20.036 36.672 24.076  6.151 -0.022  9.818  5.893 13.025   0.33
 2 463 7 71712292017566.703117567.6738
 13.452  0.316-12.950-13.256-17.963 -5.854  1.859  0.790-12.787
 -20.036 36.672 24.076  6.151 -0.022  9.818  5.893 13.025   0.33
 2 463 7 71712292017566.703117567.6738
 13.218  0.524-13.302-13.811-19.302 -7.420  0.255  0.349-12.787
 -20.036 36.672 24.076  6.151 -0.022  9.818  5.893 13.025   0.33
 2 463 7 71712292017566.703117567.6738
 13.404  0.495-13.122-13.602-19.485 -7.423  0.050  0.548-12.787
 -20.036 36.672 24.076  6.151 -0.022  9.818  5.893 13.025   0.33
 2 463 7 71712292017566.703117567.6738
 13.620  0.479-13.346-13.811-19.693 -7.420  0.473  0.349-12.787
 -20.036 36.672 24.076  6.151 -0.022  9.818  5.893 13.025   0.33
 2 463 7 71712292017566.703117567.6738
 13.429  0.669-13.093-13.743-21.669 -9.582  0.050  0.169-12.787
 -20.036 36.672 24.076  6.151 -0.022  9.818  5.893 13.025   0.33
 2 463 7 71712292017566.703117567.6738
 13.570  0.524-12.443-12.952-21.610 -9.386  4.900  5.313-12.787
 -20.036 36.672 24.076  6.151 -0.022  9.818  5.893 13.025   0.33
 2 463 7 71712292017566.703117567.6738
 13.409  0.601-11.536-12.119-21.218 -9.150  0.050  2.242-12.787
 -20.036 36.672 24.076  6.151 -0.022  9.818  5.893 13.025   0.33
 2 463 7 71712292017566.703117567.6738
 13.853  0.558-13.903-14.445-23.726-11.227  0.050  0.050-12.787
 -20.036 36.672 24.076  6.151 -0.022  9.818  5.893 13.025   0.33
 2 463 7 71712292017566.703117567.6738
 13.902  0.499-14.496-14.981-24.361-11.816  0.178  3.681-12.787
 -20.036 36.672 24.076  6.151 -0.022  9.818  5.893 13.025   0.33
 2 463 7 71712292017566.703117567.6738
 13.390  0.572-15.530-16.086-22.409-10.360  3.904  0.529-12.787
 -20.036 36.672 24.076  6.151 -0.022  9.818  5.893 13.025   0.33
 2 463 7 7 3 4 71017566.703117567.6738
 13.444 -0.814 15.642 14.852-51.510-39.409  1.244  3.341 15.505
 -55.490  7.138  7.881  5.033  0.165 -2.587  2.944 14.575  -0.49
 2 463 7 7 3 4 71017566.703117567.6738
 13.425 -0.540 15.703 15.179-52.496-40.413  1.015  0.133 15.505
 -55.490  7.138  7.881  5.033  0.165 -2.587  2.944 14.575  -0.49
 2 463 7 7 3 4 71017566.703117567.6738
 13.454 -0.521 13.753 13.247-57.233-45.122  0.050  0.050 15.505
 -55.490  7.138  7.881  5.033  0.165 -2.587  2.944 14.575  -0.49
 2 463 7 7 3 4 71017566.703117567.6738
 13.465 -0.842 14.065 13.247-57.244-45.122  0.385  0.050 15.505
 -55.490  7.138  7.881  5.033  0.165 -2.587  2.944 14.575  -0.49
 2 563 7481010201217567.673817568.6973
 14.148  0.059-12.339-12.400 -2.094 11.386  0.196  0.957-13.109
  -8.341 24.076 14.566  6.129  2.937  5.893  7.755 15.300  -0.22
 2 563 7481010201217567.673817568.6973
 14.333 -0.146-12.501-12.351 -2.682 10.987  1.037  0.584-13.109
  -8.341 24.076 14.566  6.129  2.937  5.893  7.755 15.300  -0.22
 2 563 7481010201217567.673817568.6973
 14.247 -0.212-12.507-12.290 -3.225 10.356  3.286  3.709-13.109
  -8.341 24.076 14.566  6.129  2.937  5.893  7.755 15.300  -0.22
 2 563 7481010201217567.673817568.6973
 14.590 -0.187-12.445-12.254 -3.853 10.080  0.648  0.846-13.109
  -8.341 24.076 14.566  6.129  2.937  5.893  7.755 15.300  -0.22
 2 563 7481010201217567.673817568.6973
 14.500  0.107-12.154-12.263 -4.154  9.686  0.689  0.050-13.109
  -8.341 24.076 14.566  6.129  2.937  5.893  7.755 15.300  -0.22
 2 563 7481010201217567.673817568.6973
 14.774 -0.188-12.490-12.297 -5.428  8.693  0.050  0.194-13.109
  -8.341 24.076 14.566  6.129  2.937  5.893  7.755 15.300  -0.22
 2 563 7481010201217567.673817568.6973
 14.334 -0.145-12.952-12.803 -9.386  4.284  5.313  0.131-13.109
  -8.341 24.076 14.566  6.129  2.937  5.893  7.755 15.300  -0.22
 2 563 748 4 610 717567.673817568.6973
 13.651  0.300 14.852 15.159-39.409-26.438  3.341  5.350 15.025
 -42.290  7.881 10.557  5.198 -1.564  2.944  6.774 14.663   0.34
 2 563 748 4 610 717567.673817568.6973
 13.971  0.385 15.223 15.617-41.912-28.613  0.812  0.922 15.025
 -42.290  7.881 10.557  5.198 -1.564  2.944  6.774 14.663   0.34
 2 563 748 4 610 717567.673817568.6973
 13.862  0.421 15.245 15.676-45.543-32.356  3.008  0.050 15.025
 -42.290  7.881 10.557  5.198 -1.564  2.944  6.774 14.663   0.34
 2 563 748 4 610 717567.673817568.6973
 14.123  0.550 15.403 15.966-43.565-30.110  0.050  0.050 15.025
 -42.290  7.881 10.557  5.198 -1.564  2.944  6.774 14.663   0.34
 2 563 748 4 610 717567.673817568.6973
 14.095  0.570 15.383 15.966-43.536-30.110  0.206  0.050 15.025
 -42.290  7.881 10.557  5.198 -1.564  2.944  6.774 14.663   0.34
 2 663 715 1 1 2 417568.697317569.7070
 14.118 -0.603-15.948-15.340  2.820 16.078  1.842  0.478-15.947
   2.811  1.985  2.495  0.127  1.386-10.989 26.830 13.955  -0.96
 2 663 715 1 1 2 417568.697317569.7070
 14.246 -0.579-15.924-15.340  2.691 16.078  0.143  0.478-15.947
   2.811  1.985  2.495  0.127  1.386-10.989 26.830 13.955  -0.96
 2 763 7 1 3 1 4 917569.707017570.9258
 14.500  0.199-12.655-12.897 24.393 40.872  1.901  0.166-12.725
  24.384 19.012 12.404  3.156 -1.301-10.690 -8.987 14.386   0.12
 2 763 7 1 3 1 4 917569.707017570.9258
 14.492  0.122-12.870-13.019 25.107 41.577 13.265  6.503-12.725
  24.384 19.012 12.404  3.156 -1.301-10.690 -8.987 14.386   0.12
 2 763 7 1 3 1 4 917569.707017570.9258
 14.357  0.442-12.480-13.019 25.272 41.577  0.050  6.503-12.725
  24.384 19.012 12.404  3.156 -1.301-10.690 -8.987 14.386   0.12
 2 763 7 1 0 0 1 117569.707017570.9258
 13.853  0.362 11.946 12.387-55.909-40.218  8.341 14.237 11.946
 -55.909  8.341 14.237  0.000  0.000  0.000  0.000 13.853   0.36
 71563 715 1 2 3 217727.697317728.6680
 14.788 -0.318  6.813  6.505 27.413 40.820  0.050  1.390  5.508
  29.753  1.606  2.506  5.502 -1.108 -5.773 22.918 14.243   0.24
 71663 757 1 1 2 117728.668017729.7910
 16.694 -0.297  6.505  6.171 40.820 58.468  1.390  0.301  5.743
  42.631  2.506  0.301  4.393 -4.393 22.918  0.000 15.082   0.38
 72263 822 2 3 5 417734.650417735.6543
 14.337 -0.240 13.171 12.930-23.610-10.214  0.286  1.895 13.026
 -24.615  5.073  7.420  0.553  0.132-43.091 20.935 14.926  -0.74
 72263 822 2 3 5 417734.650417735.6543
 14.513 -0.686 13.275 12.587-24.488-10.916  1.656  1.177 13.026
 -24.615  5.073  7.420  0.553  0.132-43.091 20.935 14.926  -0.74
 72263 822 2 3 5 417734.650417735.6543
 14.649 -0.257 12.845 12.587-24.625-10.916  2.073  1.177 13.026
 -24.615  5.073  7.420  0.553  0.132-43.091 20.935 14.926  -0.74
 72363 818 2 2 41017735.654317736.6563
 14.727 -0.269 12.930 12.661-10.214  3.583  1.895  0.577 12.285
 -10.628  7.420  5.743  0.685  0.474 20.935  5.898 14.297  -0.12
 72363 818 2 2 41017735.654317736.6563
 14.976 -0.567 12.587 12.019-10.916  3.131  1.177  2.718 12.285
 -10.628  7.420  5.743  0.685  0.474 20.935  5.898 14.297  -0.12
 72363 818 2 2 41017735.654317736.6563
 15.334 -0.289 12.309 12.019-11.275  3.131  1.057  2.718 12.285
 -10.628  7.420  5.743  0.685  0.474 20.935  5.898 14.297  -0.12
 72363 818 2 2 41017735.654317736.6563
 15.249 -0.472 11.797 11.323-10.557  3.763  3.292  0.050 12.285
 -10.628  7.420  5.743  0.685  0.474 20.935  5.898 14.297  -0.12
 72463 813 4 610 217736.656317737.7656
 14.253  0.642 12.232 12.943 -0.362 14.360  0.017  1.188 12.162
   2.737  5.743  1.238  1.159  1.830  5.898 27.283 11.557   0.65
 72463 813 4 610 217736.656317737.7656
 13.729  0.824 12.029 12.943  0.218 14.360  0.103  1.188 12.162
   2.737  5.743  1.238  1.159  1.830  5.898 27.283 11.557   0.65
 72463 813 4 610 217736.656317737.7656
 13.403  1.083 11.742 12.943  0.581 14.360  0.224  1.188 12.162
   2.737  5.743  1.238  1.159  1.830  5.898 27.283 11.557   0.65
 73063 215 2 5 7 717742.906317743.6973
 13.607 -0.048 14.774 14.736-51.786-41.798  9.208  6.941 14.199
 -52.316 26.286 20.236  3.345  0.222-22.330-34.550 13.221  -0.47
 73063 215 2 5 7 717742.906317743.6973
 12.799  0.230 14.469 14.651-54.016-44.666  1.306  0.715 14.199
 -52.316 26.286 20.236  3.345  0.222-22.330-34.550 13.221  -0.47
 73063 215 2 5 7 717742.906317743.6973
 13.456  0.246 12.584 12.779-53.339-43.470  2.399  1.312 14.199
 -52.316 26.286 20.236  3.345  0.222-22.330-34.550 13.221  -0.47
 73063 215 6 511 617742.906317743.6973
 15.489  0.493 14.856 15.246 35.543 47.021  0.549  2.818 15.249
  34.961 15.291 15.687  4.674 -1.344  0.214 -2.259 15.492  -0.13
 73063 215 6 511 617742.906317743.6973
 15.514  0.199 15.088 15.246 35.523 47.021  0.125  2.818 15.249
  34.961 15.291 15.687  4.674 -1.344  0.214 -2.259 15.492  -0.13
 73063 215 6 511 617742.906317743.6973
 15.737  0.511 14.649 15.053 34.306 45.980  0.176  4.034 15.249
  34.961 15.291 15.687  4.674 -1.344  0.214 -2.259 15.492  -0.13
 73063 215 6 511 617742.906317743.6973
 15.117  0.467 14.811 15.181 37.125 48.309  0.050  6.201 15.249
  34.961 15.291 15.687  4.674 -1.344  0.214 -2.259 15.492  -0.13
 73163 716 3 4 7 717743.697317744.7168
 14.102  0.074 14.533 14.609-40.851-27.455  5.030  3.757 13.826
 -42.632 20.236 13.863  3.566  0.706-34.550-26.569 14.927   0.37
 73163 716 3 4 7 717743.697317744.7168
 14.175  0.133 14.651 14.787-44.666-31.194  0.715  0.124 13.826
 -42.632 20.236 13.863  3.566  0.706-34.550-26.569 14.927   0.37
 73163 716 3 4 7 717743.697317744.7168
 13.860 -0.127 12.414 12.285-43.934-30.784  3.012  0.276 13.826
 -42.632 20.236 13.863  3.566  0.706-34.550-26.569 14.927   0.37
 73163 716 3 4 7 717743.697317744.7168
 13.859 -0.177 12.779 12.598-43.470-30.321  1.312  0.050 13.826
 -42.632 20.236 13.863  3.566  0.706-34.550-26.569 14.927   0.37
 81663 7 8 2 4 6 617759.703117760.7070
 14.497  0.645 -8.438 -9.085-20.222 -6.657  4.899  0.328 -8.351
 -18.796 18.860 14.945  3.823  0.043 -1.432 -1.949 14.653  -0.17
 81663 7 8 2 4 6 617759.703117760.7070
 14.735  0.755 -8.230 -8.988-21.389 -7.586  4.242  2.691 -8.351
 -18.796 18.860 14.945  3.823  0.043 -1.432 -1.949 14.653  -0.17
 81663 7 8 2 4 6 617759.703117760.7070
 15.008  0.556 -6.997 -7.555-20.493 -6.416  0.127  4.774 -8.351
 -18.796 18.860 14.945  3.823  0.043 -1.432 -1.949 14.653  -0.17
 81763 7 2 1 5 6 817760.707017761.6758
 14.470 -0.049 -8.249 -8.202 -2.961 10.117  6.853  1.285 -8.178
  -5.075 14.945 24.064  3.866  1.405 -1.949  1.365 14.213   0.35
 81763 7 2 1 5 6 817760.707017761.6758
 14.116  0.139 -8.988 -9.123 -7.586  5.149  2.691  8.948 -8.178
  -5.075 14.945 24.064  3.866  1.405 -1.949  1.365 14.213   0.35
 81763 7 2 1 5 6 817760.707017761.6758
 14.277  0.072 -7.555 -7.625 -6.416  6.476  4.774  4.982 -8.178
  -5.075 14.945 24.064  3.866  1.405 -1.949  1.365 14.213   0.35
 81763 7 2 1 5 6 817760.707017761.6758
 14.458  0.156 -6.645 -6.797 -9.413  3.654  0.050  0.050 -8.178
  -5.075 14.945 24.064  3.866  1.405 -1.949  1.365 14.213   0.35
 82063 741 2 2 4 217763.679717764.6699
 14.500  0.255 -8.586 -8.839 37.825 51.213 10.277  4.415 -8.460
  37.664 18.594  9.947  0.864 -0.251 35.102  1.786 14.314   0.39
 82063 741 2 2 4 217763.679717764.6699
 14.338 -0.050 -8.907 -8.858 37.365 50.593  3.963  5.532 -8.460
  37.664 18.594  9.947  0.864 -0.251 35.102  1.786 14.314   0.39
 82063 741 2 2 4 217763.679717764.6699
 14.907  0.280 -8.580 -8.858 36.801 50.593  1.969  5.532 -8.460
  37.664 18.594  9.947  0.864 -0.251 35.102  1.786 14.314   0.39
 82063 741 1 2 3 217763.679717764.6699
 13.856 -0.219 -4.629 -4.412-52.126-39.375 15.998  6.787 -4.654
 -52.191 17.640  6.837  0.741  0.365 20.611 11.669 13.913  -0.24
 82063 741 1 2 3 217763.679717764.6699
 13.442 -0.318 -4.951 -4.636-52.803-40.462  1.592  0.050 -4.654
 -52.191 17.640  6.837  0.741  0.365 20.611 11.669 13.913  -0.24
 82063 741 2 2 4 417763.679717764.6699
 15.376 -0.284 11.081 10.800  4.542 18.798  0.159  5.470 10.705
   5.915  3.665  9.623  2.065  1.064 14.688 29.175 15.199  -0.57
 82063 741 2 2 4 417763.679717764.6699
 15.038 -0.171 10.970 10.800  4.877 18.798  1.580  5.470 10.705
   5.915  3.665  9.623  2.065  1.064 14.688 29.175 15.199  -0.57
 82063 741 2 2 4 417763.679717764.6699
 14.910 -0.332 10.188  9.859  7.449 21.244  1.001  1.479 10.705
   5.915  3.665  9.623  2.065  1.064 14.688 29.175 15.199  -0.57
 82163 755 1 4 51317764.669917765.7910
 15.288 -0.242 -4.026 -3.755 17.918 33.975 10.804  0.241 -4.020
  17.509 13.566 23.514  2.003  3.117 -0.819 -6.194 14.178  -0.75
 82163 755 1 4 51317764.669917765.7910
 14.623 -0.266 -3.136 -2.837 17.253 32.564  0.050  0.281 -4.020
  17.509 13.566 23.514  2.003  3.117 -0.819 -6.194 14.178  -0.75
 82163 755 1 4 51317764.669917765.7910
 14.586 -0.140 -4.110 -3.953 16.407 31.675  1.729  0.050 -4.020
  17.509 13.566 23.514  2.003  3.117 -0.819 -6.194 14.178  -0.75
 82163 755 1 4 51317764.669917765.7910
 14.598 -0.238 -4.500 -4.233 14.992 30.275  0.372  3.552 -4.020
  17.509 13.566 23.514  2.003  3.117 -0.819 -6.194 14.178  -0.75
 82163 755 3 1 4 917764.669917765.7910
 16.102  0.262  8.836  9.130 21.681 38.652  2.279  2.370 10.142
  19.996  9.623 24.168  3.129  1.776 29.175 16.213 15.958   0.11
 82163 755 3 1 4 917764.669917765.7910
 16.137  0.152  9.627  9.797 22.185 39.195  0.394  2.191 10.142
  19.996  9.623 24.168  3.129  1.776 29.175 16.213 15.958   0.11
 82163 755 3 1 4 917764.669917765.7910
 16.450  0.456  9.859 10.371 21.244 38.605  1.479  1.093 10.142
  19.996  9.623 24.168  3.129  1.776 29.175 16.213 15.958   0.11
 82263 5 0 8 5131017765.791017766.7598
 15.804 -0.847 -3.953 -3.134 31.675 46.026  0.050  0.733 -3.174
  32.320 23.514 32.839  5.120  1.645 -6.194 -6.176 16.317  -0.38
 82263 5 0 8 5131017765.791017766.7598
 15.862 -0.527 -2.837 -2.327 32.564 46.971  0.281  0.050 -3.174
  32.320 23.514 32.839  5.120  1.645 -6.194 -6.176 16.317  -0.38
 82263 5 0 8 5131017765.791017766.7598
 16.674 -0.798 -3.148 -2.375 33.808 49.001  0.257  3.061 -3.174
  32.320 23.514 32.839  5.120  1.645 -6.194 -6.176 16.317  -0.38
 82263 5 0 8 5131017765.791017766.7598
 16.154 -0.886 -3.233 -2.375 34.311 49.001  0.159  3.061 -3.174
  32.320 23.514 32.839  5.120  1.645 -6.194 -6.176 16.317  -0.38
 82263 5 0 8 5131017765.791017766.7598
 16.055 -0.741 -3.332 -2.614 35.254 49.847  4.455  5.444 -3.174
  32.320 23.514 32.839  5.120  1.645 -6.194 -6.176 16.317  -0.38
 82263 5 0 6 3 9 917765.791017766.7598
 14.437  0.092 10.626 10.715 34.958 47.985  8.971  0.866 10.266
  36.804 24.168 21.978  4.905  2.375 16.213 15.460 15.724  -0.33
 82263 5 0 6 3 9 917765.791017766.7598
 14.389  0.022 11.435 11.457 34.054 47.034  4.343  2.345 10.266
  36.804 24.168 21.978  4.905  2.375 16.213 15.460 15.724  -0.33
 82263 5 0 6 3 9 917765.791017766.7598
 14.805  0.304  9.381  9.676 40.465 53.848  4.383  0.050 10.266
  36.804 24.168 21.978  4.905  2.375 16.213 15.460 15.724  -0.33
 82263 5 0 6 3 9 917765.791017766.7598
 14.640  0.020  9.267  9.287 38.036 51.259  0.637  0.467 10.266
  36.804 24.168 21.978  4.905  2.375 16.213 15.460 15.724  -0.33
 82763 629 0 0 1 117770.730517771.7500
 13.988 -0.126 11.693 11.564-55.488-42.219 11.061  9.793 11.693
 -55.488 11.061  9.793  0.000  0.000  0.000  0.000 13.988  -0.13
 82863 6 0 0 0 1 217771.750017772.7051
 14.212  0.402 11.564 11.949-42.219-29.575  9.793 10.162 11.564
 -42.219  9.793 10.364  0.000  1.443  0.000-31.790 14.187   0.39
 82963 7 3 1 1 2 117772.705117773.8828
 14.214 -0.439 11.949 11.432-29.575-13.989 10.162 13.746 11.934
 -29.600 10.364 13.746  1.443 -1.443-31.790  0.000 14.235  -0.43
 83063 247 0 0 1 317773.882817774.7988
 14.632  0.210 11.432 11.624-13.989 -1.504 13.746  6.138 11.432
 -13.989 13.746 12.588  0.000  1.056  0.000 39.223 14.595   0.05
 83163 451 2 1 3 717774.798817775.7188
 14.437 -0.424 11.281 10.890 -1.511 10.870  5.989  1.309 11.479
  -1.538 12.588  9.706  1.056  1.450 39.223 14.278 13.788  -0.28
 83163 451 2 1 3 717774.798817775.7188
 14.391 -0.551 11.624 11.117 -1.504 10.836  6.138  6.063 11.479
  -1.538 12.588  9.706  1.056  1.450 39.223 14.278 13.788  -0.28
 83163 451 2 1 3 717774.798817775.7188
 13.684 -0.788 12.122 11.397 -2.342  9.347  0.462  0.340 11.479
  -1.538 12.588  9.706  1.056  1.450 39.223 14.278 13.788  -0.28
 9 163 645 2 5 7 417775.718817776.7012
 15.586 -0.466 12.148 11.690  7.441 21.802  0.418  0.250 11.225
  10.246  9.706 11.888  2.506  0.420 14.278 10.812 15.287  -0.35
 9 163 645 2 5 7 417775.718817776.7012
 15.216 -0.138 11.418 11.282  7.559 21.556  0.330  0.702 11.225
  10.246  9.706 11.888  2.506  0.420 14.278 10.812 15.287  -0.35
 9 163 645 2 5 7 417775.718817776.7012
 14.917 -0.245 11.117 10.876 10.836 24.539  6.063  8.865 11.225
  10.246  9.706 11.888  2.506  0.420 14.278 10.812 15.287  -0.35
 9 163 645 2 5 7 417775.718817776.7012
 14.931 -0.204 10.890 10.690 10.870 24.588  1.309  2.070 11.225
  10.246  9.706 11.888  2.506  0.420 14.278 10.812 15.287  -0.35
 9 663 737 1 1 2 117780.683617781.6602
 15.602 -0.339  5.793  5.461 39.726 54.031  4.898  2.039  5.797
  39.681  4.948  2.039  4.394 -4.394  4.097  0.000 15.648  -0.34
 91563 140 2 5 7 617789.929717790.7832
 16.710  1.055 -5.472 -6.371 -2.205 11.206  1.451  0.820 -6.702
  -0.905 25.737 18.468  4.840 -2.116-22.244-38.810 16.486   1.05
 91563 140 2 5 7 617789.929717790.7832
 16.445  1.305 -5.477 -6.590 -1.793 11.392  0.161  0.787 -6.702
  -0.905 25.737 18.468  4.840 -2.116-22.244-38.810 16.486   1.05
 91563 140 3 2 5 617789.929717790.7832
 14.279  0.279 -7.548 -7.787 -7.811  3.527  2.389  2.650 -6.358
  -8.065 26.763  8.190  1.280  0.818 12.280-27.903 14.466   0.90
 91563 140 3 2 5 617789.929717790.7832
 14.747  0.360 -7.480 -7.787 -8.210  3.527  6.125  2.650 -6.358
  -8.065 26.763  8.190  1.280  0.818 12.280-27.903 14.466   0.90
 91563 140 3 2 5 617789.929717790.7832
 14.270  0.529 -5.726 -6.178 -9.004  2.327  8.001  0.310 -6.358
  -8.065 26.763  8.190  1.280  0.818 12.280-27.903 14.466   0.90
 91563 140 3 2 5 617789.929717790.7832
 14.065  0.472 -4.172 -4.575 -7.403  3.752  5.120  0.223 -6.358
  -8.065 26.763  8.190  1.280  0.818 12.280-27.903 14.466   0.90
 91563 140 4 2 61517789.929717790.7832
 13.339 -1.003 16.133 15.278-55.070-44.534  2.882  2.489 16.205
 -59.509 41.735 63.951  3.574  0.663  8.048  0.105 14.360  -0.23
 91563 140 4 2 61517789.929717790.7832
 13.106 -0.833 16.053 15.343-58.953-48.615 11.194  4.529 16.205
 -59.509 41.735 63.951  3.574  0.663  8.048  0.105 14.360  -0.23
 91563 140 4 2 61517789.929717790.7832
 12.729 -1.109 16.733 15.787-58.534-48.518  0.050  6.043 16.205
 -59.509 41.735 63.951  3.574  0.663  8.048  0.105 14.360  -0.23
 91563 140 0 0 1 217789.929717790.7832
 14.358  0.180  8.250  8.403  9.106 20.511  6.514  0.050  8.250
   9.106  6.514  0.153  0.000  0.171  0.000-65.362 14.301   0.06
 92163 7111010203017795.699217796.6016
 14.514  0.130 19.146 19.263 15.368 27.554  0.294  1.391 15.383
  17.192 87.689 44.144  3.768  0.345 32.153 21.972 15.062   0.13
 92163 7111010203017795.699217796.6016
 14.380  0.004 18.954 18.957 14.671 26.737  0.650  0.158 15.383
  17.192 87.689 44.144  3.768  0.345 32.153 21.972 15.062   0.13
 92163 7111010203017795.699217796.6016
 14.556  0.183 15.827 15.992 13.042 25.266  2.110  2.608 15.383
  17.192 87.689 44.144  3.768  0.345 32.153 21.972 15.062   0.13
 92163 7111010203017795.699217796.6016
 14.503 -0.198 16.693 16.515 13.767 25.943  0.710  0.188 15.383
  17.192 87.689 44.144  3.768  0.345 32.153 21.972 15.062   0.13
 92163 7111010203017795.699217796.6016
 14.772  0.137 18.135 18.259 14.498 26.917  2.856  0.050 15.383
  17.192 87.689 44.144  3.768  0.345 32.153 21.972 15.062   0.13
 92163 7111010203017795.699217796.6016
 14.361 -0.032 15.788 15.759 15.112 27.161  4.110  1.001 15.383
  17.192 87.689 44.144  3.768  0.345 32.153 21.972 15.062   0.13
 92163 7111010203017795.699217796.6016
 14.858  0.141 15.506 15.633 16.609 29.105  9.882  3.435 15.383
  17.192 87.689 44.144  3.768  0.345 32.153 21.972 15.062   0.13
 92163 7111010203017795.699217796.6016
 14.423 -0.083 14.677 14.602 20.267 32.371  0.149  0.163 15.383
  17.192 87.689 44.144  3.768  0.345 32.153 21.972 15.062   0.13
 92163 7111010203017795.699217796.6016
 14.878 -0.002 14.109 14.107 20.627 33.141  0.116  0.050 15.383
  17.192 87.689 44.144  3.768  0.345 32.153 21.972 15.062   0.13
 92163 7111010203017795.699217796.6016
 14.654  0.199 13.705 13.884 21.282 33.594  0.116  0.326 15.383
  17.192 87.689 44.144  3.768  0.345 32.153 21.972 15.062   0.13
 92163 7111010203017795.699217796.6016
 14.816 -0.093 12.974 12.890 18.571 31.029  1.932  0.269 15.383
  17.192 87.689 44.144  3.768  0.345 32.153 21.972 15.062   0.13
 92263 9341218301617796.601617797.6973
 15.307  0.337 18.957 19.327 26.737 42.452  0.158  0.908 15.502
  29.872 44.144 63.453  4.113 -0.986 21.972 36.083 15.509  -0.53
 92263 9341218301617796.601617797.6973
 15.997  0.374 18.176 18.586 26.564 43.037  0.145  0.312 15.502
  29.872 44.144 63.453  4.113 -0.986 21.972 36.083 15.509  -0.53
 92263 9341218301617796.601617797.6973
 15.676  0.298 18.259 18.586 26.917 43.037  0.050  0.312 15.502
  29.872 44.144 63.453  4.113 -0.986 21.972 36.083 15.509  -0.53
 92263 9341218301617796.601617797.6973
 15.588  0.535 17.999 18.586 27.013 43.037  0.710  0.312 15.502
  29.872 44.144 63.453  4.113 -0.986 21.972 36.083 15.509  -0.53
 92263 9341218301617796.601617797.6973
 15.559  0.130 16.418 16.561 25.353 41.345  0.325  0.050 15.502
  29.872 44.144 63.453  4.113 -0.986 21.972 36.083 15.509  -0.53
 92263 9341218301617796.601617797.6973
 15.021  0.042 16.515 16.561 25.943 41.345  0.188  0.050 15.502
  29.872 44.144 63.453  4.113 -0.986 21.972 36.083 15.509  -0.53
 92263 9341218301617796.601617797.6973
 15.638  0.518 15.992 16.561 25.266 41.345  2.608  0.050 15.502
  29.872 44.144 63.453  4.113 -0.986 21.972 36.083 15.509  -0.53
 92263 9341218301617796.601617797.6973
 15.618  0.164 15.823 16.002 28.152 44.209  1.229  1.396 15.502
  29.872 44.144 63.453  4.113 -0.986 21.972 36.083 15.509  -0.53
 92263 9341218301617796.601617797.6973
 15.508  0.074 14.107 14.188 33.141 49.077  0.050  1.820 15.502
  29.872 44.144 63.453  4.113 -0.986 21.972 36.083 15.509  -0.53
 92263 9341218301617796.601617797.6973
 15.095  0.277 13.884 14.188 33.594 49.077  0.326  1.820 15.502
  29.872 44.144 63.453  4.113 -0.986 21.972 36.083 15.509  -0.53
 92263 9341218301617796.601617797.6973
 15.428  0.454 13.690 14.188 33.229 49.077  0.103  1.820 15.502
  29.872 44.144 63.453  4.113 -0.986 21.972 36.083 15.509  -0.53
 92263 9341218301617796.601617797.6973
 15.815  0.329 13.827 14.188 32.804 49.077  0.147  1.820 15.502
  29.872 44.144 63.453  4.113 -0.986 21.972 36.083 15.509  -0.53
 92363 715 7 9161117797.697317798.6816
 13.710  1.236 15.833 17.048 46.840 59.353  0.050  0.050 14.919
  45.809 63.453101.471  3.126  0.294 36.083 40.587 14.655   0.90
 92363 715 7 9161117797.697317798.6816
 14.329  1.019 16.046 17.048 46.232 59.353  0.869  0.050 14.919
  45.809 63.453101.471  3.126  0.294 36.083 40.587 14.655   0.90
 92363 715 7 9161117797.697317798.6816
 14.133  0.975 16.002 16.961 44.209 57.137  1.396  7.655 14.919
  45.809 63.453101.471  3.126  0.294 36.083 40.587 14.655   0.90
 92363 715 7 9161117797.697317798.6816
 14.131  1.157 16.093 17.231 43.823 56.750  6.356  0.319 14.919
  45.809 63.453101.471  3.126  0.294 36.083 40.587 14.655   0.90
 92363 715 7 9161117797.697317798.6816
 14.165  1.236 16.561 17.776 41.345 54.306  0.050  0.050 14.919
  45.809 63.453101.471  3.126  0.294 36.083 40.587 14.655   0.90
101363 730 1 1 2 117817.687517818.6797
 15.004 -0.571 10.759 10.192 23.706 37.626  2.649 12.927 10.696
  23.747  3.082 12.927  0.530 -0.530 56.705  0.000 14.962  -0.51
101363 730 1 1 2 117817.687517818.6797
 14.063 -0.193 26.713 26.521-54.283-41.297  4.205 12.840 26.674
 -54.409  5.102 12.840  0.679 -0.679-19.092  0.000 14.190  -0.15
101363 730 1 1 2 117817.687517818.6797
 14.786  0.030 26.491 26.521-55.001-41.297  0.896 12.840 26.674
 -54.409  5.102 12.840  0.679 -0.679-19.092  0.000 14.190  -0.15
101463 739 3 4 71217818.679717819.6602
 15.021  0.332  4.885  5.210  2.961 16.704  4.804 12.247  5.107
   1.845 10.396 23.536  3.529  0.588 -4.951 -0.360 14.756   0.11
101463 739 3 4 71217818.679717819.6602
 14.604  0.525  4.674  5.188  0.665 14.000  0.050  0.050  5.107
   1.845 10.396 23.536  3.529  0.588 -4.951 -0.360 14.756   0.11
101463 739 3 4 71217818.679717819.6602
 14.865  0.487  4.490  4.967 -0.448 13.142  2.062  1.006  5.107
   1.845 10.396 23.536  3.529  0.588 -4.951 -0.360 14.756   0.11
101463 739 3 4 71217818.679717819.6602
 15.113  0.234  4.737  4.967 -0.691 13.142  0.166  1.006  5.107
   1.845 10.396 23.536  3.529  0.588 -4.951 -0.360 14.756   0.11
101463 739 0 0 1 117818.679717819.6602
 14.241  0.356 10.192 10.541 37.626 50.604 12.927  5.220 10.192
  37.626 12.927  5.220  0.000  0.000  0.000  0.000 14.241   0.36
102963 740 1 2 3 717833.679717834.6836
 14.797 -0.437  2.729  2.291-10.070  3.788  0.809  2.194  3.368
 -11.084  1.239 21.352  3.446  2.084 32.244 13.941 14.147  -0.33
102963 740 1 2 3 717833.679717834.6836
 14.757 -0.562  4.630  4.067-12.782  1.036  0.380  4.067  3.368
 -11.084  1.239 21.352  3.446  2.084 32.244 13.941 14.147  -0.33
103063 736 3 4 7 717834.683617835.6777
 14.624 -0.279  2.707  2.429  4.682 18.253  5.301 18.633  3.038
   2.122 21.352 19.221  5.530  1.269 13.941  2.515 16.988  -0.60
103063 736 3 4 7 717834.683617835.6777
 14.127 -0.440  2.247  1.809  4.538 17.615  4.548  0.050  3.038
   2.122 21.352 19.221  5.530  1.269 13.941  2.515 16.988  -0.60
103063 736 3 4 7 717834.683617835.6777
 14.881 -0.484  2.291  1.809  3.788 17.615  2.194  0.050  3.038
   2.122 21.352 19.221  5.530  1.269 13.941  2.515 16.988  -0.60
103063 736 3 4 7 717834.683617835.6777
 14.640 -0.455  2.764  2.311 -2.459 11.128  0.218  0.050  3.038
   2.122 21.352 19.221  5.530  1.269 13.941  2.515 16.988  -0.60
103063 736 3 4 7 717834.683617835.6777
 14.439 -0.321  3.605  3.285 -2.427 10.961  4.975  0.050  3.038
   2.122 21.352 19.221  5.530  1.269 13.941  2.515 16.988  -0.60
103063 736 3 6 9 317834.683617835.6777
 15.612 -0.309  9.291  8.983-24.724-10.170  0.195  0.694 10.088
 -27.083 15.702  3.035  4.208  0.160 16.294 13.954 16.470  -0.62
103063 736 3 6 9 317834.683617835.6777
 15.619 -0.326  9.698  9.373-25.642-11.080  9.370  1.738 10.088
 -27.083 15.702  3.035  4.208  0.160 16.294 13.954 16.470  -0.62
103063 736 3 6 9 317834.683617835.6777
 16.108 -0.191 10.505 10.315-30.166-15.118  2.092  0.603 10.088
 -27.083 15.702  3.035  4.208  0.160 16.294 13.954 16.470  -0.62
103163 742 1 6 7 717835.677717836.6797
 15.463 -1.188  3.708  2.519 14.010 28.497  0.050  0.431  2.438
  18.045 19.221 22.034  6.799 -1.289  2.515  2.396 14.486   0.11
103163 742 1 6 7 717835.677717836.6797
 16.082 -1.022  3.285  2.262 10.961 26.067  0.050  2.868  2.438
  18.045 19.221 22.034  6.799 -1.289  2.515  2.396 14.486   0.11
103163 742 1 6 7 717835.677717836.6797
 15.849 -1.390  3.653  2.262 11.194 26.067  0.050  2.868  2.438
  18.045 19.221 22.034  6.799 -1.289  2.515  2.396 14.486   0.11
11 163 741 1 6 7 617836.679717837.7891
 15.028 -0.395  2.342  1.904 25.090 40.683  0.004  0.050  2.551
  31.554 22.034 28.243  5.511  0.684  2.396 -6.386 13.424  -0.66
11 163 741 1 6 7 617836.679717837.7891
 14.149 -0.323  2.262  1.904 26.067 40.683  2.868  0.050  2.551
  31.554 22.034 28.243  5.511  0.684  2.396 -6.386 13.424  -0.66
11 163 741 1 6 7 617836.679717837.7891
 14.608 -0.111  4.130  4.007 29.531 44.656  1.005  0.375  2.551
  31.554 22.034 28.243  5.511  0.684  2.396 -6.386 13.424  -0.66
11 163 741 1 6 7 617836.679717837.7891
 15.016 -0.340  2.505  2.127 32.656 48.236 17.626 15.057  2.551
  31.554 22.034 28.243  5.511  0.684  2.396 -6.386 13.424  -0.66
111863 454 1 2 3 317853.794917854.7266
 15.563 -0.440 15.413 15.003-52.380-38.804  0.050  2.516 15.130
 -51.001  7.793  5.488  1.589 -0.907  1.984-42.962 13.782  -0.41
111863 454 1 2 3 317853.794917854.7266
 15.423 -0.610 14.956 14.388-52.869-39.423  0.050  0.362 15.130
 -51.001  7.793  5.488  1.589 -0.907  1.984-42.962 13.782  -0.41
112363 736 1 2 3 317858.683617859.7520
 14.552 -0.638  7.485  6.802-37.584-23.074  8.339  2.394  7.469
 -37.686 10.360  5.590  0.529  0.124 -8.876 -8.189 14.301  -0.67
112363 736 1 2 3 317858.683617859.7520
 14.534 -0.674  7.401  6.680-38.084-23.593  1.971  2.671  7.469
 -37.686 10.360  5.590  0.529  0.124 -8.876 -8.189 14.301  -0.67
112363 736 1 2 3 317858.683617859.7520
 14.812 -0.594  7.494  6.859-39.174-24.386  0.050  0.526  7.469
 -37.686 10.360  5.590  0.529  0.124 -8.876 -8.189 14.301  -0.67
112363 736 0 0 1 117858.683617859.7520
 14.301 -0.577  8.609  7.992-48.472-34.231  3.449  3.443  8.609
 -48.472  3.449  3.443  0.000  0.000  0.000  0.000 14.301  -0.58
112363 736 0 0 1 217858.683617859.7520
 14.934 -0.678 14.164 13.439 13.606 28.525  3.256  1.137 14.164
  13.606  3.256  1.381  0.000  0.464  0.000-83.791 14.943  -0.60
112463 555 1 2 3 117859.752017860.7891
 13.198 -0.249  6.802  6.544-23.074-10.418  2.394  9.383  6.749
 -23.445  5.590  9.383  0.652 -0.652 -8.189  0.000 13.557  -0.20
112463 555 1 2 3 117859.752017860.7891
 13.700 -0.131  6.680  6.544-23.593-10.418  2.671  9.383  6.749
 -23.445  5.590  9.383  0.652 -0.652 -8.189  0.000 13.557  -0.20
112463 555 0 0 1 117859.752017860.7891
 13.562 -0.840  7.992  7.122-34.231-21.199  3.443  5.570  7.992
 -34.231  3.443  5.570  0.000  0.000  0.000  0.000 13.562  -0.84
112563 5 3 0 0 1 217860.789117861.6777
 12.447 -0.022  6.544  6.525-10.418 -0.221  9.383  1.761  6.544
 -10.418  9.383  1.811  0.000  0.310  0.000 61.223 12.452  -0.03
112663 742 1 1 2 417861.677717862.9805
 12.007  0.376  6.253  6.743 -0.071 14.289  0.050  0.650  6.517
  -0.217  1.811  6.750  0.310  1.141 61.223 15.676 12.623   0.12
112663 742 1 1 2 417861.677717862.9805
 12.122  0.167  6.525  6.743 -0.221 14.289  1.761  0.650  6.517
  -0.217  1.811  6.750  0.310  1.141 61.223 15.676 12.623   0.12
