 1 143 734 0 0 1 110227.683610228.6787
 14.170  0.039  4.763 45.712 58.829  9.624 12.408  0.000  0.000
   0.000  0.000  0.000  0.000  0.000  0.000  0.000  0.000   0.00
 1 943 811 2 3 5 710235.659210236.6768
 13.103  1.957 -2.441-37.229-24.887 14.914 28.038 25.289  4.978
 -36.965-38.207 -2.316 -2.902 11.742  3.172-22.894-29.211 -17.96
 11043 745 3 4 71110236.676810237.6758
 15.374  0.080 -4.434-24.887-10.511 28.038 14.693  7.325 -2.039
 -22.894-29.211 -4.178 -4.988 19.193  8.845 -9.109-13.423 -11.32
 11143 746 5 611 610237.675810238.6748
 13.793 -0.009 -4.514-10.511  2.294 14.693  1.295 -4.000 -0.844
  -9.109-13.423 -4.612 -4.311  9.917  4.776  4.729  1.336  -8.68
 2 243 8 1 1 2 3 110259.665010260.9316
 16.364 -0.662 -3.469-20.401 -0.925  1.958  0.050 41.528 -2.878
 -19.792-21.951 -2.931 -4.839  1.406  0.552  0.000  0.000   0.00
 2 243 8 1 0 0 1 210259.665010260.9316
 14.030 -0.310  8.733  1.344 17.866  0.685  2.499  0.000  0.000
   0.000  0.000  0.000  0.000  0.000  0.000  0.000 17.557   0.00
 21043 819 0 0 1 210267.652310268.6475
 14.464  0.658 -2.123-16.667 -3.247 10.908  2.158  0.000  0.000
   0.000  0.000  0.000  0.000  0.000  0.000  0.000 -3.253   0.00
 21043 819 118191510267.652310268.6475
 11.861  0.138  6.094-13.457 -2.628 77.870 32.119 12.566 -0.625
 -11.549-16.693  5.671  6.811 48.994 28.876  0.478 -3.762  11.49
 21143 826 1 1 2 110268.647510269.6699
 14.582 -0.308 -2.778 -3.247 10.657  2.158  0.267 76.744 -0.325
  -3.179 -3.253 -2.486 -2.802  0.165  1.993  0.000  0.000   0.00
 21143 826 6 9151110268.647510269.6699
 11.879  1.280  6.232 -2.628  8.513 32.119 31.988 24.056 -2.216
   0.478 -3.762  4.853  6.735  8.588 23.531  9.709  7.353 -10.84
 21143 826 5 2 71110268.647510269.6699
 15.687 -0.279  7.826 -6.521  8.513 19.748 31.988  0.363  0.177
  -5.626 -7.869  7.820  7.834 11.873  7.876  9.709  7.353  12.85
 21343 830 122231410270.645510271.6533
 14.993 -0.156  5.491 25.999 40.120 93.481 28.390 20.194 -0.245
  28.689 20.807  4.507  7.392 61.583 31.898 42.524 34.873  -0.04
 21443 818 11314 110271.653310272.6563
 16.524 -0.961  5.334 40.120 55.708 28.390  1.164 20.152 -8.115
  42.524 34.873  4.455  7.251 19.469  8.921  0.000  0.000   0.00
 22743 8161138493210284.655310285.6973
 14.324 -0.016  9.397 25.332 39.241 83.776 96.301  1.689 -0.103
  27.729 22.071  9.327  9.492 48.288 35.488 42.240 36.707   3.57
 22743 816 1 2 3 110284.655310285.6973
 14.965  0.174  5.462 42.513 57.089  2.503  2.201  4.856 -3.023
  42.878 39.852  5.431  5.687  2.201  0.302  0.000  0.000   0.00
 22843 715 824322710285.697310286.6602
 14.686  0.351  9.380 39.241 52.432 96.301 68.283  5.256 -0.379
  42.240 36.707  9.108  9.610 44.096 52.206 54.859 49.682  -5.95
 31143 8161019293210296.655310297.6504
 13.956 -0.104  4.371 14.875 27.785 77.871 75.980 16.844  0.433
  17.246 10.366  3.655  5.732 51.035 26.836 30.648 23.410   1.42
 31243 8231121323110297.650410298.6807
 16.385 -1.001  4.268 27.785 43.658 75.980 75.076 18.267 -1.920
  30.648 23.410  3.325  5.708 45.929 30.051 44.244 38.870   0.91
 31343 739 62531 510298.680710299.6504
 14.516 -0.583  3.236 43.658 56.778 75.076 77.428 19.179 -4.826
  44.244 38.870  3.033  4.899 66.893  8.182 56.882 56.725 -98.65
 32343 841 2 5 7 810308.638710309.6533
 13.696  0.504  8.645-22.507 -9.601 21.220 20.570  6.414 -0.490
 -21.119-25.262  8.491  8.951 14.111  7.109 -8.394-12.057  -1.03
 32343 841 2 6 8 810308.638710309.6533
 15.126 -0.583  9.829 -7.823  6.535 17.381 23.708 12.118 -0.802
  -7.326-10.054  9.724 10.301 14.216  3.165  6.730  5.167 -49.69
 32443 818 3 5 81110309.653310310.6465
 14.917 -0.537  9.156 -9.601  4.235 20.570 38.213  5.380 -0.499
  -8.394-12.057  9.044  9.385 13.793  6.777  5.273  2.584  26.59
 32443 818 2 6 81310309.653310310.6465
 13.512 -1.150  9.237  6.535 18.976 23.708 10.420-37.572 -0.123
   6.730  5.167  9.386  8.199 20.740  2.967 20.152 18.425  17.28
 32543 828 11011 810310.646510311.6904
 13.899  0.189  8.624  4.235 17.714 38.213 12.204 31.965 -0.818
   5.273  2.584  7.983  9.642 23.460 14.754 18.737 16.776   1.21
 32543 828 5 813 710310.646510311.6904
 14.995  0.786  8.095 18.976 33.599 10.420  7.150-20.288 -0.305
  20.152 18.425  8.526  7.894  3.322  7.098 34.078 32.641  -0.55
 32643 725 2 6 8 810311.690410312.6484
 15.322  0.044  8.821 17.714 31.455 12.204 17.009 33.170 -0.844
  18.737 16.776  8.161  9.427  5.838  6.365 31.935 30.723   2.36
 32643 725 2 5 7 710311.690410312.6484
 14.348  0.993  8.916 33.599 46.405  7.150  5.185-20.840  0.371
  34.078 32.641  9.096  8.556  4.768  2.382 46.981 45.846  74.56
 32743 826 2 6 8 410312.648410313.6523
 14.565 -0.275  8.863 31.455 45.091 17.009 12.395 35.529 -0.549
  31.935 30.723  8.524  9.380 10.270  6.739 45.388 44.458 -30.90
 32843 819 1 3 4 210313.652310314.7051
 13.971 -0.120  8.587 45.091 58.754 12.395 12.639  4.628 -0.363
  45.388 44.458  8.563  8.637  8.439  3.955 58.949 58.390 -13.13
 32943 7 4 413171210314.705110315.6982
 12.260 -0.416 -9.372-36.621-25.415 11.205 11.568  3.428  2.283
 -35.564-38.595 -9.310 -9.489  7.299  3.906-22.193-27.481   4.98
 33043 714 7 5122110315.698210316.6523
 15.548  0.499 -8.959-25.415-11.520 11.568 10.030  8.412 -1.281
 -22.193-27.481 -8.488 -9.260  4.519  7.049-10.345-14.381 -13.69
 33143 81913 8211310316.652310317.6641
 16.526 -0.640 -9.435-11.520  4.193 10.030 12.946 -5.282  3.182
 -10.345-14.381 -9.542 -9.174  7.109  2.921  7.022 -0.214  10.45
 4 243 830 1 3 4 810318.645510319.6504
 14.333  0.050  2.853-49.100-35.697 29.162 36.507 68.342  0.148
 -48.928-49.325  2.420  3.419 16.510 12.652-35.522-36.168 -10.22
 4 243 830 5 1 6 610318.645510319.6504
 16.236  0.447 -9.174 12.040 27.354  2.160  2.274 12.861 -1.412
  13.298 11.329 -8.891 -9.335  0.780  1.380 27.749 27.248  19.16
 4 243 830 1 4 5 310318.645510319.6504
 14.280  0.701 -8.682 20.465 33.816  1.868  6.729-18.281 -0.205
  20.761 20.259 -8.778 -8.614  0.769  1.099 34.001 33.783  65.72
 4 343 823 1 2 3 210319.650410320.6533
 14.204  0.149 -9.386 33.816 47.080  6.729  2.605 47.438  0.050
  34.001 33.783 -9.187 -9.421  1.017  5.712 47.208 46.949 -93.38
 4 343 823 1 7 8 910319.650410320.6533
 14.082  0.090  2.904-35.697-22.555 36.507 49.331 58.117  0.000
 -35.522-36.168  2.622  3.660 26.585  9.921-22.277-23.006  -4.61
 41243 7 11011211010328.707010329.6016
 16.510  0.285-12.522-32.546-18.661 25.422 29.899  5.128  0.364
 -28.826-35.947-12.197-12.820 12.140 13.281-16.592-24.058   2.36
 41343 933 4 610 410329.601610330.7568
 16.584 -0.422-12.778-18.661 -0.636 29.899 22.366  7.491 -6.467
 -16.592-24.058-12.512-13.470 21.614  8.285 -0.476 -1.372  -4.37
 41443 549 1 3 4 710330.756810331.9277
 14.121 -0.469-12.290 -0.636 14.742 22.366 15.954  3.118  0.410
  -0.476 -1.372-12.281-12.329 18.375  3.991 15.513 14.199  -3.51
 41443 549 2 1 3 210330.756810331.9277
 13.949  0.143-13.497 -9.014  6.164 11.606  4.198 36.626 -1.484
  -7.544 -9.090-12.436-13.552  0.572 11.034  6.542  6.160 -53.60
 41543 144 2 5 7 910331.927710332.6738
 14.594 -0.016-11.741 14.742 24.892 15.954 22.648 -0.394  0.569
  15.513 14.199-11.746-11.737  6.601  9.353 26.120 24.226   2.83
 41643 749 1 1 21410332.673810333.6563
 11.467  0.776  9.295-59.377-49.078 10.301 33.790-86.967  2.675
 -59.320-59.466 10.353  7.650  6.270  4.031-46.344-51.051 117.53
 41743 815 5 9142410333.656310334.6143
 14.484  0.436 10.058-49.078-36.143 33.790 46.905 30.566  0.588
 -46.344-51.051  8.468 11.205 14.166 19.623-33.522-39.444 -17.82
 41843 915 816243110334.614310335.7080
 15.066 -0.565 10.476-36.143-20.743 46.905 51.986 12.745  0.432
 -33.522-39.444  9.893 11.210 26.148 20.757-17.734-23.891   5.94
 41943 7 01615313010335.708010336.6982
 15.661 -0.389  9.857-20.743 -6.221 51.986 50.163 18.684  0.451
 -17.734-23.891  8.855 10.906 26.580 25.406 -3.131-10.053 -13.69
 42043 7151119303710336.698210337.6602
 14.116 -0.521  9.473 -6.221  6.417 50.163110.889  4.996  0.358
  -3.131-10.053  9.207  9.803 27.772 22.391  9.781  2.511   0.29
 42343 830 831393310339.645510340.6484
 15.480 -0.318  9.715 32.285 46.819108.138142.353  5.644 -0.799
  37.023 27.832  9.253 10.148 52.390 55.748 49.503 41.098  -2.47
 43043 854 1 1 2 410346.628910347.5850
 14.278 -0.057  1.404-36.635-23.915 15.198 15.793 68.354  2.432
 -36.425-36.677  0.876  1.511  2.559 12.639-21.022-24.022 -52.64
 5 143 956 1 3 4 510347.585010348.7129
 14.731 -0.184  1.350-23.915 -8.423 15.793 17.786 15.717  1.853
 -21.022-24.022  0.536  1.380  0.566 15.227 -3.762 -8.615  -3.22
 5 243 654 3 2 5 510348.712910349.6787
 14.708  0.422  1.143 -8.423  4.842 17.786  7.089 12.499 -2.306
  -3.762 -8.615  0.110  1.185  0.703 17.083  6.620  3.989  -3.36
 5 343 741 3 2 5 310349.678710350.6523
 13.680  0.048  1.551  4.842 17.192  7.089 18.374  9.141 -2.222
   6.620  3.989  1.265  1.688  2.296  4.792 17.260 17.133  64.14
 5 443 820 1 2 3 110350.652310351.6465
 13.883 -0.029  1.598 17.192 30.018 18.374  4.915 73.276 -0.441
  17.260 17.133  1.372  1.795  8.572  9.802  0.000  0.000   0.00
 5 543 828 0 0 1 210351.646510352.5820
 14.344 -0.286  1.569 30.018 42.513  4.915  7.159  0.000  0.000
   0.000  0.000  0.000  0.000  0.000  0.000  0.000 41.608   0.00
 5 64310 1 1 1 2 310352.582010353.6455
 14.138  0.043  1.302 42.513 56.496  7.159 20.664-31.043 -0.688
  42.518 41.608  1.305  0.757  7.118  0.042 56.585 56.443  98.65
 5 843 828 1 1 2 310354.646510355.6416
 15.947 -0.516 -4.920  6.910 21.799  4.037  2.335  3.795  1.770
   6.934  4.953 -4.918 -5.049  3.987  0.050 21.882 18.123  -4.96
 5 943 835 1 2 3 110355.641610356.5732
 15.088  0.104 -4.407 21.799 34.932  2.335  0.600 -1.163 -3.748
  21.882 18.123 -4.408 -4.332  2.284  0.052  0.000  0.000   0.00
 51343 915 5 3 8 510359.614310360.6738
 12.678  0.335  7.767-56.120-43.737 46.771 27.146 -7.892 -4.826
 -51.859-57.882  8.352  7.525 13.688 33.083-43.176-44.375  16.37
 51443 749 0 0 1 110360.673810361.6113
 14.771 -0.295  9.309-36.717-23.793  7.836  9.813  0.000  0.000
   0.000  0.000  0.000  0.000  0.000  0.000  0.000  0.000   0.00
 51443 749 2 3 5 610360.673810361.6113
 14.100 -0.699  8.122-43.737-31.442 27.146 11.174  8.480  2.076
 -43.176-44.375  8.039  8.216 14.446 12.700-30.920-34.045 -27.40
 51543 919 0 0 1 110361.611310362.6943
 14.936 -0.703  9.032-23.793 -8.679  9.813  5.714  0.000  0.000
   0.000  0.000  0.000  0.000  0.000  0.000  0.000  0.000   0.00
 51543 919 2 4 6 410361.611310362.6943
 14.993 -0.033  7.467-31.442-16.267 11.174 17.583-18.919 -2.048
 -30.920-34.045  7.644  6.582  9.308  1.866-16.221-17.365  -3.53
 51643 719 0 0 1 110362.694310363.7227
 14.205  0.060  8.271 -8.679  4.908  5.714  3.348  0.000  0.000
   0.000  0.000  0.000  0.000  0.000  0.000  0.000  0.000   0.00
 51643 719 2 2 4 410362.694310363.7227
 13.947 -0.394  7.431-16.267 -2.944 17.583 39.133-22.449  2.101
 -16.221-17.365  7.450  6.981 16.876  0.706 -2.728 -4.262 -40.33
 51743 639 1 3 4 310363.722710364.7188
 14.176  0.485  7.027 -2.944 10.201 39.133 35.313-62.782 -2.338
  -2.728 -4.262  7.445  4.485 33.609  5.524 10.257  9.294  47.40
 51743 639 0 0 1 110363.722710364.7188
 15.106  0.037  8.332  4.908 18.980  3.348  0.795  0.000  0.000
   0.000  0.000  0.000  0.000  0.000  0.000  0.000  0.000   0.00
 51843 645 2 1 3 210364.718810365.6455
 14.363 -0.468  7.510 10.201 22.603 35.313 38.214-15.385  0.072
  10.257  9.294  7.525  7.262 33.278  2.035 22.797 21.785  -3.78
 51843 645 0 0 1 110364.718810365.6455
 15.077 -0.229  8.370 18.980 32.044  0.795  6.623  0.000  0.000
   0.000  0.000  0.000  0.000  0.000  0.000  0.000  0.000   0.00
 51943 830 1 1 2 510365.645510366.5732
 14.066  0.269  7.076 22.603 34.740 38.214 16.793-19.161 -0.090
  22.797 21.785  7.143  6.794 30.916  7.298 35.021 34.049  11.50
 520431013 2 3 5 910366.573210367.5684
 14.948 -0.622  7.325 34.740 48.635 16.793 28.812 -7.664  1.136
  35.021 34.049  7.363  7.233 11.946  4.847 48.724 46.602   5.70
 525431019 1 1 2 110371.569310372.5635
 11.726 -1.174  7.733-58.358-47.675  1.654  4.768-26.056 -3.548
 -57.526-60.743  8.136  6.578  1.226  0.427  0.000  0.000   0.00
 526431027 0 0 1 110372.563510373.5947
 14.726  0.468  2.462-49.534-35.362  4.042  0.870  0.000  0.000
   0.000  0.000  0.000  0.000  0.000  0.000  0.000  0.000   0.00
 526431027 0 0 1 110372.563510373.5947
 14.573  0.363  6.566-47.675-33.661  4.768  0.357  0.000  0.000
   0.000  0.000  0.000  0.000  0.000  0.000  0.000  0.000   0.00
 52743 942 0 0 1 110373.594710374.5605
 13.894 -0.114  2.945-35.362-22.900  0.870 11.234  0.000  0.000
   0.000  0.000  0.000  0.000  0.000  0.000  0.000  0.000   0.00
 52743 942 0 0 1 310373.594710374.5605
 14.212 -0.024  6.940-33.661-20.893  0.357  6.375  0.000  0.000
   0.000  0.000  0.000  0.000  0.000  0.000  0.000-21.398   0.00
 528431033 0 0 1 210374.560510375.5791
 14.749 -0.384  2.835-22.900 -8.877 11.234  6.216  0.000  0.000
   0.000  0.000  0.000  0.000  0.000  0.000  0.000-11.158   0.00
 528431033 1 2 3 110374.560510375.5791
 15.130 -0.411  6.917-20.893 -6.481  6.375  5.118-24.900 -0.711
 -20.749-21.398  6.983  6.684  4.963  1.412  0.000  0.000   0.00
 5294310 5 0 0 1 110375.579110376.6504
 14.142 -0.715  6.498 -6.481  7.610  5.118  3.443  0.000  0.000
   0.000  0.000  0.000  0.000  0.000  0.000  0.000  0.000   0.00
 5294310 5 1 1 2 110375.579110376.6504
 13.473 -0.404  2.443 -8.877  4.498  6.216  3.114 10.761 -2.338
  -8.858-11.158  2.440  2.876  6.166  0.050  0.000  0.000   0.00
 53043 823 0 0 1 110376.650410377.6631
 14.272  0.450  2.010  4.498 17.962  3.114  1.916  0.000  0.000
   0.000  0.000  0.000  0.000  0.000  0.000  0.000  0.000   0.00
 53043 823 0 0 1 110376.650410377.6631
 14.324  0.253  5.732  7.610 21.127  3.443  0.274  0.000  0.000
   0.000  0.000  0.000  0.000  0.000  0.000  0.000  0.000   0.00
 53143 8 4 0 0 1 110377.663110378.5781
 13.571  0.252  2.467 17.962 29.483  1.916  1.628  0.000  0.000
   0.000  0.000  0.000  0.000  0.000  0.000  0.000  0.000   0.00
 53143 8 4 0 0 1 110377.663110378.5781
 14.179 -0.157  5.988 21.127 33.205  0.274  0.129  0.000  0.000
   0.000  0.000  0.000  0.000  0.000  0.000  0.000  0.000   0.00
 610431026 1 1 2 110387.565410388.6455
 14.620 -0.693  9.568-46.827-32.100  3.878  5.068-75.893 -0.418
 -46.821-46.925  9.590  9.185  3.670  0.208  0.000  0.000   0.00
 61543 949 1 1 2 210392.589810393.5771
 14.210  0.282  8.617 19.940 32.995  3.632  6.656-80.120 -0.038
  19.953 19.888  8.688  8.321  2.927  0.705 33.002 32.985 167.15
 6164310 8 1 1 2 210393.577110394.5781
 13.748  0.186  8.896 32.995 45.779  6.656  3.061 87.033 -0.063
  33.002 32.985  8.751  9.084  3.763  2.893 45.834 45.778-165.28
 6164310 8 3 5 8 410393.577110394.5781
 12.330 -0.170 13.887 -3.313  8.052  6.230  4.060 10.280 -1.160
  -1.937 -5.089 13.644 14.199  3.510  2.720  9.263  7.263  -5.57
 62343 725 2 7 9 410400.690410401.6650
 15.728  0.250 -1.126 -9.278  5.101 16.750  1.551  0.737  0.505
  -8.472-11.035 -1.116 -1.149 11.483  5.267  5.299  2.231  -0.78
 62443 8 1 2 2 4 210401.665010402.5586
 15.541  0.060 -1.370  5.101 18.115  1.551  2.567 -0.046 -2.629
   5.299  2.231 -1.370 -1.368  1.451  0.100 18.295 17.906 -27.49
 625431034 1 1 2 310402.558610403.5625
 14.509 -0.098 -1.424 18.115 31.691  2.567  2.860-27.537 -0.019
  18.295 17.906 -1.518 -1.315  1.375  1.193 31.874 31.668 -33.12
 626431030 2 1 3 110403.562510404.6113
 14.209  0.052 -1.325 31.691 45.563  2.860  0.398-60.658 -0.419
  31.874 31.668 -1.650 -1.284  0.320  2.540  0.000  0.000   0.00
 62743 919 0 0 1 110404.611310405.6006
 14.571 -0.590 -1.379 45.563 59.013  0.398  1.051  0.000  0.000
   0.000  0.000  0.000  0.000  0.000  0.000  0.000  0.000   0.00
 7 9431018 711183110416.571310417.5664
 16.078  0.018 14.558-55.931-40.895 63.983 64.137 -4.950  0.733
 -52.913-60.511 14.811 14.174 38.567 25.416-37.282-45.553  -4.48
 7104310231516312510417.566410418.5615
 15.970  0.316 14.576-40.895-25.987 64.137 64.949 -9.426  0.674
 -37.282-45.553 15.157 13.828 36.120 28.017-23.072-32.095   2.35
 71443103011 819 910421.561510422.5635
 13.867  0.356 12.947  6.869 19.785 13.963  5.993-19.206 -0.531
   7.472  6.139 13.152 12.699  7.647  6.316 19.904 19.487 -42.09
 714431030 1 2 3 210421.561510422.5635
 14.170  0.128 14.681 17.241 30.459 45.174 50.461-17.498 -2.071
  17.304 14.278 14.700 13.777 44.228  0.946 30.490 29.677  55.59
 715431027 4 5 9 710422.563510423.5762
 14.786  0.144 13.304 19.785 33.765  5.993  2.558-61.291  1.981
  19.904 19.487 13.515 12.775  4.281  1.712 36.286 33.458  74.47
 715431027 1 1 2 110422.563510423.5762
 14.233 -0.340 14.809 30.459 43.879 50.461 25.730 38.095 -0.998
  30.490 29.677 14.786 15.402 48.571  1.890  0.000  0.000   0.00
 7164310 9 2 5 7 510423.576210424.5830
 15.972 -0.241 13.450 33.765 48.863  2.558  1.590 13.183 -1.374
  36.286 33.458 12.875 13.520  0.278  2.281 50.119 48.779  12.71
 7164310 9 0 0 1 110423.576210424.5830
 14.596 -0.376 14.465 43.879 57.591 25.730 47.798  0.000  0.000
   0.000  0.000  0.000  0.000  0.000  0.000  0.000  0.000   0.00
 7254310 3 4 5 9 910432.581110433.5859
 15.371  0.244 -2.294 26.468 40.930 10.408  4.803  7.466 -0.927
  28.485 24.606 -2.030 -2.538  4.995  5.413 43.102 40.121  -4.33
 72643 956 5 4 91310433.585910434.5879
 13.979 -0.383 -2.539 40.930 53.958  4.803 19.190  3.134  1.082
  43.102 40.121 -2.421 -2.584  1.303  3.500 56.942 52.907   4.04
 72943 833 1 1 2 310436.643610437.6201
 13.771  0.185  8.865-53.288-40.796  0.871  4.345 71.318 -0.200
 -53.210-53.403  8.639  9.203  0.522  0.349-40.585-40.957 -49.36
 73043 9 7 1 2 3 510437.620110438.6387
 13.961  0.216  9.046-40.796-27.570  4.345  1.180 21.957  1.512
 -40.585-40.957  8.961  9.110  1.877  2.468-27.005-28.760   2.83
 73143 839 3 2 5 510438.638710439.6475
 15.775 -0.793  9.266-27.570-12.650  1.180  4.611 24.786 -0.549
 -27.005-28.760  9.009  9.809  0.801  0.380-11.535-12.882 -13.41
 8 543 8 1 0 0 1 110443.665010444.6279
 14.678 -0.444 14.104-49.701-36.515  9.732 20.414  0.000  0.000
   0.000  0.000  0.000  0.000  0.000  0.000  0.000  0.000   0.00
 8 543 8 1 1 1 2 310443.665010444.6279
 17.245  0.670  9.351 29.852 45.508  5.263  1.725 -2.694  0.147
  32.000 28.745  9.451  9.300  1.789  3.474 46.067 42.723  -8.98
 8 94310 8 0 0 1 310447.577110448.6465
 14.947 -0.755 12.849  2.071 17.009 15.921  5.693  0.000  0.000
   0.000  0.000  0.000  0.000  0.000  0.000  0.000 16.853   0.00
 81043 828 1 1 2 710448.646510449.5850
 13.709  0.521 -2.809-53.863-41.920 10.873  6.890 73.007  0.181
 -53.742-53.871 -2.414 -2.835  0.661 10.212-41.687-42.308 -70.31
 81043 828 1 2 3 310448.646510449.5850
 13.363  0.261 12.042 17.009 28.628  5.693  7.180-33.809 -1.258
  18.143 16.853 12.784 11.940  0.686  5.007 28.666 28.576 103.87
 81143 957 3 4 7 110449.585010450.5977
 14.136  0.624 -3.298-41.920-28.589  6.890 10.874  2.699 -0.621
 -41.687-42.308 -3.287 -3.316  4.303  2.587  0.000  0.000   0.00
 81143 957 2 1 3 410449.585010450.5977
 13.959 -0.340 12.286 28.628 41.779  7.180  9.747 70.057  0.072
  28.666 28.576 12.183 12.427  4.139  3.041 41.925 41.681 -26.13
 81243 938 0 0 1 310450.597710451.5820
 14.591  0.345 -3.931-28.589-15.195 10.874  5.868  0.000  0.000
   0.000  0.000  0.000  0.000  0.000  0.000  0.000-16.194   0.00
 81243 938 1 3 4 410450.597710451.5820
 14.590 -0.195 11.941 41.779 55.173  9.747  2.537 43.924 -0.049
  41.925 41.681 11.804 12.034  3.946  5.801 55.356 55.096 -18.13
 8134310 1 1 2 3 110451.582010452.9248
 13.979  0.025 -4.270-15.195  2.265  5.868  8.818-27.329 -1.141
 -15.177-16.194 -4.279 -3.755  5.768  0.100  0.000  0.000   0.00
 81443 147 0 0 1 110452.924810453.6680
 14.863  0.874 -4.304  2.265 12.582  8.818  7.581  0.000  0.000
   0.000  0.000  0.000  0.000  0.000  0.000  0.000  0.000   0.00
 81543 757 0 0 1 110453.668010454.7891
 13.285  2.163 -4.953 12.582 26.374  7.581  5.464  0.000  0.000
   0.000  0.000  0.000  0.000  0.000  0.000  0.000  0.000   0.00
 81543 757 1 1 2 110453.668010454.7891
 14.320  1.349 13.701-53.873-38.921  2.802  7.221-38.801 -3.613
 -53.822-56.719 13.741 11.478  2.752  0.050  0.000  0.000   0.00
 81643 5 3 0 0 1 110454.789110455.7012
 15.223 -0.749 -7.377 26.374 39.372  5.464  7.585  0.000  0.000
   0.000  0.000  0.000  0.000  0.000  0.000  0.000  0.000   0.00
 81643 5 3 0 0 1 210454.789110455.7012
 14.939 -1.522 15.213-38.921-26.183  7.221  9.238  0.000  0.000
   0.000  0.000  0.000  0.000  0.000  0.000  0.000-28.371   0.00
 81743 7 9 1 1 2 410455.701210456.6836
 13.940 -1.201 13.824-26.183-13.448  9.238 16.680-32.232  3.042
 -26.171-28.371 13.832 12.485  9.188  0.050-13.149-18.184   4.16
 81743 7 9 0 0 1 110455.701210456.6836
 14.101  0.606 -6.694 39.372 52.266  7.585  4.801  0.000  0.000
   0.000  0.000  0.000  0.000  0.000  0.000  0.000  0.000   0.00
 81843 734 1 3 4 110456.683610457.6523
 14.828 -0.972 12.645-13.448 -0.041 16.680  6.551-28.073 -5.568
 -13.149-18.184 12.800 10.180 15.692  0.988  0.000  0.000   0.00
 81943 820 0 0 1 510457.652310458.5898
 12.998 -0.663 11.704 -0.041 11.235  6.551  3.058  0.000  0.000
   0.000  0.000  0.000  0.000  0.000  0.000  0.000  6.766   0.00
 82043 949 4 2 6 910458.589810459.5801
 13.597 -0.328 -5.175 -8.329  4.165  3.563  2.775 -7.166 -1.229
  -7.813-11.444 -5.240 -4.785  3.057  0.507  5.517  3.135  17.94
 82043 949 3 2 5 410458.589810459.5801
 14.853 -0.115 11.081 11.235 24.973  3.058  1.321-22.212 -5.041
  11.771  6.766 11.296  9.291  2.730  0.328 25.146 24.880  12.88
 82043 949 0 0 1 110458.589810459.5801
 17.107  0.179 -0.592-30.827-14.857  0.050  0.554  0.000  0.000
   0.000  0.000  0.000  0.000  0.000  0.000  0.000  0.000   0.00
 8214310 3 2 2 4 110459.580110460.5977
 14.222  0.141 10.968 24.973 38.435  1.321  3.061 -9.333 -0.265
  25.146 24.880 10.996 10.953  0.461  0.861  0.000  0.000   0.00
 8214310 3 4 5 9 210459.580110460.5977
 15.778 -0.381 -4.850  4.165 19.209  2.775  0.610 10.776 -1.625
   5.517  3.135 -4.594 -5.045  1.200  1.575 19.834 19.154 -41.75
 82243 939 0 0 1 110460.597710461.6045
 13.863  0.025 11.111 38.435 51.408  3.061  0.453  0.000  0.000
   0.000  0.000  0.000  0.000  0.000  0.000  0.000  0.000   0.00
 82343 930 1 4 5 310461.604510462.5869
 12.377  0.738-13.633-28.091-16.892  2.645  1.976 -0.097 -0.359
 -27.784-28.514-13.634-13.633  1.532  1.113-16.798-17.027  50.77
 82843 8 8 31013 710466.660210467.5898
 14.103  0.245-14.102 36.558 48.759  7.228  3.465 26.833 -0.754
  37.716 34.705-13.534-15.011  4.447  2.781 50.184 47.672 -11.88
 91143 9 3 1 3 4 210480.623010481.5928
 14.806 -0.202 15.115-10.789  2.621  7.414  1.371-17.833  1.018
 -10.597-12.091 15.174 14.710  6.461  0.953  3.159  0.538  17.96
 92043 942 6 6121010489.594710490.6025
 13.068  0.100 -6.402 32.196 44.364 18.342 12.685 12.407 -1.006
  34.160 28.422 -5.972 -7.227 12.063  6.279 46.982 42.296   3.15
 92143 933 5 510 710490.602510491.6143
 15.673 -0.143 -6.502 44.364 59.235 12.685  4.872 15.559  0.189
  46.982 42.296 -5.777 -7.074  5.596  7.089 61.950 56.898 -14.30
 92943 747 1 1 2 210498.674810499.6660
 13.903 -0.087 16.404-43.474-30.672 54.944 31.051-71.586  0.155
 -43.400-43.637 16.618 15.936 37.755 17.189-30.592-30.882   0.15
 92943 747 1 2 3 210498.674810499.6660
 14.351  0.119 14.233-55.190-41.945  5.627  9.428 60.520  0.190
 -55.170-55.411 14.199 14.611  5.165  0.462-41.942-42.454 -18.79
 93043 8 0 1 1 2 610499.666010500.6025
 13.861 -0.002 16.318-30.672-18.619 31.051 28.834-71.432  2.588
 -30.592-30.882 16.548 15.720 22.439  8.612-18.481-21.290 110.29
 93043 8 0 1 1 2 110499.666010500.6025
 14.149  0.254 14.351-41.945-29.622  9.428 10.609 41.733 -0.664
 -41.942-42.454 14.349 14.791  9.378  0.050  0.000  0.000   0.00
10 143 933 0 0 1 710500.602510501.5996
 13.402  0.006 14.589-29.622-17.239 10.609  9.547  0.000  0.000
   0.000  0.000  0.000  0.000  0.000  0.000  0.000-19.445   0.00
10 143 933 2 4 6 610500.602510501.5996
 14.031 -0.010 16.316-18.619 -5.609 28.834 70.069 38.858 -0.010
 -18.481-21.290 16.210 18.382 27.421  1.413 -5.565 -6.956  28.39
10 243 937 2 5 7 110501.599610502.6455
 15.221 -0.776 14.595-17.239 -2.341  9.547  1.263 32.240 -3.350
 -16.517-19.445 14.154 15.942  7.191  2.355  0.000  0.000   0.00
10 243 937 1 5 6 610501.599610502.6455
 13.650 -0.163 16.306 -5.609  7.644 70.069 60.798 67.244 -0.539
  -5.565 -6.956 16.205 19.388 67.831  2.238  7.823  5.284 -34.13
10 543 930 2 1 3 210504.603510505.6465
 14.316  0.197 12.496 22.551 36.454  3.013  4.026 48.086 -0.999
  22.632 21.069 12.408 14.107  2.857  0.157 37.255 36.444   3.97
10 543 930 0 0 1 110504.603510505.6465
 14.086  0.155 14.925 33.134 46.799 70.476 68.737  0.000  0.000
   0.000  0.000  0.000  0.000  0.000  0.000  0.000  0.000   0.00
10 643 828 1 1 2 210505.646510506.6191
 15.010 -1.250 12.702 36.454 50.089  4.026  0.860 52.054  0.435
  37.255 36.444 11.701 12.714  0.050  3.976 50.283 49.038  -7.23
10 643 828 0 0 1 210505.646510506.6191
 13.914 -0.420 15.086 46.799 59.368 68.737 54.156  0.000  0.000
   0.000  0.000  0.000  0.000  0.000  0.000  0.000 59.298   0.00
103143 837 1 1 2 210530.640610531.6406
 14.158 -0.596 14.836 14.292 27.464 17.660 39.379 28.121  1.468
  14.310 13.735 14.827 15.124 17.124  0.536 27.464 25.324 -19.68
11 143 837 1 1 2 210531.640610532.6465
 13.952 -0.097 14.241 27.464 40.511 39.379 21.875  8.445 -1.220
  27.464 25.324 14.240 14.548 39.370  0.010 40.529 39.898  37.38
11 243 828 1 1 2 210532.646510533.6504
 14.384 -0.160 14.143 40.511 53.965 21.875 36.080 45.821 -0.190
  40.529 39.898 14.125 14.754 21.256  0.619 53.965 53.481   1.06
111243 845 0 0 1 110542.635710543.6357
 13.443 -0.611 16.415-33.679-21.221  1.297  9.677  0.000  0.000
   0.000  0.000  0.000  0.000  0.000  0.000  0.000  0.000   0.00
111343 845 2 6 8 610543.635710544.6445
 14.785  0.775 -7.928-28.676-14.752 18.775 14.335  3.609  1.180
 -28.222-30.013 -7.900 -8.012 14.015  4.760-14.247-16.956 -28.71
111443 831 1 5 6 510544.644510545.6396
 13.395 -0.710 -8.711-14.752 -2.403 14.335  2.537-25.100  1.618
 -14.247-16.956 -8.945 -7.690 11.661  2.675 -0.920 -5.146   1.27
112343 7 6 6 2 81810553.704110554.6787
 16.382  0.895 15.232-40.873-25.860 17.323 36.310-21.511  1.495
 -38.511-41.947 16.130 14.824  5.416 11.907-23.139-28.369  15.02
112443 741 9 918 910554.678710555.6377
 11.655 -0.846 16.105-25.860-15.634 36.310 44.671 -6.492 -2.246
 -23.139-28.369 16.402 15.831 17.421 18.889-14.019-16.007 -40.51
112543 841 8 1 9 210555.637710556.6572
 14.259 -0.982 15.294-15.634 -2.101 44.671 11.706-47.005 -0.951
 -14.019-16.007 16.965 14.908  8.380 36.292 -1.313 -2.104 -18.66
112643 813 1 1 2 610556.657210557.6406
 15.263 -0.346 14.292 -2.101 11.950 11.706 33.836-65.669  4.587
  -1.313 -2.104 15.981 14.285  0.050 11.656 17.092 10.604  53.20
112743 837 2 4 6 810557.640610558.6406
 13.454  0.932 13.952 11.950 24.419 33.836 31.347-12.469 -2.229
  17.092 10.604 15.056 13.664  7.016 26.819 26.731 23.293 -25.59
112843 837 6 2 8 410558.640610559.6396
 13.069 -0.943 14.884 24.419 36.487 31.347  3.497-38.057 -3.661
  26.731 23.293 16.633 14.032 10.269 21.079 36.544 35.968  36.31
112943 838 2 1 3 910559.639610560.6582
 15.711 -1.079  6.913-50.733-35.730 10.550  6.636 23.151 -0.852
 -50.510-53.724  6.818  8.182  9.818  0.731-34.732-37.348 -16.99
112943 838 1 3 4 210559.639610560.6582
 13.971 -0.066 13.942 36.487 49.718  3.497 10.422 -1.748 -0.016
  36.544 35.968 13.944 13.927  3.151  0.346 49.720 49.225  29.44
112943 838 1 1 2 110559.639610560.6582
 14.209 -0.066 15.195 44.499 57.972  0.606  3.193-25.684 -0.382
  44.528 44.172 15.209 15.044  0.556  0.050  0.000  0.000   0.00
113043 811 1 8 9 610560.658210561.6504
 15.911 -0.462  5.813-35.730-20.928  6.636 16.975  6.162 -1.310
 -34.732-37.348  5.706  5.987  4.105  2.531-20.242-21.549  -0.39
12 143 823 1 5 6 510561.650410562.6523
 14.879 -0.413  5.355-20.928 -7.003 16.975 11.460  5.772  0.044
 -20.242-21.549  5.286  5.418  8.066  8.909 -6.605 -7.943   3.77
12 143 823 1 2 3 210561.650410562.6523
 14.252 -0.757  6.043-27.644-14.348  2.785  3.511-29.025  0.454
 -27.529-28.130  6.107  5.775  2.255  0.531-14.222-15.054  72.22
12 243 820 1 4 5 710562.652310563.6787
 12.804  0.454  4.941 -7.003  5.129 11.460 16.425  9.539  1.255
  -6.605 -7.943  4.874  5.098  8.045  3.415  6.072  3.459  -5.82
12 343 742 4 3 71210563.678710564.6455
 12.575 -0.215  5.407  5.129 16.335 16.425 11.742  3.718  4.143
   6.072  3.459  5.346  5.515 10.502  5.923 19.887 13.123  -0.08
121443 823 0 0 1 110574.650410575.6572
 13.608 -0.133  7.100 30.599 43.322 14.736  7.887  0.000  0.000
   0.000  0.000  0.000  0.000  0.000  0.000  0.000  0.000   0.00
121543 812 4 4 82010575.657210576.6807
 16.557 -0.449-22.094-59.036-43.103 17.374 52.775 67.998  4.924
 -58.828-59.279-21.616-22.652  9.351  8.022-39.217-45.714 -68.91
121543 812 0 0 1 110575.657210576.6807
 14.553 -0.110  6.965 43.322 57.204  7.887 10.417  0.000  0.000
   0.000  0.000  0.000  0.000  0.000  0.000  0.000  0.000   0.00
