 112761845 314171622292.781322293.7910
 12.899  0.050-10.826-55.759-43.732 35.381 43.469  5.957  0.462
 -54.238-59.175-10.670-11.176 24.480 10.901-41.409-46.838  -3.24
 115761838 2 5 7 622295.777322296.7539
 17.280 -0.130-10.947-30.967-15.028 35.192 17.940 -1.163 -4.369
 -28.529-34.981-10.996-10.867 21.893 13.299-14.713-16.649  15.85
 1167618 7 1 5 61822296.753922297.7695
 12.106  0.345-10.820-15.028 -3.730 17.940 28.649 14.690  3.059
 -14.713-16.649-10.739-11.237 15.022  2.918 -2.577 -7.698 -14.23
 117761829 51318 922297.769522298.7832
 14.624  0.161-11.170 -3.730 10.085 28.649 28.545  0.457 -3.192
  -2.577 -7.698-11.161-11.201 22.196  6.452 10.798  8.979  12.75
 118761847 2 7 9 622298.783222299.7695
 14.949  0.929-11.333 10.085 23.862 28.545 15.022 13.206 -0.388
  10.798  8.979-11.169-11.588 17.360 11.185 24.286 22.976  14.33
 213761855 3 4 7 622324.789122325.6855
 14.547 -0.470-11.864 12.495 24.656  5.532  4.396 25.106  0.068
  14.108 10.742-11.124-12.668  2.881  2.651 26.157 22.496 -10.62
 311761925 0 0 1 722351.808622352.6895
 13.606  0.494-35.074  6.450 17.574  3.871 12.259  0.000  0.000
   0.000  0.000  0.000  0.000  0.000  0.000  0.000 16.833   0.00
 312761634 4 3 7 322352.689522353.7227
 13.100  1.101-35.509 17.574 30.095 12.259  1.489 33.511 -2.279
  20.373 16.833-34.001-35.909  2.565  9.694 30.181 29.384 -90.56
 317761720 1 3 4 522357.722722358.7988
 11.965  0.569 -7.237-13.038 -1.225  6.605  2.798 14.030  1.320
 -11.741-15.729 -6.915 -7.904  4.456  2.148  2.669 -2.482   5.01
 317761720 611172222357.722722358.7988
 14.624  0.126  4.488 -7.757  6.915 28.060 38.408  2.564  1.107
  -5.207-11.098  4.374  4.637 15.910 12.150 10.336  3.349   1.93
 320761643 2 6 81322360.697322361.7207
 12.929 -0.633  4.201 21.510 33.754 23.533 55.105 13.205 -1.772
  25.300 16.631  3.315  5.343 13.245 10.288 36.693 29.724  -1.30
 3267618 2 5 5101622366.752022367.7773
 15.083 -0.416 -7.477-43.502-29.041 49.211 30.403-13.731  2.161
 -41.454-44.904 -7.973 -7.138 19.999 29.212-25.462-31.120  22.58
 327761838 61016 722367.777322368.7852
 13.979  0.753 -7.051-29.041-15.939 30.403 93.328  8.852 -0.930
 -25.462-31.120 -6.497 -7.372 11.170 19.233-11.782-16.374   7.96
 328761851 3 4 7 322368.785222369.7383
 13.834  0.388 -7.810-15.939 -3.705 93.328 53.955 16.813 -2.558
 -11.782-16.374 -6.565 -7.940  8.831 84.497 -3.419 -4.384 -81.01
 329761742 0 0 1 122369.738322370.7715
 14.831  0.680 -6.911  2.236 16.563  3.298  3.479  0.000  0.000
   0.000  0.000  0.000  0.000  0.000  0.000  0.000  0.000   0.00
 329761742 1 2 3 522369.738322370.7715
 14.117  0.315 -8.179 -3.705  9.883 53.955 65.999-64.199  0.068
  -3.419 -4.384 -8.766 -6.790 37.926 16.029 10.068  9.465 -10.53
 330761832 0 0 1 122370.771522371.7754
 14.742 -0.400 -7.615 16.563 30.358  3.479  2.465  0.000  0.000
   0.000  0.000  0.000  0.000  0.000  0.000  0.000  0.000   0.00
 330761832 1 4 5 922370.771522371.7754
 14.246 -0.041 -8.505  9.883 23.180 65.999 82.879-74.727 -1.141
  10.068  9.465 -9.176 -6.993 45.712 20.287 23.354 22.871 139.52
 331761836 2 7 9 622371.775422372.7109
 14.893 -0.162 -8.464 23.180 36.190 82.879 59.536 64.794  0.403
  23.354 22.871 -8.099 -9.113 53.048 29.831 36.230 35.575-129.60
 4 17617 3 2 4 6 122372.710922373.6758
 13.518 -0.882 -8.313 36.190 48.278 59.536 31.053-64.808 -1.524
  36.230 35.575 -8.397 -7.018 55.883  3.654  0.000  0.000   0.00
 415761815 0 0 1 222386.759822387.7637
 12.837  1.239  3.138-28.458-16.574 27.095  3.464  0.000  0.000
   0.000  0.000  0.000  0.000  0.000  0.000  0.000-16.601   0.00
 416761819 2 3 5 322387.763722388.7246
 16.635 -0.454-10.377-31.094-16.053  7.926  3.689  9.486 -3.145
 -29.961-33.630-10.190-10.794  5.479  2.447-15.891-16.347 -38.67
 416761819 1 1 2 122387.763722388.7246
 14.817  0.081  4.380-16.574 -3.281  3.464  6.908 58.074 -0.501
 -16.335-16.601  3.998  4.424  0.352  3.113  0.000  0.000   0.00
 418761655 0 0 1 122389.705122391.0000
 12.266 -0.073  4.634 -3.433 11.168  9.708 12.239  0.000  0.000
   0.000  0.000  0.000  0.000  0.000  0.000  0.000  0.000   0.00
 428761620 4 5 91522399.679722400.6895
 13.445  0.589 -9.354 30.622 43.202 49.329 39.808  9.108  1.308
  33.217 29.425 -8.944 -9.544 15.575 33.754 47.164 42.194   7.08
 5 97617 7 1 1 2 222410.714822411.7109
 14.316  0.151 -0.030-13.673 -0.389  7.719  8.213-59.661  0.044
 -13.496-13.776 -0.332  0.146  2.844  4.875 -0.237 -0.450  -9.49
 5107617 3 1 1 2 222411.710922412.7090
 13.835  0.012 -0.181 -0.389 12.434  8.213  5.086-69.155  0.136
  -0.237 -0.450 -0.580 -0.021  2.351  5.862 12.835 12.407  14.78
 520761637 0 0 1 122421.693422422.6719
 14.881  0.077 -7.942-40.464-26.865  2.792  4.147  0.000  0.000
   0.000  0.000  0.000  0.000  0.000  0.000  0.000  0.000   0.00
 615761725 2 8101522447.726622448.6328
 14.563 -0.007  2.815-44.424-32.096 17.046 27.373 -3.339  0.378
 -41.985-46.585  2.957  2.689  8.007  9.039-28.897-33.883   4.75
 616761511 411151022448.632822449.7207
 14.375  1.141  2.809-32.096-17.539 27.373 23.856  1.413 -0.027
 -28.897-33.883  2.730  2.853  9.809 17.564-15.681-20.612   5.39
 617761717 5 510 822449.720722450.7480
 14.298 -1.395  4.049-17.539 -3.852 23.856 21.863  6.804 -0.782
 -15.681-20.612  3.828  4.415 14.867  8.989 -2.298 -6.464 -10.95
 618761757 4 4 81322450.748022451.7422
 12.647 -0.476  2.615 -3.852  7.758 21.863 18.500 -4.144  1.260
  -2.298 -6.464  2.727  2.426 13.706  8.157 11.879  6.521  -5.61
 619761750 5 813 922451.742222452.7207
 16.033  0.633  2.141  7.758 22.476 18.500  7.097 -9.758 -1.422
  11.879  6.521  2.849  1.928  4.270 14.230 24.014 20.030   2.58
 619761750 3 1 4 722451.742222452.7207
 14.383 -0.628  1.139 25.788 38.892  7.968  7.889-26.760  0.821
  27.470 25.193  1.987  0.839  2.084  5.885 41.387 38.024  22.84
 620761718 4 5 9 222452.720722453.7480
 16.867 -0.196  2.759 22.476 38.793  7.097  0.068 -7.176 -3.970
  24.014 20.030  2.953  2.452  4.356  2.741 38.798 38.777  66.10
 620761718 4 3 7 622452.720722453.7480
 14.576  0.512  0.525 38.892 52.857  7.889 12.192 -3.917  0.417
  41.387 38.024  0.696  0.465  2.038  5.851 54.994 51.211   7.08
 622761735 1 1 2 122454.732422455.7949
 14.330 -0.379-26.603-48.076-33.883  7.943  5.689-83.933 -0.553
 -48.042-48.108-26.888-26.338  3.819  4.124  0.000  0.000   0.00
 622761735 1 1 2 322454.732422455.7949
 14.099 -0.196-27.891-53.695-39.747  0.516  0.150-71.829  0.037
 -53.632-53.912-28.061-27.308  0.399  0.117-39.265-39.988 111.31
 6237619 6 0 0 1 422455.794922456.7656
 13.397  0.293-26.200-33.883-21.837  5.689  9.290  0.000  0.000
   0.000  0.000  0.000  0.000  0.000  0.000  0.000-27.367   0.00
 6237619 6 0 0 1 122455.794922456.7656
 13.591 -0.854 -1.454 36.127 48.361  1.110  1.967  0.000  0.000
   0.000  0.000  0.000  0.000  0.000  0.000  0.000  0.000   0.00
 624761822 1 3 4 122456.765622457.7285
 14.013  0.414-26.485-21.837 -9.302  9.290  8.711 11.214 -5.129
 -21.746-27.367-26.469-27.466  9.140  0.150  0.000  0.000   0.00
 625761728 0 0 1 122457.728522458.7520
 13.106  0.269-26.883 -9.302  3.119  8.711  9.558  0.000  0.000
   0.000  0.000  0.000  0.000  0.000  0.000  0.000  0.000   0.00
 6267618 3 0 0 1 122458.752022459.7344
 13.634  0.198-27.158  3.119 15.545  9.558  9.076  0.000  0.000
   0.000  0.000  0.000  0.000  0.000  0.000  0.000  0.000   0.00
 627761737 0 0 1 122459.734422460.7852
 13.624  0.158-27.353 15.545 28.831  9.076 13.652  0.000  0.000
   0.000  0.000  0.000  0.000  0.000  0.000  0.000  0.000   0.00
 628761850 0 0 1 122460.785222461.6914
 14.247 -0.205-27.519 28.831 40.873 13.652 12.168  0.000  0.000
   0.000  0.000  0.000  0.000  0.000  0.000  0.000  0.000   0.00
 629761637 0 0 1 122461.691422462.7793
 14.324 -0.256-27.333 40.873 55.376 12.168 19.192  0.000  0.000
   0.000  0.000  0.000  0.000  0.000  0.000  0.000  0.000   0.00
 7 2761837 0 0 1 222464.775422465.6797
 15.711  0.177 21.982 -1.484 11.847  3.868  2.212  0.000  0.000
   0.000  0.000  0.000  0.000  0.000  0.000  0.000  8.302   0.00
 8 37616 8 2 1 3 322496.673822497.6582
 14.514  0.079 16.074-39.405-26.076 80.652 80.592 -6.075  0.806
 -38.211-39.457 16.196 16.069  3.393 77.259-26.074-27.967  31.35
 8 4761547 1 2 3 122497.658222498.6738
 13.987 -0.117 16.152-26.076-12.851 80.592 97.821 25.276 -2.011
 -26.074-27.967 16.151 17.010 80.492  0.100  0.000  0.000   0.00
 8 5761611 0 0 1 122498.673822499.6992
 14.568  2.722 12.951-13.377  0.561  0.414 50.975  0.000  0.000
   0.000  0.000  0.000  0.000  0.000  0.000  0.000  0.000   0.00
 8 5761611 0 0 1 122498.673822499.6992
 14.055 -0.283 16.033-12.851  0.561 97.821 50.975  0.000  0.000
   0.000  0.000  0.000  0.000  0.000  0.000  0.000  0.000   0.00
 8 6761648 0 0 1 322499.699222500.6582
 14.420 -0.766 15.742  0.561 13.452 50.975 59.507  0.000  0.000
   0.000  0.000  0.000  0.000  0.000  0.000  0.000 13.008   0.00
 8 7761548 1 2 3 322500.658222501.6777
 14.287  0.496 15.008 13.452 27.000 59.507 35.794 53.355  0.170
  13.568 13.008 14.857 15.585 47.194 12.313 27.386 26.670  -3.18
 8 8761615 1 2 3 322501.677722502.7051
 14.158 -0.455 15.513 27.000 40.555 35.794 16.335 50.177 -0.097
  27.386 26.670 15.068 15.895 16.528 19.266 40.965 40.085 -20.30
 8 8761615 3 1 4 522501.677722502.7051
 16.009 -0.074 24.050-27.299-11.841  1.337  3.755-22.991  1.315
 -26.981-27.586 24.173 23.939  0.633  0.703-11.667-13.763  21.20
 8 9761656 2 3 5 322502.705122503.7695
 13.925 -0.352 23.974-11.841  1.941  3.755  2.833 -1.796 -0.313
 -11.667-13.763 23.979 23.919  3.443  0.312  2.516  0.790  -7.59
 8 9761656 1 2 3 422502.705122503.7695
 14.646 -0.034 15.045 40.555 55.104 16.335 54.850 29.875  0.050
  40.965 40.085 14.818 15.305  8.721  7.614 55.873 54.872  -9.71
 810761829 2 1 3 722503.769522504.8281
 11.723  1.295 23.599  1.941 13.304  2.833  7.675 -9.388  2.062
   2.516  0.790 23.686 23.425  1.889  0.944 14.258 10.532  32.19
 811761952 4 3 7 422504.828122505.7695
 13.167  0.602 24.969 13.304 24.772  7.675  6.123 22.805  0.640
  14.258 10.532 24.605 26.025  5.710  1.965 27.224 23.293  11.69
 816761721 7 5121022509.722722510.7715
 14.533  0.250 -2.335 23.179 37.382 29.461 28.502 -2.221 -0.193
  25.211 21.719 -2.414 -2.279 12.317 17.144 39.500 36.211   7.30
 817761830 4 610 922510.771522511.6777
 14.477 -0.350 -2.598 37.382 49.624 28.502 23.459  5.074 -0.317
  39.500 36.211 -2.410 -2.702 10.151 18.351 51.159 48.390  16.83
 819761736 0 0 1 222512.732422513.8105
 14.629 -0.285-11.735-50.317-35.606  9.038  3.115  0.000  0.000
   0.000  0.000  0.000  0.000  0.000  0.000  0.000-35.775   0.00
 820761928 1 1 2 222513.810522514.7891
 13.731 -0.319-11.427-35.606-23.138  3.115 12.947-42.331  0.164
 -35.415-35.775-11.598-11.277  1.463  1.652-22.911-23.513  19.64
 821761856 1 1 2 122514.789122515.6855
 13.982  0.138-11.116-23.138-11.481 12.947  4.707-22.693 -0.640
 -22.911-23.513-11.209-10.962  8.068  4.880  0.000  0.000   0.00
 830761647 0 0 1 122523.699222524.7070
 14.042 -0.169 16.485-42.564-29.412 25.614 27.334  0.000  0.000
   0.000  0.000  0.000  0.000  0.000  0.000  0.000  0.000   0.00
 831761657 0 0 1 122524.707022525.6855
 14.267 -0.543 16.315-29.412-16.412 27.334 42.814  0.000  0.000
   0.000  0.000  0.000  0.000  0.000  0.000  0.000  0.000   0.00
 9 1761626 0 0 1 522525.685522526.9063
 14.551  0.075 15.784-16.412  0.163 42.814 46.932  0.000  0.000
   0.000  0.000  0.000  0.000  0.000  0.000  0.000  0.100   0.00
 9 2762145 1 4 5 222526.906322527.7539
 14.008 -0.186 15.875  0.163 11.200 46.932 30.890 18.608  0.021
   2.195  0.100 15.217 15.896  1.429 45.503 13.024 11.124 -50.20
 9 37618 5 1 1 2 122527.753922528.7559
 14.374 -0.191 15.718 11.200 24.629 30.890 25.252-31.588 -2.148
  13.024 11.124 16.797 15.673  1.241 29.649  0.000  0.000   0.00
 9 47618 8 0 0 1 122528.755922529.6699
 14.182  0.034 15.527 24.629 36.702 25.252 23.911  0.000  0.000
   0.000  0.000  0.000  0.000  0.000  0.000  0.000  0.000   0.00
 9 57616 6 0 0 1 122529.669922530.6895
 14.116  0.273 15.557 36.702 50.082 23.911 19.671  0.000  0.000
   0.000  0.000  0.000  0.000  0.000  0.000  0.000  0.000   0.00
10 3761644 0 0 1 322557.697322558.7051
 13.557 -2.347 32.344 44.626 57.285  2.790  3.864  0.000  0.000
   0.000  0.000  0.000  0.000  0.000  0.000  0.000 55.737   0.00
1014761636 2 4 6 522568.691422569.7461
 12.249  0.419-26.926 -8.673  3.200 16.038 29.894 13.396 -1.088
  -5.116-12.288-26.171-27.694  8.084  7.954  7.015  0.921  -4.02
1014761636 1 1 2 122568.691422569.7461
 14.627  1.278 -9.167-35.133-20.753  1.785  0.627-11.868 -0.977
 -35.106-36.074 -9.173 -8.972  1.735  0.050  0.000  0.000   0.00
1015761753 2 3 5 722569.746122570.7305
 15.596  0.231-27.369  3.200 17.596 29.894 16.738  9.374  0.056
   7.015  0.921-26.809-27.703 11.178 18.716 19.054 13.121   9.04
1015761753 0 0 1 522569.746122570.7305
 14.664  0.041-10.514-20.753 -7.275  0.627  1.591  0.000  0.000
   0.000  0.000  0.000  0.000  0.000  0.000  0.000 -8.241   0.00
1025761758 0 0 1 422579.748022580.7461
 12.395 -0.992 31.434 33.782 45.151  8.923 12.130  0.000  0.000
   0.000  0.000  0.000  0.000  0.000  0.000  0.000 44.933   0.00
1025761758 0 0 1 122579.748022580.7461
 13.254 -1.462 28.318 40.473 52.698  7.179  9.296  0.000  0.000
   0.000  0.000  0.000  0.000  0.000  0.000  0.000  0.000   0.00
1026761752 3 1 4 222580.746122581.7402
 14.474 -0.661 30.445 45.151 58.564 12.130 27.134-53.143  1.050
  45.216 44.933 30.520 30.194  9.331  2.799 58.565 58.349 135.77
1118761942 1 1 2 122603.820322604.7734
 13.792 -0.323 11.467-45.649-33.447 16.097  7.576-12.099 -2.758
 -45.640-48.391 11.469 10.891 16.047  0.050  0.000  0.000   0.00
1119761834 0 0 1 122604.773422605.7949
 14.342 -0.335 11.160-33.447-19.801  7.576 11.879  0.000  0.000
   0.000  0.000  0.000  0.000  0.000  0.000  0.000  0.000   0.00
1121761652 1 1 2 322606.703122607.7676
 16.600  2.955  7.391-11.025  5.588 20.203 28.931-34.720 -0.508
 -10.504-14.059  7.749  5.306 17.239  2.964  5.722  2.079  16.04
1122761825 1 2 3 122607.767622608.7305
 14.412  0.316 10.535  5.588 18.511 28.931 23.300-18.680 -3.781
   5.722  2.079 10.579  9.369 27.864  1.067  0.000  0.000   0.00
1123761730 0 0 1 222608.730522609.7383
 14.302  0.038 10.838 18.511 31.931 23.300 20.227  0.000  0.000
   0.000  0.000  0.000  0.000  0.000  0.000  0.000 30.579   0.00
1124761742 1 1 2 222609.738322610.7148
 13.860 -0.267 10.877 31.931 44.504 20.227 24.243-25.518  0.323
  31.935 30.579 10.878 10.243 20.177  0.050 44.508 42.737  11.05
12 7761633 2 5 7 622622.689522623.8125
 14.324  0.075  5.729-39.011-24.020  3.961  5.955 16.174 -0.101
 -37.554-41.412  5.308  6.422  2.464  1.497-22.280-25.920   5.45
12 8761930 2 4 6 622623.812522624.7656
 16.716 -1.123  5.813-24.020 -9.040  5.955 20.009 21.624 -0.205
 -22.280-25.920  5.127  6.562  3.108  2.847 -8.911-12.271   3.25
12 9761822 1 5 6 822624.765622625.7207
 14.226  0.170  4.744 -9.040  3.624 20.009 36.967 24.873 -0.615
  -8.911-12.271  4.685  6.237 19.241  0.768  4.381  1.529  -2.40
1210761719 1 7 8 822625.720722626.7637
 14.381 -0.601  4.907  3.624 17.600 36.967 26.003 22.477  1.198
   4.381  1.529  4.595  5.771 27.151  9.816 17.956 13.999   0.06
1214761810 1 2 3 322629.757822630.7402
 15.319 -0.494-26.950 22.888 36.986 18.134  7.064 55.288  0.399
  23.724 22.339-25.874-27.656  7.182 10.952 38.408 36.105 -18.70
1215761745 2 1 3 122630.740222631.7402
 15.694 -0.620-26.464 36.986 51.688  7.064  5.261 36.588 -2.568
  38.408 36.105-25.519-27.050  2.702  4.362  0.000  0.000   0.00
1215761745 0 0 1 122630.740222631.7402
 13.784  0.155 12.086-50.204-37.410 21.603 19.438  0.000  0.000
   0.000  0.000  0.000  0.000  0.000  0.000  0.000  0.000   0.00
1216761745 2 1 3 222631.740222632.7480
 14.666 -0.985-28.428 45.082 58.890  4.603  2.885 63.029 -0.566
  45.744 44.608-27.285-29.248  1.923  2.680 58.915 57.491 -23.58
1216761745 0 0 1 122631.740222632.7480
 14.247  0.167 12.241-37.410-24.025 19.438 13.811  0.000  0.000
   0.000  0.000  0.000  0.000  0.000  0.000  0.000  0.000   0.00
1217761758 0 0 1 122632.748022633.7695
 14.308 -0.650 12.410-24.025-10.431 13.811 17.133  0.000  0.000
   0.000  0.000  0.000  0.000  0.000  0.000  0.000  0.000   0.00
1218761827 0 0 1 222633.769522634.7090
 14.051 -0.316 11.746-10.431  1.868 17.133 20.767  0.000  0.000
   0.000  0.000  0.000  0.000  0.000  0.000  0.000  1.626   0.00
12197617 2 1 1 2 222634.709022635.7891
 13.992 -0.358 11.449  1.868 15.900 20.767 10.949 61.162 -0.066
   1.869  1.626 11.446 11.879 20.638  0.129 15.901 15.603 -14.41
1220761855 1 1 2 222635.789122636.7285
 14.345 -0.103 11.062 15.900 28.475 10.949 11.405 46.756  1.448
  15.901 15.603 11.061 11.372 10.899  0.050 28.492 26.596 -39.86
