 112761845 314171622292.781322293.7910
 13.826  0.100-10.369-10.470-54.190-41.227 15.353 14.611-10.826
 -55.759 35.381 43.469  4.875  0.462  5.957  2.715 12.899   0.05
 112761845 314171622292.781322293.7910
 13.576  0.199-11.179-11.380-54.722-42.012  2.978  3.218-10.826
 -55.759 35.381 43.469  4.875  0.462  5.957  2.715 12.899   0.05
 112761845 314171622292.781322293.7910
 13.387  0.307-11.297-11.607-56.834-44.314  0.107  0.122-10.826
 -55.759 35.381 43.469  4.875  0.462  5.957  2.715 12.899   0.05
 112761845 314171622292.781322293.7910
 14.179  0.457-11.146-11.607-57.633-44.314  0.050  0.122-10.826
 -55.759 35.381 43.469  4.875  0.462  5.957  2.715 12.899   0.05
 112761845 314171622292.781322293.7910
 13.796  0.100-11.593-11.693-59.891-46.958  4.848  2.291-10.826
 -55.759 35.381 43.469  4.875  0.462  5.957  2.715 12.899   0.05
 112761845 314171622292.781322293.7910
 13.696  0.582-11.106-11.693-59.790-46.958  0.986  2.291-10.826
 -55.759 35.381 43.469  4.875  0.462  5.957  2.715 12.899   0.05
 112761845 314171622292.781322293.7910
 13.712  0.197-10.879-11.078-60.172-47.323  0.050  0.226-10.826
 -55.759 35.381 43.469  4.875  0.462  5.957  2.715 12.899   0.05
 112761845 314171622292.781322293.7910
 13.419  0.377-10.698-11.078-59.875-47.323  0.772  0.226-10.826
 -55.759 35.381 43.469  4.875  0.462  5.957  2.715 12.899   0.05
 112761845 314171622292.781322293.7910
 14.289  0.290-10.119-10.412-57.474-44.044  1.637  3.681-10.826
 -55.759 35.381 43.469  4.875  0.462  5.957  2.715 12.899   0.05
 112761845 314171622292.781322293.7910
 13.831  0.555 -9.951-10.511-56.714-43.746  0.050  1.612-10.826
 -55.759 35.381 43.469  4.875  0.462  5.957  2.715 12.899   0.05
 115761838 2 5 7 622295.777322296.7539
 16.888 -0.725-12.097-11.388-31.322-15.765  0.050  1.368-10.947
 -30.967 35.192 17.940  6.335 -4.369 -1.163 14.690 17.280  -0.13
 115761838 2 5 7 622295.777322296.7539
 17.215 -0.298-11.719-11.428-30.979-15.104  0.050  0.546-10.947
 -30.967 35.192 17.940  6.335 -4.369 -1.163 14.690 17.280  -0.13
 1167618 7 1 5 61822296.753922297.7695
 13.312  0.235-10.739-10.977-14.713 -2.191 15.022 14.396-10.820
 -15.028 17.940 28.649  1.966  3.059 14.690  0.457 12.106   0.35
 1167618 7 1 5 61822296.753922297.7695
 12.955  0.215-11.428-11.646-15.104 -2.945  0.546  1.472-10.820
 -15.028 17.940 28.649  1.966  3.059 14.690  0.457 12.106   0.35
 1167618 7 1 5 61822296.753922297.7695
 13.274  0.310-11.388-11.702-15.765 -3.283  1.368  0.716-10.820
 -15.028 17.940 28.649  1.966  3.059 14.690  0.457 12.106   0.35
 1167618 7 1 5 61822296.753922297.7695
 13.391  0.439-11.201-11.646-15.546 -2.945  0.309  1.472-10.820
 -15.028 17.940 28.649  1.966  3.059 14.690  0.457 12.106   0.35
 1167618 7 1 5 61822296.753922297.7695
 13.739  0.317-10.833-11.154-20.059 -7.104  0.587  0.050-10.820
 -15.028 17.940 28.649  1.966  3.059 14.690  0.457 12.106   0.35
 1167618 7 1 5 61822296.753922297.7695
 13.854  0.141-10.670-10.813-20.245 -7.173  0.109  1.927-10.820
 -15.028 17.940 28.649  1.966  3.059 14.690  0.457 12.106   0.35
 117761829 51318 922297.769522298.7832
 13.933  0.047-10.977-11.025 -2.191 10.925 14.396 14.371-11.170
  -3.730 28.649 28.545  5.025 -3.192  0.457 13.206 14.624   0.16
 117761829 51318 922297.769522298.7832
 13.949  0.215-11.646-11.864 -2.945 10.188  1.472  2.989-11.170
  -3.730 28.649 28.545  5.025 -3.192  0.457 13.206 14.624   0.16
 117761829 51318 922297.769522298.7832
 14.283  0.160-11.702-11.864 -3.283 10.188  0.716  2.989-11.170
  -3.730 28.649 28.545  5.025 -3.192  0.457 13.206 14.624   0.16
 117761829 51318 922297.769522298.7832
 14.088  0.159-11.942-12.103 -3.538  9.735  0.992  1.017-11.170
  -3.730 28.649 28.545  5.025 -3.192  0.457 13.206 14.624   0.16
 117761829 51318 922297.769522298.7832
 14.189 -0.142-13.347-13.203 -8.006  5.369  0.763  0.328-11.170
  -3.730 28.649 28.545  5.025 -3.192  0.457 13.206 14.624   0.16
 117761829 51318 922297.769522298.7832
 13.733 -0.138-11.154-11.015 -7.104  5.810  0.050  0.462-11.170
  -3.730 28.649 28.545  5.025 -3.192  0.457 13.206 14.624   0.16
 117761829 51318 922297.769522298.7832
 14.011 -0.113-10.813-10.699 -7.173  6.023  1.927  0.921-11.170
  -3.730 28.649 28.545  5.025 -3.192  0.457 13.206 14.624   0.16
 117761829 51318 922297.769522298.7832
 14.502  0.298-10.713-11.015 -7.883  5.810  2.733  0.462-11.170
  -3.730 28.649 28.545  5.025 -3.192  0.457 13.206 14.624   0.16
 118761847 2 7 9 622298.783222299.7695
 14.518  1.038-11.025-12.048 10.925 24.277 14.371  9.852-11.333
  10.085 28.545 15.022  1.832 -0.388 13.206 27.539 14.949   0.93
 118761847 2 7 9 622298.783222299.7695
 14.643  0.657-12.103-12.751  9.735 23.210  1.017  4.540-11.333
  10.085 28.545 15.022  1.832 -0.388 13.206 27.539 14.949   0.93
 118761847 2 7 9 622298.783222299.7695
 14.848  1.041-11.724-12.751  9.533 23.210  6.623  4.540-11.333
  10.085 28.545 15.022  1.832 -0.388 13.206 27.539 14.949   0.93
 118761847 2 7 9 622298.783222299.7695
 15.015  1.020-10.699-11.705  6.023 19.864  0.921  0.275-11.333
  10.085 28.545 15.022  1.832 -0.388 13.206 27.539 14.949   0.93
 118761847 2 7 9 622298.783222299.7695
 15.230  0.700-11.015-11.705  5.810 19.864  0.462  0.275-11.333
  10.085 28.545 15.022  1.832 -0.388 13.206 27.539 14.949   0.93
 118761847 2 7 9 622298.783222299.7695
 14.922  0.581-13.203-13.776  5.369 19.119  0.328  0.050-11.333
  10.085 28.545 15.022  1.832 -0.388 13.206 27.539 14.949   0.93
 213761855 3 4 7 622324.789122325.6855
 14.403 -0.231-11.190-10.983 14.318 26.350  2.283  2.185-11.864
  12.495  5.532  4.396  3.638  0.068 25.106 14.486 14.547  -0.47
 213761855 3 4 7 622324.789122325.6855
 14.415  0.186-10.816-10.983 14.307 26.350  0.050  2.185-11.864
  12.495  5.532  4.396  3.638  0.068 25.106 14.486 14.547  -0.47
 213761855 3 4 7 622324.789122325.6855
 14.852  0.011-11.988-11.997 10.073 22.507  0.050  1.502-11.864
  12.495  5.532  4.396  3.638  0.068 25.106 14.486 14.547  -0.47
 213761855 3 4 7 622324.789122325.6855
 14.712 -0.072-12.795-12.730 10.443 22.752  0.050  0.108-11.864
  12.495  5.532  4.396  3.638  0.068 25.106 14.486 14.547  -0.47
 213761855 3 4 7 622324.789122325.6855
 14.350  0.037-12.696-12.730 10.767 22.752  2.501  0.108-11.864
  12.495  5.532  4.396  3.638  0.068 25.106 14.486 14.547  -0.47
 311761925 0 0 1 722351.808622352.6895
 13.243  1.734-35.074-36.602  6.450 17.254  3.871  3.166-35.074
   6.450  3.871 12.259  0.000  3.456  0.000 33.511 13.606   0.49
 312761634 4 3 7 322352.689522353.7227
 13.211  0.271-35.550-35.831 16.617 29.253  6.323  0.112-35.509
  17.574 12.259  1.489  3.456 -2.279 33.511-57.050 13.100   1.10
 312761634 4 3 7 322352.689522353.7227
 13.729  0.485-36.254-36.754 17.010 30.181  0.205  1.327-35.509
  17.574 12.259  1.489  3.456 -2.279 33.511-57.050 13.100   1.10
 312761634 4 3 7 322352.689522353.7227
 13.493  0.148-36.602-36.754 17.254 30.181  3.166  1.327-35.509
  17.574 12.259  1.489  3.456 -2.279 33.511-57.050 13.100   1.10
 317761720 1 3 4 522357.722722358.7988
 13.718  0.095 -6.915 -7.018-11.741  1.957  4.456  0.140 -7.237
 -13.038  6.605  2.798  4.078  1.320 14.030 19.043 11.965   0.57
 317761720 1 3 4 522357.722722358.7988
 13.239  0.361 -7.873 -8.261-15.688 -2.505  1.876  1.968 -7.237
 -13.038  6.605  2.798  4.078  1.320 14.030 19.043 11.965   0.57
 317761720 1 3 4 522357.722722358.7988
 14.001  0.061 -8.195 -8.261-16.508 -2.505  0.223  1.968 -7.237
 -13.038  6.605  2.798  4.078  1.320 14.030 19.043 11.965   0.57
 317761720 611172222357.722722358.7988
 14.282  0.048  4.421  4.472-12.531  1.774  2.846  0.050  4.488
  -7.757 28.060 38.408  5.879  1.107  2.564  4.490 14.624   0.13
 317761720 611172222357.722722358.7988
 13.939 -0.007  4.769  4.762-12.212  1.724  0.050  0.881  4.488
  -7.757 28.060 38.408  5.879  1.107  2.564  4.490 14.624   0.13
 317761720 611172222357.722722358.7988
 14.071  0.373  5.120  5.522-12.237  1.842  0.415  1.919  4.488
  -7.757 28.060 38.408  5.879  1.107  2.564  4.490 14.624   0.13
 317761720 611172222357.722722358.7988
 14.053  0.349  5.202  5.578-11.143  2.916  0.162  0.050  4.488
  -7.757 28.060 38.408  5.879  1.107  2.564  4.490 14.624   0.13
 317761720 611172222357.722722358.7988
 14.285 -0.060  5.402  5.337-10.250  4.057  4.048  0.119  4.488
  -7.757 28.060 38.408  5.879  1.107  2.564  4.490 14.624   0.13
 317761720 611172222357.722722358.7988
 14.107  0.056  5.529  5.590 -9.486  4.630  0.050  0.367  4.488
  -7.757 28.060 38.408  5.879  1.107  2.564  4.490 14.624   0.13
 317761720 611172222357.722722358.7988
 14.016  0.193  4.541  4.748 -8.308  5.711  0.050  1.658  4.488
  -7.757 28.060 38.408  5.879  1.107  2.564  4.490 14.624   0.13
 317761720 611172222357.722722358.7988
 14.456  0.294  4.431  4.748 -8.781  5.711  0.880  1.658  4.488
  -7.757 28.060 38.408  5.879  1.107  2.564  4.490 14.624   0.13
 317761720 611172222357.722722358.7988
 14.865  0.048  4.346  4.397 -6.397  8.535  4.500  0.050  4.488
  -7.757 28.060 38.408  5.879  1.107  2.564  4.490 14.624   0.13
 317761720 611172222357.722722358.7988
 14.386  0.237  4.142  4.397 -5.881  8.535  3.895  0.050  4.488
  -7.757 28.060 38.408  5.879  1.107  2.564  4.490 14.624   0.13
 317761720 611172222357.722722358.7988
 14.608  0.047  4.369  4.420 -4.958  9.697  0.676  9.599  4.488
  -7.757 28.060 38.408  5.879  1.107  2.564  4.490 14.624   0.13
 317761720 611172222357.722722358.7988
 14.053  0.078  4.336  4.420 -4.361  9.697  2.704  9.599  4.488
  -7.757 28.060 38.408  5.879  1.107  2.564  4.490 14.624   0.13
 320761643 2 6 81322360.697322361.7207
 11.845  0.079  3.073  3.154 26.421 37.553 10.097  4.357  4.201
  21.510 23.533 55.105  8.881 -1.772 13.205 11.905 12.929  -0.63
 320761643 2 6 81322360.697322361.7207
 12.306 -0.276  4.089  3.806 21.706 33.311  3.148  2.392  4.201
  21.510 23.533 55.105  8.881 -1.772 13.205 11.905 12.929  -0.63
 320761643 2 6 81322360.697322361.7207
 12.053 -0.049  3.407  3.357 21.069 32.414  0.284  2.986  4.201
  21.510 23.533 55.105  8.881 -1.772 13.205 11.905 12.929  -0.63
 320761643 2 6 81322360.697322361.7207
 11.854 -0.041  4.554  4.513 20.478 31.619  0.050  1.201  4.201
  21.510 23.533 55.105  8.881 -1.772 13.205 11.905 12.929  -0.63
 320761643 2 6 81322360.697322361.7207
 11.603 -0.161  4.630  4.465 17.120 28.004  0.701  0.648  4.201
  21.510 23.533 55.105  8.881 -1.772 13.205 11.905 12.929  -0.63
 320761643 2 6 81322360.697322361.7207
 11.879  0.094  5.546  5.642 16.977 28.143  6.025  2.335  4.201
  21.510 23.533 55.105  8.881 -1.772 13.205 11.905 12.929  -0.63
 3267618 2 5 5101622366.752022367.7773
 14.208 -0.157 -6.651 -6.490-38.756-25.193  3.323  6.117 -7.477
 -43.502 49.211 30.403  3.521  2.161-13.731  8.852 15.083  -0.42
 3267618 2 5 5101622366.752022367.7773
 14.459 -0.202 -5.957 -5.749-40.063-26.242  0.050  0.050 -7.477
 -43.502 49.211 30.403  3.521  2.161-13.731  8.852 15.083  -0.42
 3267618 2 5 5101622366.752022367.7773
 14.063 -0.214 -8.507 -8.287-42.751-29.336  6.611  2.463 -7.477
 -43.502 49.211 30.403  3.521  2.161-13.731  8.852 15.083  -0.42
 3267618 2 5 5101622366.752022367.7773
 13.668 -0.299 -8.054 -7.747-44.807-31.798  1.399  2.383 -7.477
 -43.502 49.211 30.403  3.521  2.161-13.731  8.852 15.083  -0.42
 3267618 2 5 5101622366.752022367.7773
 14.060 -0.137 -7.200 -7.059-44.938-31.527 21.843  7.856 -7.477
 -43.502 49.211 30.403  3.521  2.161-13.731  8.852 15.083  -0.42
 3267618 2 5 5101622366.752022367.7773
 14.206 -0.544 -6.669 -6.111-44.539-30.978  0.050  2.746 -7.477
 -43.502 49.211 30.403  3.521  2.161-13.731  8.852 15.083  -0.42
 3267618 2 5 5101622366.752022367.7773
 14.310 -0.224 -6.341 -6.111-44.646-30.978  4.949  2.746 -7.477
 -43.502 49.211 30.403  3.521  2.161-13.731  8.852 15.083  -0.42
 327761838 61016 722367.777322368.7852
 14.921 -0.007 -7.059 -7.052-31.527-17.474  7.856  2.786 -7.051
 -29.041 30.403 93.328  5.682 -0.930  8.852 16.813 13.979   0.75
 327761838 61016 722367.777322368.7852
 14.447  0.180 -6.111 -6.292-30.978-17.404  2.746 10.695 -7.051
 -29.041 30.403 93.328  5.682 -0.930  8.852 16.813 13.979   0.75
 327761838 61016 722367.777322368.7852
 15.367  0.092 -5.749 -5.842-26.242-11.739  0.050  0.050 -7.051
 -29.041 30.403 93.328  5.682 -0.930  8.852 16.813 13.979   0.75
 327761838 61016 722367.777322368.7852
 14.775  0.212 -6.508 -6.722-26.638-12.733  0.050  2.633 -7.051
 -29.041 30.403 93.328  5.682 -0.930  8.852 16.813 13.979   0.75
 327761838 61016 722367.777322368.7852
 14.689  0.014 -6.490 -6.504-25.193-11.374  6.117  6.148 -7.051
 -29.041 30.403 93.328  5.682 -0.930  8.852 16.813 13.979   0.75
 327761838 61016 722367.777322368.7852
 14.485  0.105 -5.736 -5.842-25.352-11.739  4.208  0.050 -7.051
 -29.041 30.403 93.328  5.682 -0.930  8.852 16.813 13.979   0.75
 328761851 3 4 7 322368.785222369.7383
 14.371  0.504 -8.286 -8.766-16.164 -3.419 69.027 37.926 -7.810
 -15.939 93.328 53.955  4.752 -2.558 16.813-64.199 13.834   0.39
 328761851 3 4 7 322368.785222369.7383
 14.467  0.328 -7.052 -7.364-17.474 -4.638  2.786  5.525 -7.810
 -15.939 93.328 53.955  4.752 -2.558 16.813-64.199 13.834   0.39
 328761851 3 4 7 322368.785222369.7383
 14.801  0.206 -6.292 -6.489-17.404 -4.250 10.695 10.505 -7.810
 -15.939 93.328 53.955  4.752 -2.558 16.813-64.199 13.834   0.39
 328761851 3 4 7 322368.785222369.7383
 13.922  0.475 -6.037 -6.489-16.567 -4.250  1.989 10.505 -7.810
 -15.939 93.328 53.955  4.752 -2.558 16.813-64.199 13.834   0.39
 329761742 0 0 1 122369.738322370.7715
 14.831  0.680 -6.911 -7.615  2.236 16.563  3.298  3.479 -6.911
   2.236  3.298  3.479  0.000  0.000  0.000  0.000 14.831   0.68
 329761742 1 2 3 522369.738322370.7715
 14.019  0.396 -8.766 -9.176 -3.419 10.068 37.926 45.712 -8.179
  -3.705 53.955 65.999  2.194  0.068-64.199-74.727 14.117   0.32
 329761742 1 2 3 522369.738322370.7715
 14.377  0.364 -7.364 -7.740 -4.638  9.219  5.525  1.926 -8.179
  -3.705 53.955 65.999  2.194  0.068-64.199-74.727 14.117   0.32
 329761742 1 2 3 522369.738322370.7715
 14.352  0.216 -6.489 -6.712 -4.250  9.581 10.505 17.022 -8.179
  -3.705 53.955 65.999  2.194  0.068-64.199-74.727 14.117   0.32
 330761832 0 0 1 122370.771522371.7754
 14.742 -0.400 -7.615 -7.213 16.563 30.358  3.479  2.465 -7.615
  16.563  3.479  2.465  0.000  0.000  0.000  0.000 14.742  -0.40
 330761832 1 4 5 922370.771522371.7754
 14.018 -0.387 -6.712 -6.324  9.581 22.649 17.022  0.320 -8.505
   9.883 65.999 82.879  2.262 -1.141-74.727 64.794 14.246  -0.04
 330761832 1 4 5 922370.771522371.7754
 13.893  0.109 -9.176 -9.285 10.068 23.012 45.712 23.663 -8.505
   9.883 65.999 82.879  2.262 -1.141-74.727 64.794 14.246  -0.04
 330761832 1 4 5 922370.771522371.7754
 14.052 -0.016 -9.488 -9.473  8.406 21.509  1.226  0.512 -8.505
   9.883 65.999 82.879  2.262 -1.141-74.727 64.794 14.246  -0.04
 330761832 1 4 5 922370.771522371.7754
 14.641 -0.074 -9.547 -9.473  7.815 21.509  0.113  0.512 -8.505
   9.883 65.999 82.879  2.262 -1.141-74.727 64.794 14.246  -0.04
 331761836 2 7 9 622371.775422372.7109
 14.915 -0.375 -8.007 -7.656 21.890 34.921  0.131  1.002 -8.464
  23.180 82.879 59.536  1.121  0.403 64.794-64.808 14.893  -0.16
 331761836 2 7 9 622371.775422372.7109
 14.876 -0.306 -7.256 -6.969 22.799 35.793  2.269  1.884 -8.464
  23.180 82.879 59.536  1.121  0.403 64.794-64.808 14.893  -0.16
 331761836 2 7 9 622371.775422372.7109
 15.174 -0.038 -6.324 -6.288 22.649 35.921  0.320  0.717 -8.464
  23.180 82.879 59.536  1.121  0.403 64.794-64.808 14.893  -0.16
 331761836 2 7 9 622371.775422372.7109
 15.131 -0.042 -5.956 -5.916 23.236 36.469 10.422  4.883 -8.464
  23.180 82.879 59.536  1.121  0.403 64.794-64.808 14.893  -0.16
 331761836 2 7 9 622371.775422372.7109
 14.696  0.012 -8.623 -8.635 23.383 36.208 42.626 50.999 -8.464
  23.180 82.879 59.536  1.121  0.403 64.794-64.808 14.893  -0.16
 4 17617 3 2 4 6 122372.710922373.6758
 13.500 -1.216 -8.635 -7.461 36.208 48.278 50.999 31.053 -8.313
  36.190 59.536 31.053  1.524 -1.524-64.808  0.000 13.518  -0.88
 416761819 2 3 5 322387.763722388.7246
 17.801 -0.055 -9.846 -9.793-32.361-16.200  0.050  1.263-10.377
 -31.094  7.926  3.689  3.659 -3.145  9.486-29.180 16.635  -0.45
 416761819 1 1 2 122387.763722388.7246
 14.846  0.036  4.424  4.459-16.601 -3.281  3.113  6.908  4.380
 -16.574  3.464  6.908  0.501 -0.501 58.074  0.000 14.817   0.08
 418761655 0 0 1 122389.705122391.0000
 12.266 -0.073  4.634  4.539 -3.433 11.168  9.708 12.239  4.634
  -3.433  9.708 12.239  0.000  0.000  0.000  0.000 12.266  -0.07
 428761620 4 5 91522399.679722400.6895
 13.232 -0.074 -9.306 -9.232 28.131 40.497  1.408  1.353 -9.354
  30.622 49.329 39.808  3.789  1.308  9.108 16.183 13.445   0.59
 428761620 4 5 91522399.679722400.6895
 13.539 -0.215 -8.502 -8.284 29.576 42.252  1.335  0.050 -9.354
  30.622 49.329 39.808  3.789  1.308  9.108 16.183 13.445   0.59
 428761620 4 5 91522399.679722400.6895
 13.440  0.116 -8.167 -8.284 29.676 42.252 12.442  0.050 -9.354
  30.622 49.329 39.808  3.789  1.308  9.108 16.183 13.445   0.59
 428761620 4 5 91522399.679722400.6895
 13.813  0.208 -9.272 -9.482 31.986 44.937  0.993  0.050 -9.354
  30.622 49.329 39.808  3.789  1.308  9.108 16.183 13.445   0.59
 428761620 4 5 91522399.679722400.6895
 13.543 -0.171 -9.253 -9.080 33.145 45.825  4.039  0.254 -9.354
  30.622 49.329 39.808  3.789  1.308  9.108 16.183 13.445   0.59
 428761620 4 5 91522399.679722400.6895
 12.971  0.095 -8.984 -9.080 33.723 45.825  5.589  0.254 -9.354
  30.622 49.329 39.808  3.789  1.308  9.108 16.183 13.445   0.59
 5 97617 7 1 1 2 222410.714822411.7109
 14.291  0.248 -0.332 -0.580-13.496 -0.237  2.844  2.351 -0.030
 -13.673  7.719  8.213  0.554  0.044-59.661-69.155 14.316   0.15
 5 97617 7 1 1 2 222410.714822411.7109
 14.358 -0.125  0.146 -0.021-13.776 -0.450  4.875  5.862 -0.030
 -13.673  7.719  8.213  0.554  0.044-59.661-69.155 14.316   0.15
 5107617 3 1 1 2 222411.710922412.7090
 14.084  0.173 -0.580 -0.752 -0.237 12.835  2.351  0.322 -0.181
  -0.389  8.213  5.086  0.598  0.136-69.155-54.377 13.835   0.01
 5107617 3 1 1 2 222411.710922412.7090
 13.869  0.135 -0.021 -0.155 -0.450 12.407  5.862  4.764 -0.181
  -0.389  8.213  5.086  0.598  0.136-69.155-54.377 13.835   0.01
 520761637 0 0 1 122421.693422422.6719
 14.881  0.077 -7.942 -8.018-40.464-26.865  2.792  4.147 -7.942
 -40.464  2.792  4.147  0.000  0.000  0.000  0.000 14.881   0.08
 615761725 2 8101522447.726622448.6328
 14.823 -0.210  2.920  2.730-41.405-28.841  2.714  5.595  2.815
 -44.424 17.046 27.373  4.603  0.378 -3.339  1.413 14.563  -0.01
 615761725 2 8101522447.726622448.6328
 14.956 -0.168  2.976  2.824-42.282-29.598  5.293  0.787  2.815
 -44.424 17.046 27.373  4.603  0.378 -3.339  1.413 14.563  -0.01
 615761725 2 8101522447.726622448.6328
 14.301  0.102  2.057  2.150-46.162-34.072  2.276  2.502  2.815
 -44.424 17.046 27.373  4.603  0.378 -3.339  1.413 14.563  -0.01
 615761725 2 8101522447.726622448.6328
 14.368  0.051  1.526  1.573-50.581-38.430  0.202  0.631  2.815
 -44.424 17.046 27.373  4.603  0.378 -3.339  1.413 14.563  -0.01
 615761725 2 8101522447.726622448.6328
 14.821  0.115  2.951  3.055-47.905-35.343  0.291  4.242  2.815
 -44.424 17.046 27.373  4.603  0.378 -3.339  1.413 14.563  -0.01
 616761511 411151022448.632822449.7207
 15.076  0.627  2.824  3.505-29.598-14.280  0.787  4.002  2.809
 -32.096 27.373 23.856  4.981 -0.027  1.413  6.804 14.375   1.14
 616761511 411151022448.632822449.7207
 14.379  0.713  2.730  3.505-28.841-14.280  5.595  4.002  2.809
 -32.096 27.373 23.856  4.981 -0.027  1.413  6.804 14.375   1.14
 616761511 411151022448.632822449.7207
 14.908  0.959  2.969  4.010-31.893-16.757  0.050  1.680  2.809
 -32.096 27.373 23.856  4.981 -0.027  1.413  6.804 14.375   1.14
 616761511 411151022448.632822449.7207
 15.200  0.883  3.051  4.010-32.210-16.757  6.592  1.680  2.809
 -32.096 27.373 23.856  4.981 -0.027  1.413  6.804 14.375   1.14
 616761511 411151022448.632822449.7207
 14.720  1.097  3.055  4.248-35.343-20.411  4.242  2.398  2.809
 -32.096 27.373 23.856  4.981 -0.027  1.413  6.804 14.375   1.14
 616761511 411151022448.632822449.7207
 14.557  0.852  3.322  4.248-35.165-20.411  0.050  2.398  2.809
 -32.096 27.373 23.856  4.981 -0.027  1.413  6.804 14.375   1.14
 616761511 411151022448.632822449.7207
 14.654  1.084  3.073  4.251-35.912-21.052  0.050  0.189  2.809
 -32.096 27.373 23.856  4.981 -0.027  1.413  6.804 14.375   1.14
 616761511 411151022448.632822449.7207
 14.461  0.839  2.826  3.738-35.871-21.221  0.050  2.037  2.809
 -32.096 27.373 23.856  4.981 -0.027  1.413  6.804 14.375   1.14
 617761717 5 510 822449.720722450.7480
 14.335 -1.165  3.567  2.370-15.342 -1.617  1.471  0.684  4.049
 -17.539 23.856 21.863  4.954 -0.782  6.804 -4.144 14.298  -1.40
 617761717 5 510 822449.720722450.7480
 14.293 -1.393  4.202  2.770-16.120 -2.438  5.311 11.206  4.049
 -17.539 23.856 21.863  4.954 -0.782  6.804 -4.144 14.298  -1.40
 617761717 5 510 822449.720722450.7480
 14.132 -1.290  4.010  2.685-16.757 -3.241  1.680  0.621  4.049
 -17.539 23.856 21.863  4.954 -0.782  6.804 -4.144 14.298  -1.40
 617761717 5 510 822449.720722450.7480
 14.336 -1.575  4.248  2.630-20.411 -6.684  2.398  2.483  4.049
 -17.539 23.856 21.863  4.954 -0.782  6.804 -4.144 14.298  -1.40
 617761717 5 510 822449.720722450.7480
 14.961 -1.578  4.251  2.630-21.052 -6.684  0.189  2.483  4.049
 -17.539 23.856 21.863  4.954 -0.782  6.804 -4.144 14.298  -1.40
 617761717 5 510 822449.720722450.7480
 14.541 -1.403  3.738  2.296-21.221 -7.283  2.037  1.311  4.049
 -17.539 23.856 21.863  4.954 -0.782  6.804 -4.144 14.298  -1.40
 618761757 4 4 81322450.748022451.7422
 13.734 -1.191  2.937  1.751 -6.291  6.400  0.393  5.444  2.615
  -3.852 21.863 18.500  4.173  1.260 -4.144 -9.758 12.647  -0.48
 618761757 4 4 81322450.748022451.7422
 13.835 -0.941  2.630  1.693 -6.684  6.108  2.483  2.345  2.615
  -3.852 21.863 18.500  4.173  1.260 -4.144 -9.758 12.647  -0.48
 618761757 4 4 81322450.748022451.7422
 14.033 -0.844  2.296  1.456 -7.283  5.705  1.311  0.112  2.615
  -3.852 21.863 18.500  4.173  1.260 -4.144 -9.758 12.647  -0.48
 619761750 5 813 922451.742222452.7207
 15.165  0.049  1.456  1.504  5.705 19.574  0.112  1.779  2.141
   7.758 18.500  7.097  5.432 -1.422 -9.758 -7.176 16.033   0.63
 619761750 5 813 922451.742222452.7207
 14.753 -0.194  1.693  1.504  6.108 19.574  2.345  1.779  2.141
   7.758 18.500  7.097  5.432 -1.422 -9.758 -7.176 16.033   0.63
 619761750 5 813 922451.742222452.7207
 15.041  0.027  1.751  1.778  6.400 20.149  5.444  0.050  2.141
   7.758 18.500  7.097  5.432 -1.422 -9.758 -7.176 16.033   0.63
 619761750 5 813 922451.742222452.7207
 15.134 -0.255  2.108  1.858  6.693 20.532  2.908  0.050  2.141
   7.758 18.500  7.097  5.432 -1.422 -9.758 -7.176 16.033   0.63
 619761750 5 813 922451.742222452.7207
 14.923 -0.202  2.055  1.858  6.899 20.532  2.967  0.050  2.141
   7.758 18.500  7.097  5.432 -1.422 -9.758 -7.176 16.033   0.63
 619761750 5 813 922451.742222452.7207
 15.077 -0.073  4.268  4.197  7.202 20.985  0.113  0.192  2.141
   7.758 18.500  7.097  5.432 -1.422 -9.758 -7.176 16.033   0.63
 619761750 5 813 922451.742222452.7207
 15.467 -0.170  4.730  4.564  6.757 20.922  0.050  0.669  2.141
   7.758 18.500  7.097  5.432 -1.422 -9.758 -7.176 16.033   0.63
 619761750 5 813 922451.742222452.7207
 15.111 -0.083  2.377  2.296 11.388 25.204  3.046  0.050  2.141
   7.758 18.500  7.097  5.432 -1.422 -9.758 -7.176 16.033   0.63
 619761750 5 813 922451.742222452.7207
 14.897 -0.075  3.443  3.369  9.910 23.517  0.050  2.863  2.141
   7.758 18.500  7.097  5.432 -1.422 -9.758 -7.176 16.033   0.63
 619761750 3 1 4 722451.742222452.7207
 15.483 -0.156  0.959  0.806 27.423 41.604  0.050  0.215  1.139
  25.788  7.968  7.889  2.550  0.821-26.760 -3.917 14.383  -0.63
 619761750 3 1 4 722451.742222452.7207
 15.160 -0.062  0.559  0.499 27.383 41.247  0.050  1.298  1.139
  25.788  7.968  7.889  2.550  0.821-26.760 -3.917 14.383  -0.63
 620761718 4 3 7 622452.720722453.7480
 13.717  0.682  0.204  0.905 37.969 51.050  2.832  5.083  0.525
  38.892  7.889 12.192  3.371  0.417 -3.917  3.163 14.576   0.51
 620761718 4 3 7 622452.720722453.7480
 14.153  0.894  0.891  1.810 38.135 51.664  1.406  1.805  0.525
  38.892  7.889 12.192  3.371  0.417 -3.917  3.163 14.576   0.51
 620761718 4 3 7 622452.720722453.7480
 13.975  0.727  0.806  1.553 41.604 54.950  0.215  0.591  0.525
  38.892  7.889 12.192  3.371  0.417 -3.917  3.163 14.576   0.51
 620761718 4 3 7 622452.720722453.7480
 13.827  0.481  1.059  1.553 41.755 54.950  0.475  0.591  0.525
  38.892  7.889 12.192  3.371  0.417 -3.917  3.163 14.576   0.51
 622761735 1 1 2 122454.732422455.7949
 14.298 -0.647-26.888-26.200-48.042-33.883  3.819  5.689-26.603
 -48.076  7.943  5.689  0.553 -0.553-83.933  0.000 14.330  -0.38
 622761735 1 1 2 322454.732422455.7949
 13.909 -0.341-28.061-27.698-53.632-39.886  0.399  0.050-27.891
 -53.695  0.516  0.150  0.793  0.037-71.829 39.484 14.099  -0.20
 6237619 6 0 0 1 422455.794922456.7656
 13.490  0.277-26.200-26.469-33.883-21.746  5.689  9.140-26.200
 -33.883  5.689  9.290  0.000  5.129  0.000 11.214 13.397   0.29
 6237619 6 0 0 1 122455.794922456.7656
 13.591 -0.854 -1.454 -0.626 36.127 48.361  1.110  1.967 -1.454
  36.127  1.110  1.967  0.000  0.000  0.000  0.000 13.591  -0.85
 624761822 1 3 4 122456.765622457.7285
 13.918  0.431-26.469-26.883-21.746 -9.302  9.140  8.711-26.485
 -21.837  9.290  8.711  5.129 -5.129 11.214  0.000 14.013   0.41
 625761728 0 0 1 122457.728522458.7520
 13.106  0.269-26.883-27.158 -9.302  3.119  8.711  9.558-26.883
  -9.302  8.711  9.558  0.000  0.000  0.000  0.000 13.106   0.27
 6267618 3 0 0 1 122458.752022459.7344
 13.634  0.198-27.158-27.353  3.119 15.545  9.558  9.076-27.158
   3.119  9.558  9.076  0.000  0.000  0.000  0.000 13.634   0.20
 627761737 0 0 1 122459.734422460.7852
 13.624  0.158-27.353-27.519 15.545 28.831  9.076 13.652-27.353
  15.545  9.076 13.652  0.000  0.000  0.000  0.000 13.624   0.16
 628761850 0 0 1 122460.785222461.6914
 14.247 -0.205-27.519-27.333 28.831 40.873 13.652 12.168-27.519
  28.831 13.652 12.168  0.000  0.000  0.000  0.000 14.247  -0.20
 629761637 0 0 1 122461.691422462.7793
 14.324 -0.256-27.333-27.055 40.873 55.376 12.168 19.192-27.333
  40.873 12.168 19.192  0.000  0.000  0.000  0.000 14.324  -0.26
 7 2761837 0 0 1 222464.775422465.6797
 15.777  0.189 21.982 22.153 -1.484 11.907  3.868  2.175 21.982
  -1.484  3.868  2.212  0.000  3.404  0.000-11.214 15.711   0.18
 8 37616 8 2 1 3 322496.673822497.6582
 13.658  0.017 16.134 16.151-38.560-26.074  1.957 80.492 16.074
 -39.405 80.652 80.592  1.205  0.806 -6.075 25.276 14.514   0.08
 8 37616 8 2 1 3 322496.673822497.6582
 14.569  0.083 16.069 16.151-39.457-26.074 77.259 80.492 16.074
 -39.405 80.652 80.592  1.205  0.806 -6.075 25.276 14.514   0.08
 8 4761547 1 2 3 122497.658222498.6738
 13.985 -0.116 16.151 16.033-26.074-12.851 80.492 97.821 16.152
 -26.076 80.592 97.821  2.011 -2.011 25.276  0.000 13.987  -0.12
 8 5761611 0 0 1 122498.673822499.6992
 14.055 -0.283 16.033 15.742-12.851  0.561 97.821 50.975 16.033
 -12.851 97.821 50.975  0.000  0.000  0.000  0.000 14.055  -0.28
 8 6761648 0 0 1 322499.699222500.6582
 14.541 -0.923 15.742 14.857  0.561 13.568 50.975 47.194 15.742
   0.561 50.975 59.507  0.000  0.907  0.000 53.355 14.420  -0.77
 8 7761548 1 2 3 322500.658222501.6777
 14.551  0.207 14.857 15.068 13.568 27.386 47.194 16.528 15.008
  13.452 59.507 35.794  0.907  0.170 53.355 50.177 14.287   0.50
 8 7761548 1 2 3 322500.658222501.6777
 14.359 -0.031 15.579 15.547 13.005 26.627 12.172  7.801 15.008
  13.452 59.507 35.794  0.907  0.170 53.355 50.177 14.287   0.50
 8 7761548 1 2 3 322500.658222501.6777
 14.175  0.016 16.116 16.132 13.265 26.699  0.140 11.465 15.008
  13.452 59.507 35.794  0.907  0.170 53.355 50.177 14.287   0.50
 8 8761615 1 2 3 322501.677722502.7051
 14.182 -0.244 15.068 14.818 27.386 40.965 16.528  8.721 15.513
  27.000 35.794 16.335  1.077 -0.097 50.177 29.875 14.158  -0.46
 8 8761615 1 2 3 322501.677722502.7051
 14.059 -0.251 15.547 15.289 26.627 40.080  7.801  7.378 15.513
  27.000 35.794 16.335  1.077 -0.097 50.177 29.875 14.158  -0.46
 8 8761615 1 2 3 322501.677722502.7051
 14.164 -0.309 16.132 15.814 26.699 40.260 11.465  0.236 15.513
  27.000 35.794 16.335  1.077 -0.097 50.177 29.875 14.158  -0.46
 8 8761615 3 1 4 522501.677722502.7051
 16.551  0.107 23.577 23.688-27.271-11.256  0.304  0.050 24.050
 -27.299  1.337  3.755  0.600  1.315-22.991 -1.796 16.009  -0.07
 8 8761615 3 1 4 522501.677722502.7051
 16.451  0.043 23.939 23.983-27.586-11.673  0.703  3.393 24.050
 -27.299  1.337  3.755  0.600  1.315-22.991 -1.796 16.009  -0.07
 8 9761656 2 3 5 322502.705122503.7695
 13.873 -0.354 23.983 23.606-11.673  2.053  3.393  0.639 23.974
 -11.841  3.755  2.833  1.916 -0.313 -1.796 -9.388 13.925  -0.35
 8 9761656 2 3 5 322502.705122503.7695
 14.137  0.037 23.688 23.727-11.256  2.752  0.050  1.250 23.974
 -11.841  3.755  2.833  1.916 -0.313 -1.796 -9.388 13.925  -0.35
 8 9761656 1 2 3 422502.705122503.7695
 14.982 -0.076 14.818 14.736 40.965 55.873  8.721 12.707 15.045
  40.555 16.335 54.850  0.980  0.050 29.875 20.162 14.646  -0.03
 8 9761656 1 2 3 422502.705122503.7695
 14.861  0.003 15.289 15.292 40.080 54.858  7.378 33.109 15.045
  40.555 16.335 54.850  0.980  0.050 29.875 20.162 14.646  -0.03
 811761952 4 3 7 422504.828122505.7695
 14.286  0.257 26.002 26.244 10.459 22.980  1.574  2.081 24.969
  13.304  7.675  6.123  3.665  0.640 22.805 34.498 13.167   0.60
 811761952 4 3 7 422504.828122505.7695
 14.185  0.594 26.132 26.690 10.731 23.157  0.342  0.785 24.969
  13.304  7.675  6.123  3.665  0.640 22.805 34.498 13.167   0.60
 811761952 4 3 7 422504.828122505.7695
 13.415  0.697 26.035 26.690 11.455 23.157  0.050  0.785 24.969
  13.304  7.675  6.123  3.665  0.640 22.805 34.498 13.167   0.60
 816761721 7 5121022509.722722510.7715
 14.358 -0.130 -3.051 -2.915 21.308 35.327  0.050  0.113 -2.335
  23.179 29.461 28.502  3.492 -0.193 -2.221  5.074 14.533   0.25
 816761721 7 5121022509.722722510.7715
 14.407  0.010 -2.155 -2.165 21.839 35.910 11.965  9.046 -2.335
  23.179 29.461 28.502  3.492 -0.193 -2.221  5.074 14.533   0.25
 816761721 7 5121022509.722722510.7715
 14.694 -0.258 -1.746 -1.475 22.079 36.451  1.144  2.109 -2.335
  23.179 29.461 28.502  3.492 -0.193 -2.221  5.074 14.533   0.25
 816761721 7 5121022509.722722510.7715
 14.840 -0.333 -2.337 -1.988 25.201 39.726  1.655  4.154 -2.335
  23.179 29.461 28.502  3.492 -0.193 -2.221  5.074 14.533   0.25
 816761721 7 5121022509.722722510.7715
 14.609 -0.254 -1.987 -1.722 26.204 40.487  3.992  0.722 -2.335
  23.179 29.461 28.502  3.492 -0.193 -2.221  5.074 14.533   0.25
 816761721 7 5121022509.722722510.7715
 14.590 -0.281 -3.305 -3.011 24.457 38.720  0.925  2.689 -2.335
  23.179 29.461 28.502  3.492 -0.193 -2.221  5.074 14.533   0.25
 816761721 7 5121022509.722722510.7715
 14.063 -0.229 -3.326 -3.086 23.498 37.207  2.022  2.433 -2.335
  23.179 29.461 28.502  3.492 -0.193 -2.221  5.074 14.533   0.25
 816761721 7 5121022509.722722510.7715
 13.883 -0.291 -3.219 -2.915 21.806 35.327  0.111  0.113 -2.335
  23.179 29.461 28.502  3.492 -0.193 -2.221  5.074 14.533   0.25
 817761830 4 610 922510.771522511.6777
 13.953  0.146 -1.722 -1.855 40.487 52.253  0.722  0.050 -2.598
  37.382 28.502 23.459  3.299 -0.317  5.074 21.906 14.477  -0.35
 817761830 4 610 922510.771522511.6777
 14.792 -0.147 -1.988 -1.855 39.726 52.253  4.154  0.050 -2.598
  37.382 28.502 23.459  3.299 -0.317  5.074 21.906 14.477  -0.35
 817761830 4 610 922510.771522511.6777
 14.290  0.058 -2.655 -2.707 39.673 51.745  2.585  0.050 -2.598
  37.382 28.502 23.459  3.299 -0.317  5.074 21.906 14.477  -0.35
 817761830 4 610 922510.771522511.6777
 14.742 -0.023 -3.011 -2.990 38.720 51.202  2.689  0.131 -2.598
  37.382 28.502 23.459  3.299 -0.317  5.074 21.906 14.477  -0.35
 817761830 4 610 922510.771522511.6777
 14.197 -0.137 -3.101 -2.976 36.599 48.587  0.050  0.050 -2.598
  37.382 28.502 23.459  3.299 -0.317  5.074 21.906 14.477  -0.35
 817761830 4 610 922510.771522511.6777
 14.408  0.200 -2.165 -2.347 35.910 48.089  9.046  8.297 -2.598
  37.382 28.502 23.459  3.299 -0.317  5.074 21.906 14.477  -0.35
 819761736 0 0 1 222512.732422513.8105
 14.806 -0.128-11.735-11.598-50.317-35.415  9.038  1.463-11.735
 -50.317  9.038  3.115  0.000  0.477  0.000-42.331 14.629  -0.29
 820761928 1 1 2 222513.810522514.7891
 13.768 -0.398-11.598-11.209-35.415-22.911  1.463  8.068-11.427
 -35.606  3.115 12.947  0.477  0.164-42.331-22.693 13.731  -0.32
 820761928 1 1 2 222513.810522514.7891
 13.521 -0.322-11.277-10.962-35.775-23.513  1.652  4.880-11.427
 -35.606  3.115 12.947  0.477  0.164-42.331-22.693 13.731  -0.32
 821761856 1 1 2 122514.789122515.6855
 13.729  0.034-11.209-11.239-22.911-11.481  8.068  4.707-11.116
 -23.138 12.947  4.707  0.640 -0.640-22.693  0.000 13.982   0.14
 821761856 1 1 2 122514.789122515.6855
 14.400  0.309-10.962-11.239-23.513-11.481  4.880  4.707-11.116
 -23.138 12.947  4.707  0.640 -0.640-22.693  0.000 13.982   0.14
 830761647 0 0 1 122523.699222524.7070
 14.042 -0.169 16.485 16.315-42.564-29.412 25.614 27.334 16.485
 -42.564 25.614 27.334  0.000  0.000  0.000  0.000 14.042  -0.17
 831761657 0 0 1 122524.707022525.6855
 14.267 -0.543 16.315 15.784-29.412-16.412 27.334 42.814 16.315
 -29.412 27.334 42.814  0.000  0.000  0.000  0.000 14.267  -0.54
 9 1761626 0 0 1 522525.685522526.9063
 14.551  0.138 15.784 15.953-16.412  0.163 42.814 43.959 15.784
 -16.412 42.814 46.932  0.000  2.126  0.000 18.608 14.551   0.07
 9 2762145 1 4 5 222526.906322527.7539
 13.919 -0.331 15.953 15.673  0.163 11.124 43.959 29.649 15.875
   0.163 46.932 30.890  2.126  0.021 18.608-31.588 14.008  -0.19
 9 37618 5 1 1 2 122527.753922528.7559
 14.450 -0.145 15.673 15.527 11.124 24.629 29.649 25.252 15.718
  11.200 30.890 25.252  2.148 -2.148-31.588  0.000 14.374  -0.19
 9 47618 8 0 0 1 122528.755922529.6699
 14.182  0.034 15.527 15.557 24.629 36.702 25.252 23.911 15.527
  24.629 25.252 23.911  0.000  0.000  0.000  0.000 14.182   0.03
 9 57616 6 0 0 1 122529.669922530.6895
 14.116  0.273 15.557 15.836 36.702 50.082 23.911 19.671 15.557
  36.702 23.911 19.671  0.000  0.000  0.000  0.000 14.116   0.27
1014761636 2 4 6 522568.691422569.7461
 12.512  1.021-26.609-27.686-11.225  0.925  0.189 18.450-26.926
  -8.673 16.038 29.894  6.573 -1.088 13.396  9.374 12.249   0.42
1014761636 2 4 6 522568.691422569.7461
 12.566  1.051-27.401-28.509-12.017  0.190  1.532  0.050-26.926
  -8.673 16.038 29.894  6.573 -1.088 13.396  9.374 12.249   0.42
1014761636 2 4 6 522568.691422569.7461
 12.930  0.663-27.811-28.509-12.400  0.190  6.183  0.050-26.926
  -8.673 16.038 29.894  6.573 -1.088 13.396  9.374 12.249   0.42
1014761636 1 1 2 122568.691422569.7461
 14.602  1.273 -9.173-10.514-35.106-20.753  1.735  0.627 -9.167
 -35.133  1.785  0.627  0.977 -0.977-11.868  0.000 14.627   1.28
1015761753 2 3 5 722569.746122570.7305
 13.809  0.639-26.232-26.862  9.076 21.712  6.308  0.628-27.369
   3.200 29.894 16.738  5.485  0.056  9.374 18.412 15.596   0.23
1015761753 2 3 5 722569.746122570.7305
 14.237  0.782-28.978-29.749  0.690 13.747  0.216  0.793-27.369
   3.200 29.894 16.738  5.485  0.056  9.374 18.412 15.596   0.23
1015761753 2 3 5 722569.746122570.7305
 13.327  0.288-27.686-27.969  0.925 13.086 18.450  1.855-27.369
   3.200 29.894 16.738  5.485  0.056  9.374 18.412 15.596   0.23
1015761753 0 0 1 522569.746122570.7305
 13.861 -0.334-10.514-10.185-20.753 -8.066  0.627  0.378-10.514
 -20.753  0.627  1.591  0.000  1.637  0.000-26.142 14.664   0.04
1025761758 0 0 1 422579.748022580.7461
 12.602 -1.409 31.434 30.030 33.782 45.357  8.923  2.437 31.434
  33.782  8.923 12.130  0.000  0.408  0.000-53.143 12.395  -0.99
1025761758 0 0 1 122579.748022580.7461
 13.254 -1.462 28.318 26.861 40.473 52.698  7.179  9.296 28.318
  40.473  7.179  9.296  0.000  0.000  0.000  0.000 13.254  -1.46
1026761752 3 1 4 222580.746122581.7402
 14.693 -0.412 30.194 29.784 44.933 58.565  2.799 27.084 30.445
  45.151 12.130 27.134  0.408  1.050-53.143 82.630 14.474  -0.66
1026761752 3 1 4 222580.746122581.7402
 14.462 -0.899 30.678 29.784 45.163 58.565  6.844 27.084 30.445
  45.151 12.130 27.134  0.408  1.050-53.143 82.630 14.474  -0.66
1118761942 1 1 2 122603.820322604.7734
 13.783 -0.324 11.469 11.160-45.640-33.447 16.047  7.576 11.467
 -45.649 16.097  7.576  2.758 -2.758-12.099  0.000 13.792  -0.32
1119761834 0 0 1 122604.773422605.7949
 14.342 -0.335 11.160 10.817-33.447-19.801  7.576 11.879 11.160
 -33.447  7.576 11.879  0.000  0.000  0.000  0.000 14.342  -0.34
1122761825 1 2 3 122607.767622608.7305
 14.272  0.269 10.579 10.838  5.722 18.511 27.864 23.300 10.535
   5.588 28.931 23.300  3.781 -3.781-18.680  0.000 14.412   0.32
1123761730 0 0 1 222608.730522609.7383
 14.306  0.040 10.838 10.878 18.511 31.935 23.300 20.177 10.838
  18.511 23.300 20.227  0.000  1.475  0.000-25.518 14.302   0.04
1124761742 1 1 2 222609.738322610.7148
 13.860 -0.267 10.878 10.617 31.935 44.508 20.177 24.193 10.877
  31.931 20.227 24.243  1.475  0.323-25.518-14.468 13.860  -0.27
1124761742 1 1 2 222609.738322610.7148
 13.434 -0.077 10.243 10.168 30.579 42.737  0.050  0.050 10.877
  31.931 20.227 24.243  1.475  0.323-25.518-14.468 13.860  -0.27
12 7761633 2 5 7 622622.689522623.8125
 14.489 -0.231  5.415  5.155-37.351-22.175  1.436  2.923  5.729
 -39.011  3.961  5.955  3.997 -0.101 16.174 21.624 14.324   0.07
12 7761633 2 5 7 622622.689522623.8125
 14.921 -0.004  5.159  5.155-37.836-22.175  1.028  2.923  5.729
 -39.011  3.961  5.955  3.997 -0.101 16.174 21.624 14.324   0.07
12 7761633 2 5 7 622622.689522623.8125
 14.687 -0.188  4.891  4.680-39.340-23.941  0.102  0.185  5.729
 -39.011  3.961  5.955  3.997 -0.101 16.174 21.624 14.324   0.07
12 7761633 2 5 7 622622.689522623.8125
 14.540  0.017  6.280  6.299-41.713-26.480  0.574  0.182  5.729
 -39.011  3.961  5.955  3.997 -0.101 16.174 21.624 14.324   0.07
12 7761633 2 5 7 622622.689522623.8125
 14.391  0.099  6.728  6.840-41.504-26.438  0.721  1.774  5.729
 -39.011  3.961  5.955  3.997 -0.101 16.174 21.624 14.324   0.07
12 7761633 2 5 7 622622.689522623.8125
 14.179 -0.123  6.437  6.299-41.307-26.480  0.050  0.182  5.729
 -39.011  3.961  5.955  3.997 -0.101 16.174 21.624 14.324   0.07
12 8761930 2 4 6 622623.812522624.7656
 15.971 -0.318  6.840  6.537-26.438-12.168  1.774  0.492  5.813
 -24.020  5.955 20.009  3.896 -0.205 21.624 24.873 16.716  -1.12
12 8761930 2 4 6 622623.812522624.7656
 15.538 -0.002  6.299  6.297-26.480-12.621  0.182  0.050  5.813
 -24.020  5.955 20.009  3.896 -0.205 21.624 24.873 16.716  -1.12
12 9761822 1 5 6 822624.765622625.7207
 14.074 -0.128  4.685  4.563 -8.911  3.608 19.241  2.516  4.744
  -9.040 20.009 36.967  3.691 -0.615 24.873 22.477 14.226   0.17
12 9761822 1 5 6 822624.765622625.7207
 14.083  0.273  5.020  5.281-12.496  0.031  0.126  0.050  4.744
  -9.040 20.009 36.967  3.691 -0.615 24.873 22.477 14.226   0.17
12 9761822 1 5 6 822624.765622625.7207
 14.022 -0.097  6.537  6.444-12.168  0.302  0.492  4.940  4.744
  -9.040 20.009 36.967  3.691 -0.615 24.873 22.477 14.226   0.17
12 9761822 1 5 6 822624.765622625.7207
 14.398  0.013  6.856  6.869-12.945 -0.116  0.050  0.050  4.744
  -9.040 20.009 36.967  3.691 -0.615 24.873 22.477 14.226   0.17
12 9761822 1 5 6 822624.765622625.7207
 14.496  0.153  6.297  6.444-12.621  0.302  0.050  4.940  4.744
  -9.040 20.009 36.967  3.691 -0.615 24.873 22.477 14.226   0.17
1210761719 1 7 8 822625.720722626.7637
 14.067 -1.080  4.563  3.436  3.608 17.257  2.516  0.010  4.907
   3.624 36.967 26.003  3.075  1.198 22.477 22.536 14.381  -0.60
1210761719 1 7 8 822625.720722626.7637
 13.326 -1.111  4.595  3.436  4.381 17.257 27.151  0.010  4.907
   3.624 36.967 26.003  3.075  1.198 22.477 22.536 14.381  -0.60
1210761719 1 7 8 822625.720722626.7637
 13.893 -1.009  6.444  5.392  0.302 13.769  4.940  0.248  4.907
   3.624 36.967 26.003  3.075  1.198 22.477 22.536 14.381  -0.60
1210761719 1 7 8 822625.720722626.7637
 13.836 -1.401  6.869  5.407 -0.116 13.292  0.050  0.050  4.907
   3.624 36.967 26.003  3.075  1.198 22.477 22.536 14.381  -0.60
1214761810 1 2 3 322629.757822630.7402
 15.930 -0.361-25.874-25.518 23.724 38.423  7.182  2.652-26.950
  22.888 18.134  7.064  2.169  0.399 55.288 36.588 15.319  -0.49
1215761745 2 1 3 122630.740222631.7402
 14.256  0.326-25.518-25.844 38.423 51.688  2.652  5.261-26.464
  36.986  7.064  5.261  2.568 -2.568 36.588  0.000 15.694  -0.62
1215761745 2 1 3 122630.740222631.7402
 15.077  0.274-25.571-25.844 37.603 51.688  0.050  5.261-26.464
  36.986  7.064  5.261  2.568 -2.568 36.588  0.000 15.694  -0.62
1215761745 0 0 1 122630.740222631.7402
 13.784  0.155 12.086 12.241-50.204-37.410 21.603 19.438 12.086
 -50.204 21.603 19.438  0.000  0.000  0.000  0.000 13.784   0.15
1216761745 2 1 3 222631.740222632.7480
 13.913 -0.449-27.870-27.416 45.867 58.915  0.050  2.835-28.428
  45.082  4.603  2.885  2.203 -0.566 63.029 39.449 14.666  -0.98
1216761745 2 1 3 222631.740222632.7480
 13.749 -0.785-29.248-28.456 44.608 57.491  2.680  0.050-28.428
  45.082  4.603  2.885  2.203 -0.566 63.029 39.449 14.666  -0.98
1216761745 0 0 1 122631.740222632.7480
 14.247  0.167 12.241 12.410-37.410-24.025 19.438 13.811 12.241
 -37.410 19.438 13.811  0.000  0.000  0.000  0.000 14.247   0.17
1217761758 0 0 1 122632.748022633.7695
 14.308 -0.650 12.410 11.746-24.025-10.431 13.811 17.133 12.410
 -24.025 13.811 17.133  0.000  0.000  0.000  0.000 14.308  -0.65
1218761827 0 0 1 222633.769522634.7090
 14.053 -0.319 11.746 11.446-10.431  1.869 17.133 20.638 11.746
 -10.431 17.133 20.767  0.000  0.494  0.000 61.162 14.051  -0.32
12197617 2 1 1 2 222634.709022635.7891
 13.992 -0.357 11.446 11.061  1.869 15.901 20.638 10.899 11.449
   1.868 20.767 10.949  0.494 -0.066 61.162 46.756 13.992  -0.36
12197617 2 1 1 2 222634.709022635.7891
 13.940 -0.469 11.879 11.372  1.626 15.603  0.129  0.050 11.449
   1.868 20.767 10.949  0.494 -0.066 61.162 46.756 13.992  -0.36
1220761855 1 1 2 222635.789122636.7285
 14.361 -0.104 11.061 10.964 15.901 28.492 10.899 11.304 11.062
  15.900 10.949 11.405  0.428  1.448 46.756  6.899 14.345  -0.10
1220761855 1 1 2 222635.789122636.7285
 14.678 -0.435 11.372 10.964 15.603 28.492  0.050 11.304 11.062
  15.900 10.949 11.405  0.428  1.448 46.756  6.899 14.345  -0.10
