 217781833 1 3 4 323059.773423060.7148
 14.584  0.678 18.917-37.720-24.919 10.492 12.159-12.854 -0.808
 -37.305-39.392 19.007 18.556  8.407  2.085-24.562-25.843   5.39
 217781833 3 2 5 323059.773423060.7148
 14.716  0.628 29.024-12.709  0.216 25.933 33.115-14.864  0.357
 -12.192-14.634 29.144 28.578 20.440  5.493  0.580 -2.372  15.58
 2187817 7 0 0 11623060.714823061.7090
 11.415  0.411 19.926-57.226-46.849 15.551 20.127  0.000  0.000
   0.000  0.000  0.000  0.000  0.000  0.000  0.000-50.838   0.00
 2187817 7 1 2 31023060.714823061.7090
 12.781 -0.373 19.555-24.919-13.184 12.159  9.285 -7.468  0.947
 -24.562-25.843 19.600 19.441  8.769  3.391-11.815-14.019  23.33
 2187817 7 2 1 3 823060.714823061.7090
 12.366 -0.121 29.615  0.216 11.539 33.115 42.006  0.717  1.867
   0.580 -2.372 29.611 29.643 29.037  4.078 12.626  7.599   8.54
 2197817 0 610161723061.709023062.7676
 13.161  0.822 20.334-46.849-33.958 20.127 14.627 20.785  2.893
 -43.450-50.838 19.124 21.754 10.867  9.260-30.031-39.903   5.94
 2197817 0 5 510 823061.709023062.7676
 13.436  0.863 19.185-13.184 -0.002  9.285  5.757 15.861  0.476
 -11.815-14.019 18.818 19.409  3.519  5.766  0.660 -1.067  36.24
 2197817 0 2 6 8 223061.709023062.7676
 14.268 -0.128 29.495 11.539 25.601 42.006 24.341  9.257 -3.592
  12.626  7.599 29.340 30.054 32.916  9.091 25.604 25.585 -98.14
 220781823 0 0 1 123062.767623063.7793
 14.394 -0.317 18.142 -7.177  6.395  0.847  0.278  0.000  0.000
   0.000  0.000  0.000  0.000  0.000  0.000  0.000  0.000   0.00
 220781823 7 1 8 623062.767623063.7793
 13.809 -0.055 20.098 -0.002 12.977  5.757 13.282 52.098 -0.029
   0.660 -1.067 19.298 21.382  3.548  2.209 13.927 12.151  -1.80
 220781823 1 1 2 223062.767623063.7793
 13.478 -0.340 29.359 25.601 38.246 24.341 27.367-88.884  0.128
  25.604 25.585 29.483 28.642 20.755  3.586 38.288 37.781  26.13
 221781841 0 0 1 223063.779323064.7637
 13.866  0.233-20.089-57.745-45.038 14.214 12.779  0.000  0.000
   0.000  0.000  0.000  0.000  0.000  0.000  0.000-49.732   0.00
 221781841 1 1 2 223063.779323064.7637
 12.995 -0.166 39.027-47.270-35.423 21.144 10.291-30.908 -0.207
 -46.710-47.618 39.287 38.865  8.090 13.053-35.227-35.615 -29.65
 221781841 0 0 1 223063.779323064.7637
 14.543  0.305 17.821  6.395 19.768  0.278  0.375  0.000  0.000
   0.000  0.000  0.000  0.000  0.000  0.000  0.000 18.404   0.00
 221781841 4 2 6 523063.779323064.7637
 14.855 -0.135 20.042 12.977 26.659 13.282 24.709 50.293  1.128
  13.927 12.151 18.968 20.977  6.182  7.100 27.452 24.284 -13.09
 221781841 1 1 2 323063.779323064.7637
 13.737  0.611 29.015 38.246 50.825 27.367 27.607-62.750  0.092
  38.288 37.781 29.087 28.225 25.086  2.281 50.833 49.855  26.00
 222781821 1 1 2 523064.763723065.7422
 13.009  0.120-20.319-45.038-33.279 12.779 21.377 16.358 -2.363
 -45.020-49.732-20.314-21.611 12.729  0.050-32.910-35.223  -1.46
 222781821 1 1 2 223064.763723065.7422
 12.997 -0.148 38.863-35.423-23.675 10.291  1.671-60.557  1.531
 -35.227-35.615 39.133 38.598  5.103  5.188-23.663-23.815 -26.28
 222781821 612182623064.763723065.7422
 15.531 -0.857 20.337 -7.121  7.105 27.098 27.396 17.869 -0.264
  -2.432-11.503 18.919 21.661 13.090 14.008 10.616  2.039   3.36
 222781821 2 3 5 423064.763723065.7422
 14.666 -0.869 19.908 26.659 40.039 24.709 22.392 37.201  0.471
  27.452 24.284 19.343 21.603 18.528  6.181 40.297 36.424  -7.60
 314781730 1 1 2 223084.728523085.6660
 13.526 -0.028-31.057 -8.386  3.356 13.157 26.037 25.771  1.629
  -8.100 -8.589-30.938-31.141  5.459  7.699  3.359  1.572  17.22
 314781730 1 1 2 823084.728523085.6660
 15.048 -0.200-34.924-21.914 -8.747  5.436 16.086  1.696  3.569
 -21.415-22.575-34.912-34.940  3.100  2.336 -4.691-10.175  -6.08
 314781730 0 0 1 123084.728523085.6660
 13.271  0.075 31.019-58.504-47.001  8.202 14.027  0.000  0.000
   0.000  0.000  0.000  0.000  0.000  0.000  0.000  0.000   0.00
 314781730 1 1 2 623084.728523085.6660
 14.004  0.103 14.761 27.205 39.394 27.718 84.455-34.472  0.273
  27.619 26.979 15.036 14.611  9.805 17.913 40.194 39.210  12.70
 315781558 3 1 4 123085.666023086.7617
 13.899  0.008 -1.043 42.448 56.601  5.049  2.017 50.177 -0.505
  42.705 42.381 -0.735 -1.123  1.041  4.009  0.000  0.000   0.00
 315781558 2 4 6 423085.666023086.7617
 13.562 -0.204 14.858 39.394 53.177 84.455 85.793-21.776  0.005
  40.194 39.210 15.167 14.787 15.771 68.684 54.113 53.087   6.44
 315781558 1 1 2 223085.666023086.7617
 13.308  0.120-31.031  3.356 16.861 26.037 41.788 42.993 -0.847
   3.359  1.572-31.028-32.456 25.987  0.050 16.886 15.690  -8.22
 315781558 4 4 8 723085.666023086.7617
 11.916  0.193-34.737 -8.747  3.233 16.086 20.828 -4.381 -3.478
  -4.691-10.175-34.993-34.647  4.187 11.899  3.815  2.563  14.18
 315781558 1 2 3 423085.666023086.7617
 14.014 -0.234 17.999-51.754-37.475  5.166  5.272 -7.696 -1.644
 -47.722-51.956 18.517 17.973  0.247  4.920-35.536-37.695  39.52
 315781558 0 0 1 223085.666023086.7617
 12.883 -0.355 31.089-47.001-33.962 14.027  3.697  0.000  0.000
   0.000  0.000  0.000  0.000  0.000  0.000  0.000-34.233   0.00
 327781725 2 911 223097.726623098.7422
 16.576 -1.028-31.110 36.515 52.355 12.656 10.771 20.342 -4.434
  38.523 33.027-30.473-32.218  8.033  4.624 52.361 52.140 -91.18
 327781725 2 1 3 123097.726623098.7422
 15.000 -0.619-19.298  1.897 16.136  0.150  1.257 55.595 -0.973
   2.092  1.509-19.030-19.833  0.100  0.050  0.000  0.000   0.00
 327781725 0 0 1 123097.726623098.7422
 13.643  0.132 12.773 27.462 40.322  3.730  2.897  0.000  0.000
   0.000  0.000  0.000  0.000  0.000  0.000  0.000  0.000   0.00
 4107819 2 5 6111823111.793023112.8223
 15.418 -0.128-26.710 34.539 49.382 28.856 16.749 24.371 -1.689
  37.096 31.063-25.676-28.117 16.625 12.230 51.151 46.910   1.80
 4107819 2 0 0 1 123111.793023112.8223
 13.932 -0.301-29.128  0.469 13.784  4.747  3.674  0.000  0.000
   0.000  0.000  0.000  0.000  0.000  0.000  0.000  0.000   0.00
 4107819 2 1 1 2 423111.793023112.8223
 12.514  1.087-33.566-26.525-14.668  1.757  1.212 -3.232  0.603
 -25.646-26.943-33.607-33.546  0.567  1.190-12.944-14.973  11.51
 4107819 2 0 0 11023111.793023112.8223
 15.263 -0.494 19.320-30.391-15.708  0.225  9.446  0.000  0.000
   0.000  0.000  0.000  0.000  0.000  0.000  0.000-17.904   0.00
 426781822 0 0 1 223127.765623128.7441
 14.381  0.343-26.571 16.207 29.305  0.050 10.895  0.000  0.000
   0.000  0.000  0.000  0.000  0.000  0.000  0.000 29.292   0.00
 5 2781933 1 2 31223133.814523134.7656
 11.382  0.193-27.059-52.425-42.541 24.713 16.811-13.237  1.841
 -49.505-53.465-27.671-26.842  6.491 18.222-40.725-46.843   7.92
 5 2781933 1 2 3 623133.814523134.7656
 12.273 -0.798 16.564-51.654-40.924 24.627 22.174-24.548  0.091
 -51.240-55.309 16.746 14.964 22.120  2.508-38.684-42.792  -0.93
 5 2781933 9 211 723133.814523134.7656
 12.175 -0.282 22.409 16.568 27.205 27.574 35.401  4.832  0.005
  18.598 14.393 22.250 22.579 14.260 13.313 30.713 26.497  -6.31
 5 2781933 1 4 51723133.814523134.7656
 16.389 -2.874 23.586 32.320 46.964 48.001 79.402 58.364  2.862
  33.969 31.273 21.134 25.144 18.647 29.354 52.585 45.258 -33.08
 5 2781933 4 1 51723133.814523134.7656
 13.876  2.184 18.778 34.710 46.964 19.675 79.402 14.080  3.288
  35.609 31.221 18.564 19.607 15.642  4.033 52.585 45.258  11.20
 5 3781822 8 412 823134.765623135.7520
 13.804  0.086-27.243-42.541-29.901 16.811 42.863 -5.317  0.587
 -40.725-46.843-27.393-26.887 11.820  4.991-27.133-33.830  -5.11
 5 3781822 4 2 6 523134.765623135.7520
 16.427  1.154 15.805-40.924-25.698 22.174 42.988-25.474  0.492
 -38.684-42.792 16.832 14.949 10.081 12.093-24.657-29.492   7.19
 5 3781822 4 3 7 723134.765623135.7520
 14.919  0.724 22.140 27.205 40.945 35.401 28.183 -1.481 -0.732
  30.713 26.497 22.224 22.123  5.946 29.456 42.956 39.658 -15.33
 5 3781822 61117 523134.765623135.7520
 14.191 -1.426 20.854 46.964 59.985 79.402 22.937 25.280 -6.062
  52.585 45.258 18.374 21.607 18.486 60.917 60.350 59.884  47.80
 5 47818 2 5 3 81323135.752023136.7969
 12.926 -0.014-27.328-29.901-17.422 42.863 19.401-10.430 -0.652
 -27.133-33.830-27.780-26.685 25.146 17.717-14.229-20.188  -0.78
 5 47818 2 1 4 5 523135.752023136.7969
 12.921 -0.536 16.943-25.698-13.224 42.988  8.505-18.282 -0.256
 -24.657-29.492 17.272 15.744 33.736  9.251-11.033-15.555  -1.64
 5 47818 2 3 4 7 923135.752023136.7969
 14.877 -1.397 22.855 40.945 55.463 28.183 31.766-16.809  2.416
  42.956 39.658 23.414 22.496 10.997 17.186 58.496 52.714  32.42
 5 57819 7 7 613 823136.796923137.7832
 15.572  0.159-27.313-17.422 -3.038 19.401 22.882-11.214 -0.200
 -14.229-20.188-27.876-26.826  9.005 10.396 -1.740 -7.482  -0.20
 5 57819 7 3 2 5 123136.796923137.7832
 16.788  1.245 16.382-13.224  2.360  8.505  4.918-19.919 -4.614
 -11.033-15.555 17.144 15.572  4.385  4.120  0.000  0.000   0.00
 5 6781847 4 4 8 523137.783223138.7500
 14.106  0.146-27.469 -3.038  9.654 22.882 20.645-11.412  0.005
  -1.740 -7.482-27.702-26.673 17.710  5.172 10.743  5.079  -3.86
 5 6781847 1 3 4 323137.783223138.7500
 14.052 -0.851 17.064-52.078-39.438 15.514 10.165 24.893 -0.402
 -50.659-52.566 16.435 17.281  3.969 11.545-37.949-39.521  -4.76
 5 6781847 0 0 1 123137.783223138.7500
 13.490  0.046 17.610  2.360 14.456  4.918  4.503  0.000  0.000
   0.000  0.000  0.000  0.000  0.000  0.000  0.000  0.000   0.00
 5 77818 0 3 2 5 223138.750023139.7598
 12.884 -0.599-27.610  9.654 21.668 20.645 10.472-15.274 -0.543
  10.743  5.079-27.874-26.504 16.673  3.971 22.771 17.955  -7.67
 5 77818 0 1 2 3 223138.750023139.7598
 14.743  0.059 16.241-39.438-25.547 10.165  6.553 20.134 -0.499
 -37.949-39.521 15.717 16.270  0.536  9.628-24.989-26.104  -5.15
 5 77818 0 4 1 5 423138.750023139.7598
 13.740  0.545 16.471-50.464-37.586 22.188 16.095-25.986 -0.283
 -47.410-51.226 17.899 16.115  4.432 17.756-34.721-38.449   6.21
 5 77818 0 0 0 1 123138.750023139.7598
 14.198  0.377 17.654 14.456 27.796  4.503  7.514  0.000  0.000
   0.000  0.000  0.000  0.000  0.000  0.000  0.000  0.000   0.00
 5 8781814 1 1 2 123139.759823140.7207
 15.181  0.971-27.006 21.668 35.301 10.472  4.098-22.940 -4.659
  22.771 17.955-27.422-25.606  8.073  2.399  0.000  0.000   0.00
 5 8781814 3 1 4 123139.759823140.7207
 13.496 -0.618 17.022-37.586-25.570 16.095 15.659-19.772 -3.789
 -34.721-38.449 18.006 16.725  3.729 12.366  0.000  0.000   0.00
 5 8781814 1 1 2 323139.759823140.7207
 14.325 -0.677 16.301-25.547-12.736  6.553  4.993 14.986 -0.314
 -24.989-26.104 16.157 16.444  3.275  3.278-12.140-12.963 -19.08
 5 8781814 0 0 1 123139.759823140.7207
 14.446 -0.512 18.035 27.796 40.724  7.514  6.216  0.000  0.000
   0.000  0.000  0.000  0.000  0.000  0.000  0.000  0.000   0.00
 5 9781717 0 0 1 123140.720723141.7363
 13.784 -0.328-27.939 35.301 48.313  4.098  2.687  0.000  0.000
   0.000  0.000  0.000  0.000  0.000  0.000  0.000  0.000   0.00
 5 9781717 3 3 6 323140.720723141.7363
 15.843  0.737-19.810-52.949-37.843 21.121 16.950 -8.311 -3.790
 -51.653-56.710-19.988-19.293 15.711  5.410-37.771-37.895  91.74
 5 9781717 0 0 1 223140.720723141.7363
 14.203  0.077 16.428-25.570-12.133 15.659 18.565  0.000  0.000
   0.000  0.000  0.000  0.000  0.000  0.000  0.000-14.759   0.00
 5 9781717 1 2 3 223140.720723141.7363
 14.332  0.389 15.650-12.736  0.833  4.993  5.487 -4.095 -0.037
 -12.140-12.963 15.691 15.634  1.379  3.614  1.454  0.780  35.25
 5 9781717 0 0 1 123140.720723141.7363
 14.243  0.179 17.543 40.724 54.203  6.216 11.857  0.000  0.000
   0.000  0.000  0.000  0.000  0.000  0.000  0.000  0.000   0.00
 510781741 2 1 31523141.736323142.7090
 11.663  0.035-20.559-37.843-27.470 16.950 16.782 83.429  3.698
 -37.771-37.895-19.970-20.981  7.072  9.878-24.981-29.970 -75.48
 510781741 1 1 21523141.736323142.7090
 17.128  1.260-19.369-43.152-27.470  4.206 16.782 74.062  3.257
 -43.135-43.560-19.312-20.715  4.036  0.171-24.981-29.970 -66.11
 510781741 1 1 2 123141.736323142.7090
 14.025  0.013 16.507-12.133  0.535 18.565  9.815-15.053 -2.659
 -12.081-14.759 16.520 15.830 18.203  0.362  0.000  0.000   0.00
 510781741 1 1 2 223141.736323142.7090
 13.634  0.007 16.046  0.833 13.122  5.487  2.264 31.159 -0.155
   1.454  0.780 15.685 16.077  0.437  5.050 13.662 13.069 -12.04
 5117817 0 9 615 423142.709023143.8125
 16.842  0.221-20.593-27.470 -9.961 16.782 14.099  7.951 -1.698
 -24.981-29.970-20.268-20.920  8.411  8.371 -7.798-11.019  -3.91
 5117817 0 0 0 1 123142.709023143.8125
 14.416  0.410 16.519  0.535 15.365  9.815 19.978  0.000  0.000
   0.000  0.000  0.000  0.000  0.000  0.000  0.000  0.000   0.00
 5117817 0 1 1 2 223142.709023143.8125
 14.241  0.236 16.053 13.122 27.759  2.264  0.506 19.121  2.153
  13.662 13.069 15.873 16.070  0.201  2.063 29.883 27.526 -53.94
 5177820 8 0 0 11123148.839823149.7988
 14.945 -1.755-30.161-17.517 -4.138  7.124  6.574  0.000  0.000
   0.000  0.000  0.000  0.000  0.000  0.000  0.000 -6.392   0.00
 5177820 8 0 0 1 123148.839823149.7988
 13.806 -0.040 11.685-10.843  1.444 12.001  8.493  0.000  0.000
   0.000  0.000  0.000  0.000  0.000  0.000  0.000  0.000   0.00
 5177820 8 0 0 1 323148.839823149.7988
 13.869  0.812 22.171  6.351 18.698  6.465  6.070  0.000  0.000
   0.000  0.000  0.000  0.000  0.000  0.000  0.000 18.023   0.00
 5177820 8 1 2 3 423148.839823149.7988
 13.503  0.441 18.760 17.935 29.932  4.706  5.364 15.596 -0.446
  17.997 15.097 18.743 19.510  4.606  0.100 30.103 27.816  10.51
 5267819 7 2 1 3 223157.796923158.7852
 13.972 -0.088-16.102 -7.434  5.400 12.915 12.911-18.655  0.881
  -5.804 -7.447-16.630-16.098  0.100 12.815  7.751  5.337  -5.67
 5267819 7 5 611 223157.796923158.7852
 16.370  0.240 19.371-45.115-29.910 28.009  9.228-15.510 -0.644
 -43.864-46.738 19.699 18.946 15.812 12.197-29.888-31.497 -30.19
 5267819 7 2 1 3 223157.796923158.7852
 13.811 -0.476 24.784-20.177 -7.501 17.093 15.498-55.126  0.215
 -18.555-20.341 26.896 24.571  1.570 15.523 -5.118 -7.534  11.34
 5267819 7 1 1 2 123157.796923158.7852
 16.726 -0.447 17.326-11.253  4.304  5.103  0.050 88.505 -1.992
 -11.247-11.301 17.108 19.099  4.544  0.558  0.000  0.000   0.00
 5267819 7 2 7 9 523157.796923158.7852
 12.934 -0.161 17.257  0.214 12.024 57.441 24.329 -5.810  0.530
   2.949 -3.333 17.523 16.912 32.434 25.007 16.618  9.816  -1.84
 5267819 7 2 3 5 423157.796923158.7852
 13.432  0.188 21.710  8.539 20.840 11.296 19.557 15.269  0.401
   9.407  5.521 21.490 22.476  8.772  2.524 22.527 18.284   2.94
 527781850 1 1 2 423158.785223159.6914
 16.555  1.302-16.015  5.400 19.512 12.911  3.997-24.330  0.387
   7.751  5.337-17.036-15.987  0.341 12.570 19.908 17.102   0.37
 527781850 1 1 2 123158.785223159.6914
 13.772 -0.034 24.314 -7.501  4.089 15.498 14.713-43.783 -3.050
  -5.118 -7.534 26.395 24.285  0.216 15.282  0.000  0.000   0.00
 527781850 2 3 51923158.785223159.6914
 16.482  1.826 17.098 12.024 26.068 24.329 79.775 -7.649  1.448
  16.618  9.816 17.688 16.814  7.896 16.433 29.396 21.711 -17.02
 528781635 1 3 4 623159.691423160.6992
 14.589 -1.182-17.195 19.512 33.240  3.997  7.300-23.963  1.598
  19.908 17.102-17.363-16.171  3.433  0.564 35.745 31.052  29.41
 528781635 0 0 1 423159.691423160.6992
 14.838  0.404-23.262-38.470-24.491  9.518  6.165  0.000  0.000
   0.000  0.000  0.000  0.000  0.000  0.000  0.000-24.737   0.00
 528781635 7 5121623159.691423160.6992
 14.286  0.189 21.207-22.515 -9.092 18.851 19.588 24.721 -3.238
 -18.752-24.218 19.592 21.938  5.875 12.976 -7.638 -9.910   2.19
 528781635 0 0 1 223159.691423160.6992
 14.199 -0.134 24.283  4.089 17.424 14.713 12.993  0.000  0.000
   0.000  0.000  0.000  0.000  0.000  0.000  0.000 15.640   0.00
 52878163510 9191823159.691423160.6992
 15.610 -0.642 18.753 26.068 40.827 79.775 60.564-24.670 -2.886
  29.396 21.711 20.200 16.858 45.229 34.546 43.482 38.402   5.21
 529781648 2 4 6 823160.699223161.7012
 17.240  0.435-16.002 33.240 49.519  7.300 12.115  5.448 -0.988
  35.745 31.052-15.772-16.203  3.404  3.896 50.909 47.292   6.29
 529781648 3 3 6 823160.699223161.7012
 14.584  0.609-16.531 14.927 28.546  6.366  8.412 20.089  1.221
  15.933 12.369-16.178-17.428  4.568  1.798 30.826 26.197   4.36
 529781648 0 0 1 123160.699223161.7012
 11.273  1.501-18.514  4.336 14.640  0.941  1.614  0.000  0.000
   0.000  0.000  0.000  0.000  0.000  0.000  0.000  0.000   0.00
 529781648 3 1 4 223160.699223161.7012
 13.434  0.622-23.670-24.491-12.023  6.165  1.987 31.839 -0.274
 -24.113-24.737-23.455-23.810  2.436  3.730-11.680-12.114 -39.89
 529781648 8 8161223160.699223161.7012
 13.476 -0.342 21.398 -9.092  3.417 19.588 36.428 26.907  0.092
  -7.638 -9.910 20.711 21.785  7.048 12.540  4.644  2.190  -5.27
 529781648 1 1 2 123160.699223161.7012
 14.180 -0.502 24.148 17.424 30.638 12.993 16.813  5.152 -1.640
  17.430 15.640 24.147 24.295 12.943  0.050  0.000  0.000   0.00
 529781648 51318 723160.699223161.7012
 12.208 -1.222 18.105 40.827 52.067 60.564 24.694-19.458 -0.028
  43.482 38.402 18.996 17.290 28.918 31.646 53.999 48.788   7.65
 530781650 4 4 8 723161.701223162.7070
 13.587 -0.214-17.140 28.546 41.211  8.412 14.398 24.451  0.331
  30.826 26.197-16.150-18.161  4.269  4.143 44.181 38.975  -8.08
 530781650 0 0 1 123161.701223162.7070
 14.006 -0.633-25.516-23.133-10.047  0.592  2.894  0.000  0.000
   0.000  0.000  0.000  0.000  0.000  0.000  0.000  0.000   0.00
 530781650 9 3121523161.701223162.7070
 15.209  0.651 21.056  3.417 17.712 36.428 45.995 21.639  1.914
   4.644  2.190 20.602 21.510 18.216 18.212 19.948 15.940  10.09
 530781650 0 0 1 223161.701223162.7070
 13.250  0.902 23.645 30.638 42.964 16.813 23.252  0.000  0.000
   0.000  0.000  0.000  0.000  0.000  0.000  0.000 41.847   0.00
 531781657 3 4 71023162.707023163.6953
 13.574  0.119-16.925 41.211 53.662 14.398 15.205 16.366  0.810
  44.181 38.975-16.091-17.553  6.184  8.214 58.165 52.030  -4.18
 531781657 1 2 3 423162.707023163.6953
 14.076 -0.587-17.852 31.170 44.118  8.051  4.940 21.728 -1.143
  31.249 28.253-17.822-18.958  7.839  0.212 44.875 42.895 -32.71
 531781657 0 0 1 323162.707023163.6953
 11.640  1.586-24.880-10.047  0.492  2.894  4.687  0.000  0.000
   0.000  0.000  0.000  0.000  0.000  0.000  0.000  0.086   0.00
 531781657 6 9151823162.707023163.6953
 14.327 -0.146 21.711 17.712 30.908 45.995 34.715 31.728  0.824
  19.948 15.940 20.426 22.729 20.337 25.658 33.995 28.497 -21.08
 531781657 1 1 2 923162.707023163.6953
 13.658  0.285 24.552 42.964 55.499 23.252 31.010 66.575  0.567
  43.261 41.847 23.928 26.897 18.370  4.882 56.137 53.337 -18.53
 6 1781641 2 1 3 623163.695323164.9082
 16.705 -1.257-26.449  0.492 19.577  4.687  8.956 35.188  2.315
   2.150  0.086-25.402-26.705  0.923  3.764 20.661 16.333  -4.21
 6 1781641 0 0 1 323163.695323164.9082
 15.081  0.376-21.466-27.328-10.215  2.881 10.243  0.000  0.000
   0.000  0.000  0.000  0.000  0.000  0.000  0.000-11.743   0.00
 6 1781641 71118 923163.695323164.9082
 15.963  0.224 21.566 30.908 49.092 34.715 34.108 10.644  0.607
  33.995 28.497 21.026 21.987 15.219 19.496 51.491 45.328  -0.62
 6 2782149 2 4 6 923164.908223165.8379
 13.244  0.188-24.922 19.577 30.970  8.956 25.628 30.975  0.096
  20.661 16.333-24.332-26.688  6.713  2.243 32.638 28.013  -4.65
 6 2782149 2 1 3 123164.908223165.8379
 15.069 -0.299-21.923-10.215  2.873 10.243  1.846 24.681 -2.485
  -9.309-11.743-21.536-22.574  6.428  3.815  0.000  0.000   0.00
 6 6781643 0 0 1 123168.697323169.9063
 14.961 -0.397-15.231 36.951 53.862  6.519  0.603  0.000  0.000
   0.000  0.000  0.000  0.000  0.000  0.000  0.000  0.000   0.00
 6 8782115 2 2 4 723170.886723171.8965
 13.120 -0.757 17.336-56.847-44.582  6.662 10.136-14.418  1.779
 -56.456-58.901 17.432 16.832  5.598  1.064-42.674-46.905  -0.09
 6 9782130 3 4 7 323171.896523172.8516
 16.207  0.703 16.571-44.582-30.044 10.136  4.822-14.508 -3.697
 -42.674-46.905 17.044 15.995  5.564  4.572-29.657-30.149  31.65
 6 9782130 1 3 4 723171.896523172.8516
 14.945 -0.546 16.744-15.113 -1.780  4.740 11.306-22.274  2.261
 -14.705-16.154 16.904 16.336  3.406  1.335 -0.833 -4.750  22.74
 610782026 3 4 7 623172.851623173.9121
 15.816  0.043 16.223 -1.780 13.951 11.306 35.567  0.469 -0.952
  -0.833 -4.750 16.215 16.246  8.575  2.732 15.547 12.742  16.04
 614781943 0 6 6 223176.822323177.7266
 16.954 -1.566 16.269 13.951 28.405 35.567 13.778 26.488-36.739
   0.000-34.336  0.000 16.425  1.000  3.341 28.458 28.387  10.81
 615781726 1 1 2 723177.726623178.7090
 12.210 -2.023 18.371-27.277-16.250  5.923  5.295-22.749  1.863
 -26.882-27.553 18.528 18.261  2.440  3.483-14.006-16.667  21.43
 6167817 0 3 4 7 823178.709023179.7246
 16.242  2.265 16.384-16.250 -0.746  5.295 12.283 -1.321 -1.507
 -14.006-16.667 16.434 16.375  0.829  4.466 -0.391 -1.473  12.89
 6167817 0 2 2 4 523178.709023179.7246
 16.210  2.289 14.555 -6.321  9.152  1.566  8.232 30.180 -1.082
  -6.049-10.299 14.402 16.794  1.466  0.100  9.527  5.688 -32.13
 6167817 0 4 1 5 323178.709023179.7246
 16.882  2.857 21.401 17.184 33.339  5.739  7.576-28.524  1.578
  18.657 17.027 22.146 21.321  0.554  5.185 35.162 31.731  47.42
 617781722 7 613 723179.724623180.6738
 14.225  0.071-23.957-38.651-26.088 25.372 10.923 24.243 -0.041
 -37.815-39.880-23.612-24.462 15.092 10.279-24.999-26.946   4.48
 617781722 2 3 5 823179.724623180.6738
 11.699  0.397 16.880  9.152 19.319  8.232 15.648 -1.950  5.604
   9.527  5.688 16.893 16.768  7.427  0.806 23.289 13.713  11.75
 617781722 2 1 3 123179.724623180.6738
 11.616  0.261 24.304 33.339 43.428  7.576  2.475 18.898 -3.306
  35.162 31.731 23.735 24.805  3.550  4.026  0.000  0.000   0.00
 6187816 8 5 2 7 923180.673823181.7188
 14.114  0.618-24.024-26.088-12.362 10.923  3.713 28.723  0.843
 -24.999-26.946-23.479-24.454  4.817  6.107-11.139-13.415  15.21
 6187816 8 0 0 1 223180.673823181.7188
 13.748 -0.061 18.671-56.333-42.990 12.165  9.389  0.000  0.000
   0.000  0.000  0.000  0.000  0.000  0.000  0.000-45.917   0.00
 6187816 8 0 0 1 123180.673823181.7188
 13.640 -0.156 31.546-52.602-39.371  2.367  0.050  0.000  0.000
   0.000  0.000  0.000  0.000  0.000  0.000  0.000  0.000   0.00
 6187816 8 4 4 8 823180.673823181.7188
 16.935 -0.688 17.257 19.319 35.993 15.648 17.202  9.795 -5.227
  23.289 13.713 16.603 18.182  9.161  6.487 37.621 33.406  -5.20
 619781714 5 4 9 923181.718823182.6641
 13.450  0.280-24.670-12.362 -0.559  3.713  5.605 43.931 -0.464
 -11.139-13.415-23.600-25.592  1.718  1.995  0.583 -1.778 -71.15
 619781714 4 1 5 323181.718823182.6641
 14.676  0.317-16.497-47.007-34.044  4.129  3.954 55.553  0.219
 -46.730-47.720-16.110-17.494  2.974  1.155-33.692-34.625   6.36
 619781714 1 1 2 423181.718823182.6641
 13.396 -0.248 18.607-42.990-31.238  9.389  7.263 17.860 -2.142
 -42.974-45.917 18.602 19.501  9.339  0.050-31.063-31.806 -44.39
 619781714 4 3 7 823181.718823182.6641
 13.811  0.446 11.127  8.822 20.966 18.896 22.125 -6.451  1.546
   9.920  6.738 11.249 10.896 12.370  6.526 23.621 19.023  -9.62
 619781714 5 3 8 823181.718823182.6641
 13.088  0.384 16.538 35.993 47.453 17.202 17.782  4.598  1.122
  37.621 33.406 16.412 16.737 10.560  6.642 50.861 45.465  -0.84
 619781714 0 0 1 123181.718823182.6641
 16.551 -0.644 19.424 19.201 33.938  0.192  0.396  0.000  0.000
   0.000  0.000  0.000  0.000  0.000  0.000  0.000  0.000   0.00
 620781556 8 1 91023182.664123183.7695
 13.681  0.640-24.935 -0.559 13.483  5.605 12.060-27.219  2.077
   0.583 -1.778-25.468-24.366  2.894  2.710 15.504 11.578  65.12
 620781556 1 1 2 123182.664123183.7695
 13.768  0.208-12.757-21.459 -7.322  2.724  7.119 16.487 -1.241
 -20.261-21.481-12.411-12.763  0.050  2.674  0.000  0.000   0.00
 620781556 2 1 3 123182.664123183.7695
 14.521 -0.661-16.797-34.044-19.074  3.954  0.948 61.918 -1.897
 -33.692-34.625-16.166-17.840  2.463  1.491  0.000  0.000   0.00
 620781556 5 611 523182.664123183.7695
 16.553 -0.311 16.495-50.686-33.471 28.831 55.815  8.327 -6.694
 -47.603-55.482 16.062 17.168 17.548 11.284-33.007-33.961   4.63
 620781556 2 4 6 123182.664123183.7695
 15.927 -0.531 24.618-55.402-38.879  4.202  3.438 22.313 -3.677
 -53.915-57.656 24.063 25.459  2.531  1.671  0.000  0.000   0.00
 620781556 2 2 4 323182.664123183.7695
 13.844 -0.196 18.372-31.238-17.017  7.263 10.949-26.533 -0.047
 -31.063-31.806 18.455 18.103  5.547  1.715-16.825-17.552   5.56
 620781556 3 5 8 723182.664123183.7695
 13.056 -0.380 11.549 20.966 34.315 22.125 17.753-16.070  1.195
  23.621 19.023 12.299 11.001  9.350 12.775 39.164 33.343   2.21
 621781829 6 410 623183.769523184.8066
 14.176  2.089-25.642 13.483 27.164 12.060 10.325 37.901 -1.345
  15.504 11.578-24.224-26.980  5.852  6.208 28.611 25.499 -66.64
 621781829 0 0 1 523183.769523184.8066
 16.385  1.994-12.986 -7.322  8.650  7.119  0.716  0.000  0.000
   0.000  0.000  0.000  0.000  0.000  0.000  0.000  6.407   0.00
 621781829 1 3 4 223183.769523184.8066
 12.706  0.339 17.363-43.367-31.210  3.699  1.373 16.490 -0.423
 -42.608-45.127 17.149 17.860  2.584  1.115-29.188-31.286  -0.04
 621781829 1 4 51023183.769523184.8066
 13.840  0.393 16.151-33.471-20.138 55.815 20.376 12.953  2.394
 -33.007-33.961 16.048 16.259 28.688 27.127-19.576-22.903   4.01
 621781829 2 1 3 423183.769523184.8066
 14.418  0.640 25.803-44.552-30.620  2.540  6.111-78.553  1.195
 -44.451-44.579 26.251 25.682  0.543  1.997-29.660-31.167  37.97
 621781829 0 0 1 223183.769523184.8066
 14.958 -0.101 24.031-38.879-24.386  3.438  3.635  0.000  0.000
   0.000  0.000  0.000  0.000  0.000  0.000  0.000-24.471   0.00
 621781829 2 1 3 423183.769523184.8066
 13.791 -0.212 18.156-17.017 -3.735 10.949  2.890-20.969 -0.069
 -16.825-17.552 18.226 17.961  8.053  2.897 -3.458 -4.150   9.83
 621781829 3 1 4 323183.769523184.8066
 14.835 -0.969 14.259 -7.387  6.977  0.353  3.762 29.855  1.780
  -6.216 -8.255 13.607 14.741  0.150  0.203  9.973  6.281  -2.14
 621781829 4 3 7 623183.769523184.8066
 16.070  0.732 11.129 34.315 49.961 17.753 10.293-13.861  1.214
  39.164 33.343 12.303 10.894  2.967 14.786 53.921 46.786   3.51
 622781922 2 4 6 223184.806623185.7539
 15.573  0.186-27.809 27.164 40.977 10.325  1.646-28.735 -0.094
  28.611 25.499-28.511-27.001  5.524  4.801 41.335 38.192   4.41
 6227819221518333423184.806623185.7539
 15.695 -0.256-20.338-40.510-26.582 55.109 76.476 23.818  0.380
 -36.662-44.015-18.746-21.789 26.272 28.838-23.250-31.325  -7.18
 622781922 1 6 71623184.806623185.7539
 11.222  0.892 20.397-48.521-38.828 36.327 19.971 -2.357  6.794
 -47.902-49.342 20.421 20.366 20.708 15.619-36.650-44.270  31.67
 622781922 1 3 4 723184.806623185.7539
 13.096  0.711 26.467-30.620-19.152  6.111  6.926-40.588 -0.356
 -29.660-31.167 27.203 26.048  2.219  3.892-18.064-19.648  47.41
 622781922 1 1 2 123184.806623185.7539
 13.623  0.006 23.927-24.386-12.419  3.635  0.594-19.660 -0.635
 -23.817-24.471 24.113 23.899  0.472  3.163  0.000  0.000   0.00
 622781922 6 410 823184.806623185.7539
 14.075  0.099 16.558-20.138 -7.743 20.376 21.354 16.961 -0.548
 -19.576-22.903 16.394 17.367 16.933  3.443 -7.454 -9.252  34.86
 622781922 3 1 4 523184.806623185.7539
 14.826  0.296 17.936 -3.735  9.370  2.890  3.130-11.139  3.090
  -3.458 -4.150 17.988 17.858  1.731  1.158 11.778  7.902  -0.70
 622781922 1 2 3 323184.806623185.7539
 16.252 -0.311 13.254  6.977 21.432  3.762  6.127 27.712 -0.772
   9.973  6.281 11.722 13.610  0.709  3.053 23.309 21.002  19.12
 6237818 51420343123185.753923186.7285
 13.429  0.190-20.096-26.582-14.445 76.476 42.051 16.642  1.088
 -23.250-31.325-19.161-21.428 44.922 31.555-10.566-19.599   3.14
 6237818 5 51116 323185.753923186.7285
 17.048 -1.173 21.242-38.828-23.161 19.971  5.849 29.311 -7.193
 -36.650-44.270 20.102 24.089 14.263  5.708-22.967-23.975 -35.34
 6237818 5 3 4 7 923185.753923186.7285
 13.346 -0.273 27.140-19.152 -7.095  6.926  5.693  6.820  0.246
 -18.064-19.648 27.024 27.192  2.169  4.757 -5.621 -7.473 -13.98
 6237818 5 2 6 81723185.753923186.7285
 14.177 -0.031 16.652 -7.743  5.123 21.354 18.957 51.822 -0.440
  -7.454 -9.252 16.300 18.490 17.917  3.437  5.436  3.735  -5.82
 6237818 5 1 2 3 623185.753923186.7285
 14.507 -1.400 12.960 21.432 34.621  6.127  1.836 46.833 -1.731
  23.309 21.002 11.009 13.407  1.143  4.984 35.160 33.984  -4.60
 624781729 2 1 3 123186.728523187.6953
 11.813  0.826-16.821  7.971 18.443  0.436  2.504-13.009 -1.914
   8.194  6.246-16.871-16.440  0.386  0.050  0.000  0.000   0.00
 6247817291615312723186.728523187.6953
 14.332  0.128-20.281-14.445 -1.537 42.051 57.788 19.780 -0.251
 -10.566-19.599-18.973-22.019 23.995 18.056  2.539 -6.500  -5.21
 624781729 6 3 9 723186.728523187.6953
 15.469 -0.777 26.874 -7.095  6.911  5.693 12.194 -7.161  0.448
  -5.621 -7.473 27.039 26.831  1.162  4.530  8.633  6.294  13.54
 624781729 611172023186.728523187.6953
 13.258 -0.059 16.622  5.123 16.992 18.957 47.738 46.007  0.152
   5.436  3.735 16.312 18.000 15.472  3.484 18.400 15.793 -46.77
 624781729 1 5 6 623186.728523187.6953
 12.921  2.702 11.594 34.621 46.164  1.836  5.691 42.236 -0.236
  35.160 33.984 11.115 12.161  0.994  0.842 46.505 45.574   4.63
 627781817 0 0 1 523189.761723190.9316
 15.712  1.497-17.620 18.443 35.682  2.504 11.211  0.000  0.000
   0.000  0.000  0.000  0.000  0.000  0.000  0.000 35.311   0.00
 627781817 0 0 1 223189.761723190.9316
 15.433 -0.182 18.184 36.737 53.649  0.050 16.075  0.000  0.000
   0.000  0.000  0.000  0.000  0.000  0.000  0.000 53.392   0.00
 628782222 3 3 6 323190.931623191.7539
 13.542  1.234-18.608 45.370 55.691 17.742 20.974 -8.706  1.150
  46.732 44.963-18.806-18.549  4.088 13.655 57.733 55.285 -27.18
 628782222 3 2 5 623190.931623191.7539
 13.762  0.940-19.372 35.682 46.183 11.211  2.746-33.700  0.146
  36.356 35.311-19.796-19.138  3.980  7.232 46.815 45.506  56.34
 628782222 3 1 4 423190.931623191.7539
 11.926 -0.195-16.066-50.776-41.783  0.447  0.888  2.314 -4.082
 -47.778-52.290-15.949-16.125  0.150  0.297-41.756-42.002  20.75
 628782222 0 0 1 123190.931623191.7539
 13.950  0.271 18.274-34.552-23.897  0.370  0.050  0.000  0.000
   0.000  0.000  0.000  0.000  0.000  0.000  0.000  0.000   0.00
 628782222 0 0 1 123190.931623191.7539
 11.851  0.163 26.134 46.550 55.481  0.050  0.050  0.000  0.000
   0.000  0.000  0.000  0.000  0.000  0.000  0.000  0.000   0.00
 6297818 5 3 3 6 523191.753923192.8086
 13.584  0.287-20.144 46.183 59.479  2.746  0.460 22.637 -0.811
  46.815 45.506-19.897-20.409  1.420  1.326 59.832 59.308  -3.35
 6297818 5 2 1 3 123191.753923192.8086
 16.188  1.824 15.915-11.000  5.043  1.705  0.112 -2.200 -4.329
  -9.018-13.516 15.988 15.822  0.954  0.751  0.000  0.000   0.00
 6297818 5 2 4 6 523191.753923192.8086
 14.510 -0.660 23.649 34.982 49.255 16.764 11.711 51.091 -0.224
  35.424 33.632 23.147 25.181 12.629  4.135 49.313 47.682  -0.05
 6297818 5 0 0 1 423191.753923192.8086
 15.159 -0.513 22.920 41.948 56.905 10.513 17.606  0.000  0.000
   0.000  0.000  0.000  0.000  0.000  0.000  0.000 55.710   0.00
 630781923 1 1 2 223192.808623193.7695
 15.215  0.698-18.564-47.835-34.154  1.308  2.083-22.734 -0.146
 -47.815-48.355-18.573-18.358  1.258  0.050-34.137-34.297 -45.57
 630781923 3 3 6 123192.808623193.7695
 17.175 -0.825 19.127-58.909-43.343 18.572  3.582  9.409 -6.642
 -55.885-62.820 18.653 19.739 10.473  8.099  0.000  0.000   0.00
 7 1781828 0 0 1 123193.769523194.8027
 14.983 -1.089-24.966 -6.024  8.436  0.275  0.936  0.000  0.000
   0.000  0.000  0.000  0.000  0.000  0.000  0.000  0.000   0.00
 7 1781828 1 1 2 123193.769523194.8027
 14.817  0.057-19.235-34.154-19.864  2.083  7.580-68.304 -0.410
 -34.137-34.297-19.275-18.895  1.864  0.219  0.000  0.000   0.00
 7 1781828 0 0 1 323193.769523194.8027
 13.614  0.514 18.333-43.343-30.296  3.582 17.030  0.000  0.000
   0.000  0.000  0.000  0.000  0.000  0.000  0.000-30.817   0.00
 7 1781828 2 1 3 423193.769523194.8027
 13.740  0.209 26.414 -1.718 11.459  6.155  9.245 17.073  0.002
   0.499 -2.074 25.804 26.512  0.851  5.304 13.370 10.674 -14.28
 7 2781915 0 0 1 423194.802723195.7598
 11.720  2.237-23.841  8.436 18.714  0.936 12.249  0.000  0.000
   0.000  0.000  0.000  0.000  0.000  0.000  0.000 18.208   0.00
 7 2781915 2 1 3 123194.802723195.7598
 13.881 -0.481 18.864-30.296-17.950 17.030  0.164 21.464 -0.635
 -30.193-30.817 18.826 19.058 14.218  2.812  0.000  0.000   0.00
 7 2781915 3 1 4 823194.802723195.7598
 15.412  0.206 26.630 11.459 25.271  9.245 20.874  2.794  1.052
  13.370 10.674 26.546 26.664  2.692  6.553 26.892 23.011  -2.24
 7 3781813 2 2 4 823195.759823196.7480
 15.608 -0.210-25.982 18.714 33.171 12.249 36.214 -3.461  4.456
  19.539 18.208-26.026-25.954  4.658  7.591 37.238 31.627  30.14
 7 3781813 0 0 1 223195.759823196.7480
 14.301  0.466 18.403-17.950 -4.785  0.164 17.056  0.000  0.000
   0.000  0.000  0.000  0.000  0.000  0.000  0.000 -5.271   0.00
 7 3781813 3 5 8 823195.759823196.7480
 13.386  0.470 26.827 25.271 37.532 20.874 15.673  0.550  0.823
  26.892 23.011 26.813 26.846 12.157  8.717 40.358 35.534  -1.74
 7 7781937 3 7101623199.816423200.8965
 15.236 -0.086-19.646 -8.228  7.149 31.558 32.344 12.743  1.113
  -5.894-10.199-19.149-20.066 14.450 17.108  9.450  3.966  -1.45
 7 7781937 4 4 8 923199.816423200.8965
 13.925 -0.285-18.529-46.981-33.019  8.130 12.765  9.938 -2.792
 -46.296-51.872-18.415-19.342  7.131  0.999-31.986-34.691  -5.96
 7 7781937 2 1 3 123199.816423200.8965
 14.509 -0.061 25.970-48.133-33.541  3.462  5.451 -8.850 -1.042
 -47.287-48.432 26.088 25.928  0.904  2.558  0.000  0.000   0.00
 7 7781937 1 1 2 223199.816423200.8965
 14.221  0.062 19.518 34.963 49.244 12.359 12.488 77.068  0.498
  34.969 34.822 19.495 20.098 11.878  0.482 49.255 48.963  -1.34
 7 8782130 412161123200.896523201.9414
 14.577 -0.029-19.553  7.149 21.380 32.344 25.622 11.296  0.352
   9.450  3.966-19.120-20.152 18.770 13.574 23.485 17.645   0.42
 7 8782130 5 4 9 723200.896523201.9414
 13.363  0.387-18.222-33.019-20.059 12.765  9.253  3.980 -0.088
 -31.986-34.691-18.153-18.332  7.891  4.874-19.073-21.236  30.55
 7 9782237 3 8111523201.941423202.7930
 13.186  0.331-19.523 21.380 31.773 25.622 48.076 11.712 -0.283
  23.485 17.645-19.112-20.253 16.386  9.235 34.479 29.158   8.63
 7 9782237 5 2 7 623201.941423202.7930
 15.526 -0.538-18.626-20.059 -7.673  9.253  4.170 34.528 -0.811
 -19.073-21.236-17.983-19.394  5.037  4.216 -7.302 -9.064 -31.20
 7 9782237 7 4111923201.941423202.7930
 13.360 -0.115 17.668-51.139-40.597 78.712129.053-10.436 -0.628
 -48.884-51.507 18.064 17.603 11.042 67.670-39.136-41.089  23.78
 7 9782237 0 0 1 223201.941423202.7930
 14.132 -0.850 24.666-50.200-39.002  3.558  9.343  0.000  0.000
   0.000  0.000  0.000  0.000  0.000  0.000  0.000-39.051   0.00
 7 9782237 3 3 6 623201.941423202.7930
 12.745  1.448 20.171 45.893 55.910 16.115 23.941 40.617 -0.541
  47.955 44.575 18.510 21.232  6.284  9.831 58.112 54.733 -10.44
 7107819 3 7 815 723202.793023203.7539
 14.158 -0.849-19.805 31.773 44.422 48.076 22.830 20.344  0.897
  34.479 29.158-18.861-20.717 23.628 24.447 46.925 40.689  -1.36
 7107819 3 4 2 6 923202.793023203.7539
 13.430  0.076-18.168 -7.673  4.277  4.170  1.294  3.324  0.950
  -7.302 -9.064-18.147-18.245  3.291  0.879  4.805  2.181  15.15
 7107819 314 5192223202.793023203.7539
 14.218  0.089 17.570-40.597-27.891129.053104.252 13.343  1.167
 -39.136-41.089 17.240 17.682 32.507 96.546-25.108-28.309  -5.34
 7107819 3 1 1 2 123202.793023203.7539
 14.201 -0.191 23.943-39.002-26.312  9.343  2.156 11.894 -0.145
 -38.895-39.051 23.922 23.952  2.948  6.395  0.000  0.000   0.00
 7117818 5 3 4 7 223203.753923204.7852
 14.948  0.284-18.990 44.422 58.847 22.830 27.298 18.982 -1.182
  46.925 40.689-18.176-20.204 13.666  9.165 59.558 54.762   7.42
 7117818 5 6 3 9 123203.753923204.7852
 14.435  0.106-18.241  4.277 18.173  1.294  2.280 18.470 -2.627
   4.805  2.181-18.073-18.905  1.033  0.261  0.000  0.000   0.00
 7117818 5 4 4 8 623203.753923204.7852
 14.914  0.437 15.020-55.959-41.569 19.665 15.198 16.606 -0.185
 -53.321-57.840 14.260 15.562  8.185 11.479-39.499-43.876  -1.49
 7117818 515 7222523203.753923204.7852
 14.768  0.076 17.656-27.891-13.652104.252 76.383  8.004  0.866
 -25.108-28.309 17.283 17.712 13.592 90.660-10.739-14.542  15.37
 712781852 0 0 1 223204.785223205.9141
 13.724  0.143-18.350 18.173 32.539  2.280  2.340  0.000  0.000
   0.000  0.000  0.000  0.000  0.000  0.000  0.000 32.403   0.00
 712781852 3 3 6 323204.785223205.9141
 14.302  0.077 15.471-41.569-26.552 15.198 10.628 15.114  0.584
 -39.499-43.876 14.933 16.072  8.011  7.186-24.103-29.096  -1.25
 7127818521114251223204.785223205.9141
 14.195 -0.037 17.734-13.652  1.244 76.383 84.854 23.375  0.275
 -10.739-14.542 16.535 18.101 17.869 58.514  4.964  0.612 -12.61
 713782155 0 0 1 723205.914123206.7344
 14.618 -0.275-24.621-47.036-35.840  2.263 16.200  0.000  0.000
   0.000  0.000  0.000  0.000  0.000  0.000  0.000-38.342   0.00
 713782155 1 2 3 523205.914123206.7344
 14.639 -0.665 15.558-26.552-15.339 10.628 12.469 13.862 -0.863
 -24.103-29.096 14.976 16.163  5.415  5.214-13.343-17.546  -6.82
 713782155 0 0 1 123205.914123206.7344
 14.280 -0.552 18.290-58.161-47.243  0.050  3.538  0.000  0.000
   0.000  0.000  0.000  0.000  0.000  0.000  0.000  0.000   0.00
 713782155 0 0 1 123205.914123206.7344
 13.678 -0.760 21.936-57.368-46.943  1.562  0.694  0.000  0.000
   0.000  0.000  0.000  0.000  0.000  0.000  0.000  0.000   0.00
 713782155 4 8122723205.914123206.7344
 13.310  0.401 17.693  1.244 11.366 84.854108.012 10.763 -1.372
   4.964  0.612 17.019 17.808 12.318 72.536 13.290 10.481   9.64
 714781737 5 2 7 523206.734423207.9609
 15.716 -0.569-24.395-35.840-17.756 16.200 13.972  6.387  1.907
 -33.951-38.342-24.202-24.650  9.230  6.970-16.048-22.386   5.54
 714781737 1 1 2 423206.734423207.9609
 14.989 -0.279 12.711-33.707-16.515  5.569 10.371 -4.922  2.715
 -33.527-35.966 12.727 12.522  5.158  0.411-14.108-19.271  -3.85
 714781737 0 0 1 223206.734423207.9609
 14.715  0.260 17.837-47.243-30.387  3.538  2.613  0.000  0.000
   0.000  0.000  0.000  0.000  0.000  0.000  0.000-30.629   0.00
 714781737 0 0 1 223206.734423207.9609
 14.471 -2.572 21.312-46.943-30.387  0.694  2.613  0.000  0.000
   0.000  0.000  0.000  0.000  0.000  0.000  0.000-30.629   0.00
 714781737 1 4 5 323206.734423207.9609
 13.723  0.436 15.013-15.339  0.300 12.469 11.524  7.042  0.684
 -13.343-17.546 14.775 15.276  6.548  5.920  3.339 -1.475   6.69
 7147817371413272023206.734423207.9609
 14.194 -0.091 18.022 11.366 27.582108.012 52.452 20.408  0.883
  13.290 10.481 17.342 18.335 34.019 73.994 30.797 26.876 -18.74
 7157823 4 3 2 5 323207.960923208.9160
 15.992  0.111-23.696-17.756 -3.410 13.972 10.118 11.930 -4.067
 -16.048-22.386-23.365-24.592 10.206  3.766 -3.282 -5.316  -8.34
 7157823 4 1 1 2 323207.960923208.9160
 15.404 -0.302 13.346-35.028-21.243  0.419  0.736 17.767 -0.550
 -33.619-35.219 12.907 13.406  0.050  0.369-20.997-22.015   6.10
 7157823 4 1 1 2 123207.960923208.9160
 14.052 -0.879 18.156-30.387-17.895  2.613  0.117 -2.443 -1.058
 -29.517-30.629 18.191 18.146  0.569  2.044  0.000  0.000   0.00
 7157823 4 1 2 3 423207.960923208.9160
 14.986 -0.098 11.047 -4.221  9.164  1.410  1.064-31.448 -0.145
  -3.860 -5.118 11.264 10.509  1.005  0.405 10.070  8.754  38.69
 7157823 4 1 2 3 823207.960923208.9160
 13.998  0.411 15.548  0.300 12.742 11.524  6.349 13.728  0.245
   3.339 -1.475 14.833 15.966  4.249  7.275 16.410 11.408   2.85
 7157823 4 515201723207.960923208.9160
 13.847  0.264 17.910 27.582 39.879 52.452 62.913  1.668 -0.994
  30.797 26.876 17.821 17.930  9.445 43.007 40.805 38.071  16.76
 7167822 0 1 2 3 223208.916023209.7617
 13.343 -0.339-23.802 -3.410  7.031 10.118 10.541  3.593 -0.305
  -3.282 -5.316-23.795-23.912  9.481  0.637  7.055  5.358  -7.95
 7167822 0 0 0 1 523208.916023209.7617
 14.611  1.354 17.315-17.895 -6.383  0.117  0.958  0.000  0.000
   0.000  0.000  0.000  0.000  0.000  0.000  0.000 -7.804   0.00
 7167822 0 1 2 3 223208.916023209.7617
 13.847 -0.068 11.727 -7.178  3.689  6.579  2.083 -2.148 -1.321
  -5.199 -7.276 11.800 11.724  0.310  6.269  3.780  3.432  63.65
 7167822 0 0 0 1 123208.916023209.7617
 15.153  0.225 12.659  0.334 12.304  0.796  6.771  0.000  0.000
   0.000  0.000  0.000  0.000  0.000  0.000  0.000  0.000   0.00
 7167822 0 2 2 4 223208.916023209.7617
 16.535  2.742 10.953  9.164 22.301  1.064  0.894  7.239  3.102
  10.070  8.754 10.840 11.005  0.332  0.732 23.481 19.623 -38.74
 7167822 0 3 5 8 123208.916023209.7617
 12.100  0.629 15.940 12.742 22.133  6.349  2.819 16.580 -5.019
  16.410 11.408 14.890 16.322  1.693  4.656  0.000  0.000   0.00
 7167822 0 8 9171023208.916023209.7617
 13.548  0.298 18.163 39.879 50.494 62.913 69.901 18.424 -0.593
  40.805 38.071 17.870 18.735 41.603 21.310 51.162 48.968  -4.43
 717781815 1 1 2 123209.761723210.7539
 13.624  0.344-23.515  7.031 19.590 10.541  7.233 -4.356 -1.560
   7.055  5.358-23.517-23.399 10.397  0.145  0.000  0.000   0.00
 717781815 3 2 5 423209.761723210.7539
 16.322 -0.132 18.459 -6.383  8.855  0.958  0.816-19.948  0.266
  -4.398 -7.804 19.142 17.969  0.400  0.558 11.294  7.584   1.94
 717781815 0 0 1 123209.761723210.7539
 15.428 -0.694 12.850 12.304 26.653  6.771  2.439  0.000  0.000
   0.000  0.000  0.000  0.000  0.000  0.000  0.000  0.000   0.00
 717781815 1 1 2 123209.761723210.7539
 11.943 -2.222 13.269 22.301 33.189  0.894  8.261-31.505 -4.405
  23.481 19.623 13.973 11.672  0.620  0.274  0.000  0.000   0.00
 717781815 0 0 1 223209.761723210.7539
 14.469  0.106 16.472 22.133 35.530  2.819  0.274  0.000  0.000
   0.000  0.000  0.000  0.000  0.000  0.000  0.000 35.206   0.00
 7187818 6 0 0 1 123210.753923211.6797
 13.582  0.326-23.857 19.590 31.266  7.233 15.308  0.000  0.000
   0.000  0.000  0.000  0.000  0.000  0.000  0.000  0.000   0.00
 7187818 6 2 2 4 723210.753923211.6797
 14.710 -0.182 18.328  8.855 21.576  0.816  3.424-18.011 -0.900
  11.294  7.584 19.081 17.936  0.280  0.537 22.594 19.812  -1.33
 7187818 6 0 0 1 123210.753923211.6797
 14.607 -1.312 12.160 26.653 39.278  2.439  2.194  0.000  0.000
   0.000  0.000  0.000  0.000  0.000  0.000  0.000  0.000   0.00
 7187818 6 0 0 1 223210.753923211.6797
 14.070 -0.924 11.063 33.189 45.318  8.261  0.100  0.000  0.000
   0.000  0.000  0.000  0.000  0.000  0.000  0.000 45.212   0.00
 719781620 0 0 1 123211.679723212.7012
 14.188 -0.511-24.159 31.266 44.751 15.308  9.583  0.000  0.000
   0.000  0.000  0.000  0.000  0.000  0.000  0.000  0.000   0.00
 719781620 4 3 7 523211.679723212.7012
 15.221 -0.174 18.159 21.576 36.115  3.424 11.295-19.341  2.364
  22.594 19.812 18.499 17.571  2.170  1.253 38.765 33.379  26.76
 720781650 0 0 1 323212.701223213.6563
 14.636 -0.471-23.637 44.751 57.792  9.583  6.791  0.000  0.000
   0.000  0.000  0.000  0.000  0.000  0.000  0.000 56.337   0.00
 720781650 1 4 5 123212.701223213.6563
 16.926 -0.372 17.981 36.115 51.344 11.295  6.499  7.420 -5.166
  38.765 33.379 17.653 18.320  5.738  5.557  0.000  0.000   0.00
 721781545 2 2 4 123213.656323214.6895
 14.377  0.093 26.927-51.326-37.481  0.572  0.050 77.220 -0.306
 -51.292-51.368 26.791 27.090  0.312  0.260  0.000  0.000   0.00
 721781545 3 1 4 723213.656323214.6895
 14.763 -0.315 12.780 43.543 57.787  1.347  6.261-27.255  3.114
  43.684 43.313 12.850 12.664  0.835  0.512 58.508 55.321  55.13
 722781633 0 0 1 423214.689523215.7520
 12.939 -0.136 27.023-37.481-24.773  0.050 12.234  0.000  0.000
   0.000  0.000  0.000  0.000  0.000  0.000  0.000-26.250   0.00
 7237818 3 2 2 4 323215.752023216.6973
 11.839  0.574 26.879-24.773-14.500 12.234  2.335 34.505 -2.571
 -23.406-26.250 26.041 27.785  6.355  5.878-14.411-14.697  25.46
 728781933 0 0 1 223220.814523221.8867
 14.050  0.132 18.944-56.016-42.008  7.803  7.023  0.000  0.000
   0.000  0.000  0.000  0.000  0.000  0.000  0.000-42.067   0.00
 728781933 1 1 2 323220.814523221.8867
 13.937 -0.173 34.890-51.206-37.320  4.806  6.547 22.780  0.771
 -51.090-54.229 34.850 35.932  4.628  0.177-36.978-41.068  -3.45
 729782115 1 2 3 623221.886723222.9063
 14.871  0.841-23.175-46.736-32.555  8.961  4.847-15.855  0.113
 -46.526-46.964-23.230-23.116  4.648  4.313-32.270-32.731 -21.95
 729782115 1 1 2 123221.886723222.9063
 13.835 -0.034 19.085-42.008-28.884  7.023  8.968 37.028 -4.250
 -38.476-42.067 16.567 19.127  0.115  6.908  0.000  0.000   0.00
 729782115 1 2 3 423221.886723222.9063
 13.856  0.214 34.705-37.320-24.174  6.547  4.082 19.327 -2.572
 -36.978-41.068 34.606 35.785  5.999  0.547-23.889-25.002   3.59
 730782145 1 5 6 423222.906323223.9160
 13.736 -0.835-24.034-32.555-19.673  4.847 27.332-37.803  2.523
 -32.270-32.731-24.235-23.909  1.855  2.992-18.200-21.147  10.26
 730782145 0 0 1 123222.906323223.9160
 14.357 -0.267 19.050-28.884-15.375  8.968  6.665  0.000  0.000
   0.000  0.000  0.000  0.000  0.000  0.000  0.000  0.000   0.00
 730782145 1 3 4 223222.906323223.9160
 13.750 -0.406 34.923-24.174-11.278  4.082  5.708 22.917 -0.231
 -23.889-25.002 34.824 35.210  3.036  1.047-10.883-11.760  -4.84
 7317822 0 2 2 4 323223.916023224.9746
 12.995  0.107-23.191-19.673 -6.964 27.332  9.622-27.543 -2.311
 -18.200-21.147-23.897-22.485 13.665 13.668 -6.821 -7.629  31.39
 7317822 0 0 0 1 123223.916023224.9746
 11.909  0.010 18.781-15.375 -3.814  6.665  7.026  0.000  0.000
   0.000  0.000  0.000  0.000  0.000  0.000  0.000  0.000   0.00
 7317822 0 1 1 2 223223.916023224.9746
 11.549  0.287 34.513-11.278 -0.098  5.708  6.483 18.081 -0.363
 -10.883-11.760 34.407 34.643  3.137  2.571  0.127 -0.173  33.61
 8 4782145 2 3 5 523227.906323228.8730
 13.064  0.449-22.039 34.816 46.491  4.608 18.355 49.976  1.636
  35.006 34.599-21.830-22.280  2.463  2.145 47.169 44.961 -26.63
 8 578205614 4182123228.873023229.8945
 15.726  0.512-26.157-50.501-35.436 31.887 28.517 -1.086 -0.583
 -47.770-54.404-26.203-26.090 18.760 13.127-32.869-38.439  23.20
 8 9782259 9 514 923232.957023233.8926
 16.805 -0.979-26.782  4.226 19.019 21.573  8.957  3.922 -3.676
   7.143  0.661-26.603-27.000 11.863  9.710 19.860 18.118 -46.39
 8 9782259 0 0 1 123232.957023233.8926
 15.292 -0.287 15.980-13.543 -0.164  0.275  0.166  0.000  0.000
   0.000  0.000  0.000  0.000  0.000  0.000  0.000  0.000   0.00
 8 9782259 3 5 8 323232.957023233.8926
 14.561 -0.268 15.757  8.951 21.646  4.899  1.012  0.967 -0.212
   9.451  6.723 15.749 15.793  4.001  0.898 22.524 20.030   4.34
 810782125 4 5 9 823233.892623234.8926
 13.950  0.302-25.867 19.019 31.990  8.957  3.991-42.468  0.228
  19.860 18.118-26.559-25.124  4.633  4.324 32.336 31.798 -35.67
 810782125 0 0 1 223233.892623234.8926
 13.430 -0.393-27.446 13.002 25.453  9.271  6.114  0.000  0.000
   0.000  0.000  0.000  0.000  0.000  0.000  0.000 24.989   0.00
 810782125 1 2 3 323233.892623234.8926
 11.534  0.440 15.506 21.646 32.201  1.012  2.664  5.305 -0.220
  22.524 20.030 15.428 15.651  0.656  0.356 33.648 31.401 -15.13
 811782125 1 1 2 123234.892623235.7422
 16.446 -1.559-31.868 45.072 58.230  4.189  6.730  4.198 -4.216
  45.405 40.454-31.848-32.156  3.908  0.281  0.000  0.000   0.00
 811782125 0 0 1 323234.892623235.7422
 13.937  1.049-31.675 40.330 51.353  2.067  5.077  0.000  0.000
   0.000  0.000  0.000  0.000  0.000  0.000  0.000 51.304   0.00
 811782125 5 3 8 923234.892623235.7422
 13.172 -2.499-26.169 31.990 42.363  3.991 27.800-78.140  1.378
  32.336 31.798-27.647-25.344  1.429  2.562 43.588 40.309  41.52
 811782125 1 1 2 323234.892623235.7422
 14.972 -0.940-27.053 25.453 37.357  6.114  4.422 21.620  0.206
  25.545 24.989-27.021-27.217  5.100  1.013 37.373 36.627   3.43
 811782125 0 0 1 523234.892623235.7422
 13.978 -1.089 13.787-10.275  0.782  0.188  2.724  0.000  0.000
   0.000  0.000  0.000  0.000  0.000  0.000  0.000 -1.869   0.00
 811782125 2 1 3 123234.892623235.7422
 12.490  0.491 15.947 32.201 41.994  2.664  3.349 -9.829 -2.193
  33.648 31.401 16.188 15.813  0.949  1.716  0.000  0.000   0.00
 811782125 1 1 2 123234.892623235.7422
 13.036  1.647 22.197 46.589 56.846  2.238  3.832 36.875 -2.829
  48.764 46.320 20.687 22.384  0.247  1.991  0.000  0.000   0.00
 812781750 6 3 9 223235.742223236.9395
 14.585 -1.183-24.043 42.363 58.643 27.800 13.043-36.616  1.002
  43.588 40.309-24.874-22.649 17.416 10.384 58.931 54.015  53.13
 812781750 1 2 3 223235.742223236.9395
 15.741  0.979-26.253 37.357 55.020  4.422 10.435 25.054  4.233
  37.373 36.627-26.246-26.559  4.322  0.100 57.856 53.146   7.73
 812781750 1 1 2 423235.742223236.9395
 14.770 -0.646 25.995 -9.652  6.850  0.100  6.938-89.282 -0.933
  -9.645 -9.659 26.496 25.493  0.050  0.050  6.878  6.818 128.93
 812781750 3 3 6 123235.742223236.9395
 15.768  1.036 42.153-57.293-39.597  7.835  6.353 -7.459 -1.586
 -56.806-58.926 42.201 41.995  6.036  1.799  0.000  0.000   0.00
 813782233 3 1 4 123236.939523237.8711
 15.357 -0.757 25.222  6.850 20.249  6.938  4.422 39.648 -0.070
   6.878  6.818 25.201 25.246  3.675  3.263  0.000  0.000   0.00
 813782233 3 1 4 223236.939523237.8711
 11.268  0.057 43.229-47.947-38.359 20.484  4.171-11.464 -1.721
 -44.457-49.303 43.745 43.029  5.729 14.754-36.964-38.376 -45.44
 813782233 0 0 1 123236.939523237.8711
 15.209  0.346 43.392-39.597-26.336  6.353 17.267  0.000  0.000
   0.000  0.000  0.000  0.000  0.000  0.000  0.000  0.000   0.00
 814782055 0 0 1 423237.871123238.8242
 12.428  0.445 43.715-26.336-15.436 17.267 12.089  0.000  0.000
   0.000  0.000  0.000  0.000  0.000  0.000  0.000-16.140   0.00
 815781945 0 0 1 123238.824223239.7578
 13.832  0.195-19.292-56.991-44.986 18.421 18.537  0.000  0.000
   0.000  0.000  0.000  0.000  0.000  0.000  0.000  0.000   0.00
 815781945 1 3 4 223238.824223239.7578
 14.941 -0.737 44.138-15.436 -2.396 12.089 10.738 35.826  1.441
 -14.144-16.140 43.468 44.503  4.263  7.826 -2.375 -6.738 -26.70
 815781945 2 3 5 823238.824223239.7578
 13.749  0.220 21.799 28.109 40.036  8.533 10.383  4.318  1.233
  29.776 26.773 21.682 21.893  3.796  4.736 42.859 38.646   9.88
 816781811 0 0 1 223239.757823240.7129
 14.039 -0.893-19.474-44.986-32.516 18.537 22.378  0.000  0.000
   0.000  0.000  0.000  0.000  0.000  0.000  0.000-32.519   0.00
 816781811 1 1 2 223239.757823240.7129
 15.472  0.123 43.450 -2.396 11.442 10.738  3.712  9.131 -1.306
  -2.375 -6.738 43.448 43.957 10.688  0.050 11.475  9.036  12.56
 8177817 6 1 1 2 423240.712923241.7148
 14.171  0.252-18.622-32.516-19.288 22.378 19.791-88.248 -0.372
 -32.463-32.519-20.252-18.515  1.375 21.003-18.827-20.189 107.54
 8177817 6 1 1 2 123240.712923241.7148
 12.969 -0.201 43.568 11.442 23.466  3.712  4.312 21.692 -1.902
  11.475  9.036 43.558 44.261  3.662  0.050  0.000  0.000   0.00
 818781710 1 3 4 723241.714823242.7949
 14.472 -0.134-18.874-19.288 -4.718 19.791 23.505 19.288  0.819
 -18.827-20.189-18.722-19.173 13.088  6.703 -4.501 -6.806 -16.71
 818781710 0 0 1 123241.714823242.7949
 12.882  0.388 43.366 23.466 36.319  4.312  2.355  0.000  0.000
   0.000  0.000  0.000  0.000  0.000  0.000  0.000  0.000   0.00
 8197819 5 1 6 7 523242.794923243.7715
 13.459 -0.287-18.730 -4.718  7.475 23.505 16.658  2.578  0.700
  -4.501 -6.806-18.720-18.819 21.291  2.214  7.881  4.954 -18.36
 8197819 5 0 0 1 123242.794923243.7715
 13.659 -0.762 43.785 36.319 48.708  2.355  1.021  0.000  0.000
   0.000  0.000  0.000  0.000  0.000  0.000  0.000  0.000   0.00
 823781753 1 1 2 123246.746123247.7520
 12.805 -0.197-24.514-26.887-14.980  7.762  1.099  8.137 -3.905
 -22.666-26.915-23.965-24.518  0.050  7.712  0.000  0.000   0.00
 823781753 1 2 3 223246.746123247.7520
 15.621 -0.990-17.707-36.261-21.518  5.341  8.764 26.154  0.173
 -33.795-37.166-16.553-18.131  1.434  3.908-19.988-23.645  -5.18
 8247818 4 1 1 2 223247.752023248.6719
 14.563  0.001-23.785 -8.728  3.760  7.832  0.542 23.715 -0.662
  -8.331 -9.849-23.625-24.235  5.785  2.048  3.843  2.947  -7.22
 8247818 4 0 0 1 123247.752023248.6719
 13.616  0.420-24.316-14.980 -3.362  1.099  0.122  0.000  0.000
   0.000  0.000  0.000  0.000  0.000  0.000  0.000  0.000   0.00
 8247818 4 1 1 2 123247.752023248.6719
 11.843  0.569-16.711-21.518-11.531  8.764  2.062 20.973 -3.751
 -19.988-23.645-16.149-17.491  5.096  3.668  0.000  0.000   0.00
 8257816 7 0 0 1 123248.671923249.6758
 15.076 -0.347-17.234-11.531  2.603  2.062  3.265  0.000  0.000
   0.000  0.000  0.000  0.000  0.000  0.000  0.000  0.000   0.00
 8257816 7 2 2 4 523248.671923249.6758
 13.412  0.392  9.381-32.941-20.475  4.911  4.960 -5.787 -0.205
 -32.387-33.798  9.437  9.296  2.982  1.928-19.704-20.912  10.23
 826781612 2 2 4 323249.675823250.6934
 13.114  0.421-19.911 39.892 52.245 21.570 15.938 18.343  0.993
  41.062 37.207-19.546-20.748 15.023  6.547 54.837 50.005   1.33
 826781612 0 0 1 323249.675823250.6934
 13.704  0.615-16.886  2.603 15.557  3.265  0.812  0.000  0.000
   0.000  0.000  0.000  0.000  0.000  0.000  0.000 12.031   0.00
 826781612 3 2 5 223249.675823250.6934
 14.353 -0.430  9.775-20.475 -6.861  4.960  0.166  4.446  1.129
 -19.704-20.912  9.716  9.808  1.796  3.165 -6.155 -7.164 -69.08
 826781612 3 4 71123249.675823250.6934
 13.923  0.702 18.784-59.017-45.841  9.763 22.431 22.304  2.870
 -57.266-60.873 18.104 19.505  5.024  4.739-42.927-49.487  -2.80
 827781637 6 511 823250.693423251.7305
 14.511 -0.053 19.498-45.841-31.812 22.431  9.536 19.505  0.063
 -42.927-49.487 18.525 20.716 12.469  9.962-29.057-35.997 -10.64
 828781730 4 4 8 123251.730523252.7090
 17.009 -0.027 19.443-31.812-16.107  9.536  4.723  8.862 -6.623
 -29.057-35.997 19.038 20.058  5.749  3.787  0.000  0.000   0.00
 8297817 2 1 3 4 423252.709023253.7617
 14.642  0.039-21.800-47.885-33.502 10.520 15.686-57.080 -0.135
 -47.742-48.317-22.004-21.180  7.908  2.611-33.012-33.712  17.17
 8297817 2 0 0 1 423252.709023253.7617
 15.084 -0.592 22.216-25.821-10.974  5.334 14.888  0.000  0.000
   0.000  0.000  0.000  0.000  0.000  0.000  0.000-12.196   0.00
 830781818 1 3 4 623253.761723254.7480
 13.467 -0.446-21.840-33.502-21.199 15.686  7.266-39.914  1.738
 -33.012-33.712-22.221-21.677  4.706 10.980-20.868-22.522 -13.52
 830781818 3 7101723253.761723254.7480
 16.682  0.910 15.307-49.218-33.746 37.554 47.122  6.783  2.754
 -46.846-52.541 15.035 15.688 21.910 15.644-27.796-36.406 -10.58
 830781818 6 3 91523253.761723254.7480
 12.518  1.358 18.293 -5.753  5.615  7.719 17.341 13.327  2.967
  -3.673 -7.336 17.825 18.649  3.335  4.384  8.967  2.689  12.00
 830781818 1 2 3 223253.761723254.7480
 15.482 -1.375 15.693 20.589 34.878  6.862  0.911 21.717 -2.639
  21.838 19.054 15.214 16.282  3.783  3.079 35.088 34.836 -29.76
 831781757 3 3 6 223254.748023255.9063
 15.646 -0.045-21.401-21.199 -4.202  7.266  6.764-53.435 -0.226
 -20.868-22.522-21.817-19.741  5.811  1.455 -4.173 -4.247 -34.88
 831781757 412161223254.748023255.9063
 15.171  0.476-30.337-46.834-30.389 73.768 62.970 12.143 -0.706
 -41.365-49.393-29.321-30.812 23.510 50.258-28.534-35.673   4.09
 831781757 611173023254.748023255.9063
 15.125 -0.045 16.203-33.746-17.354 47.122 66.777 -3.795  1.055
 -27.796-36.406 16.582 16.034 14.558 32.565-12.393-22.103   0.60
 831781757 6 9151123254.748023255.9063
 13.871 -0.009 19.631  5.615 20.554 17.341 16.048 25.329 -0.592
   8.967  2.689 18.137 20.936  8.083  9.258 21.901 16.437   4.79
 9 1782145 1 1 2 723255.906323256.8965
 13.135  0.875-21.349 -4.202  7.815  6.764  6.769-88.319 -0.310
  -4.173 -4.247-22.297-19.939  4.046  2.718  8.241  6.292  60.06
 9 1782145 5 7122123255.906323256.8965
 12.510 -0.275-30.888-30.389-18.988 62.970 66.192 16.237  1.553
 -28.534-35.673-30.425-32.209 46.611 16.359-14.918-23.921  -3.80
 9 1782145 2 1 3 223255.906323256.8965
 13.178 -0.530-37.907-50.866-38.806 11.624 10.383-52.081  0.043
 -50.532-51.054-38.246-37.716  4.186  7.438-38.347-39.070  15.66
 9 1782145 2 4 6 523255.906323256.8965
 12.219 -1.959-34.096-45.999-34.887  6.085  0.785 65.164  0.110
 -44.922-46.310-32.168-34.653  1.365  4.720-34.305-37.269 -36.92
 9 1782145 0 0 1 123255.906323256.8965
 13.784 -0.659-19.931-49.986-37.326  3.217 11.690  0.000  0.000
   0.000  0.000  0.000  0.000  0.000  0.000  0.000  0.000   0.00
 9 17821451614301823255.906323256.8965
 15.435  0.234 16.151-17.354 -3.061 66.777 46.165 -3.193  0.402
 -12.393-22.103 16.417 15.897 32.663 34.114  1.633 -8.515   1.07
 9 1782145 1 2 3 623255.906323256.8965
 14.920  0.011 36.086  1.774 15.558  3.504  8.096 11.116  2.664
   2.629  0.924 35.950 36.221  1.747  1.757 15.856 10.956   2.21
 9 1782145 6 511 323255.906323256.8965
 16.327 -0.932 19.620 20.554 35.729 16.048 14.814 30.117 -4.191
  21.901 16.437 18.884 21.870 12.092  3.956 37.531 35.717 -17.77
 911781748 3 0 3 323265.742223266.7539
 12.185  1.400 18.592-58.872-47.522  4.371  5.010-34.500-28.397
 -27.029  0.000 17.607  0.000  0.150  1.000-45.815-48.553  51.35
 919781917 1 2 3 723273.802723274.7363
 14.014 -0.023-21.976-10.589  1.563  3.644  8.665  5.901  0.631
 -10.564-11.488-21.973-22.062  3.544  0.100  1.837  0.294  10.57
 919781917 1 5 6 823273.802723274.7363
 13.373 -0.004-12.609-40.876-29.322 26.246 32.153  5.074  2.171
 -40.586-44.406-12.584-12.915 24.249  1.997-27.573-33.628  -2.67
 919781917 2 5 7 623273.802723274.7363
 14.724 -0.251 14.568-13.645 -0.831  9.278 20.919 33.481  2.562
 -12.710-14.347 13.969 15.017  3.976  5.302  0.323 -4.002 -13.35
 919781917 2 3 5 223273.802723274.7363
 14.882 -0.075 21.234-41.045-28.082  3.788  0.391 66.417 -0.144
 -40.706-41.416 20.511 22.027  1.981  1.806-27.976-28.809  -7.39
 919781917 0 0 1 123273.802723274.7363
 14.057  0.574 24.934-42.564-30.371 11.182  7.835  0.000  0.000
   0.000  0.000  0.000  0.000  0.000  0.000  0.000  0.000   0.00
 9197819171312252323273.802723274.7363
 15.093 -0.346 36.001 15.360 28.519 81.704 65.559 10.471 -0.256
  21.605 10.391 35.067 36.744 36.207 45.497 33.369 22.599   2.26
 919781917 0 0 1 223273.802723274.7363
 13.619  0.170 28.268 30.415 42.199 27.448 21.415  0.000  0.000
   0.000  0.000  0.000  0.000  0.000  0.000  0.000 40.390   0.00
 919781917 1 2 3 123273.802723274.7363
 13.457  0.127 37.449 38.086 49.719 16.712 13.242 46.716 -2.237
  38.164 36.232 37.383 39.011 16.036  0.675  0.000  0.000   0.00
 920781740 2 5 7 823274.736323275.7539
 13.253 -0.352-21.954  1.563 14.061  8.665 13.226 16.468  0.235
   1.837  0.294-21.879-22.302  7.123  1.542 14.936 13.436 -52.65
 920781740 1 7 8 823274.736323275.7539
 14.367  0.291-12.606-29.322-15.688 32.153 22.235  2.401 -0.366
 -27.573-33.628-12.534-12.782 22.864  9.289-13.688-19.358  -7.49
 920781740 0 0 1 423274.736323275.7539
 13.880 -0.519 25.469-30.371-17.234  7.835  5.658  0.000  0.000
   0.000  0.000  0.000  0.000  0.000  0.000  0.000-18.298   0.00
 920781740 0 0 1 623274.736323275.7539
 16.429 -0.941 28.910-59.373-43.638  6.103 11.154  0.000  0.000
   0.000  0.000  0.000  0.000  0.000  0.000  0.000-44.295   0.00
 920781740 3 3 6 923274.736323275.7539
 12.839  0.552 14.334 -0.831 11.247 20.919 25.576 20.128  0.696
   0.323 -4.002 13.924 15.460 15.340  5.579 13.975  8.799  -5.99
 920781740 1 1 2 123274.736323275.7539
 13.348 -0.314 28.427 42.199 54.795 21.415 23.284 39.621 -2.069
  42.203 40.390 28.424 29.743 21.365  0.050  0.000  0.000   0.00
 9217818 7 3 5 8 823275.753923276.7500
 14.847  0.385-21.595 14.061 27.857 13.226 11.785-36.185 -0.684
  14.936 13.436-22.190-21.170  5.514  7.712 28.225 27.106  42.65
 9217818 7 3 5 81023275.753923276.7500
 15.804 -0.235-12.902-15.688 -0.940 22.235 29.991 -5.087  0.065
 -13.688-19.358-13.076-12.584 14.392  7.843  0.015 -5.686  12.81
 9217818 7 2 4 61423275.753923276.7500
 13.620  0.281 27.951-43.638-31.064 11.154 20.493 18.941  2.319
 -42.765-44.295 27.687 28.150  4.786  6.368-29.314-33.531 -26.51
 9217818 7 3 1 4 323275.753923276.7500
 13.741  0.353 24.941-17.234 -4.539  5.658 15.059-52.948 -0.143
 -17.075-18.298 25.131 23.662  4.925  0.733 -4.485 -5.195 -14.81
 9217818 7 3 6 9 423275.753923276.7500
 11.968  1.056 14.896 11.247 22.177 25.576 13.087 14.135 -4.592
  13.975  8.799 14.232 15.492 12.094 13.482 22.515 22.047  23.34
 9217818 7 0 0 1 923275.753923276.7500
 13.632 -0.107 37.536 33.494 46.081  4.141 20.218  0.000  0.000
   0.000  0.000  0.000  0.000  0.000  0.000  0.000 45.484   0.00
 9217818 7 3 9121023275.753923276.7500
 12.324  0.218 34.741 47.191 58.476 30.345 24.531-46.627  1.616
  47.768 45.803 35.243 33.534 21.438  8.907 59.839 55.602  75.56
 9227818 0 1 1 2 423276.750023277.7637
 14.227  0.577-14.750 42.896 56.314 10.266 17.001 14.301  1.123
  42.987 39.941-14.727-15.478  9.957  0.308 57.534 53.269  -5.43
 9227818 0 4 4 8 723276.750023277.7637
 13.631 -0.160-21.978 27.857 40.670 11.785 22.174  6.463  0.745
  28.225 27.106-21.939-22.057  7.909  3.876 41.273 39.881 -50.19
 9227818 0 2 810 323276.750023277.7637
 15.005 -0.326-12.668 -0.940 13.266 29.991 11.645  7.723 -4.908
   0.015 -5.686-12.542-13.296 24.964  5.027 13.532 12.996  34.37
 9227818 0 41014 723276.750023277.7637
 14.466  0.566 28.230-31.064-17.404 20.493 32.455 -7.573  0.537
 -29.314-33.531 28.435 27.941 11.988  8.505-15.582-20.412  -1.30
 9227818 0 2 1 3 223276.750023277.7637
 14.040 -0.343 25.292 -4.539  8.689 15.059  5.646-67.754 -0.216
  -4.485 -5.195 25.412 23.841 13.912  1.148 10.157  8.676  92.77
 9227818 0 3 1 4 523276.750023277.7637
 16.881 -0.979 15.947 22.177 38.284 13.087 12.773 37.478  5.081
  22.515 22.047 15.698 16.043  3.639  9.448 41.745 35.900 -37.07
 923781819 4 3 7 523277.763723278.7422
 14.111  0.825-21.816 40.670 53.532 22.174 12.427-43.729  0.567
  41.273 39.881-22.351-21.114 12.580  9.594 53.773 51.370  24.03
 923781819 1 2 3 423277.763723278.7422
 13.886  0.340-12.338 13.266 25.907 11.645 11.212 42.096  0.284
  13.532 12.996-12.103-12.576  5.851  5.794 26.636 25.710 -18.06
 923781819 1 1 2 323277.763723278.7422
 13.665  0.939-17.936  9.519 21.945  5.428 23.851 27.753  0.930
  10.085  8.056-17.653-18.669  3.914  1.514 23.890 20.940  -1.56
 923781819 0 0 1 123277.763723278.7422
 12.960  0.208-18.559-55.744-44.010  2.917  0.050  0.000  0.000
   0.000  0.000  0.000  0.000  0.000  0.000  0.000  0.000   0.00
 923781819 1 1 2 323277.763723278.7422
 14.566  0.410-11.878-57.052-43.744 14.862  5.100 -5.593 -0.859
 -55.433-58.919-12.034-11.699  7.958  6.903-43.659-46.228  -6.66
 923781819 3 4 7 823277.763723278.7422
 15.041 -0.336 28.803-17.404 -3.631 32.455 16.688 -8.868 -1.168
 -15.582-20.412 29.053 28.392 20.208 12.246 -2.479 -6.013   4.31
 923781819 1 1 2 223277.763723278.7422
 13.518 -0.627 24.944  8.689 20.970  5.646  6.162 25.020 -0.967
  10.157  8.676 24.323 24.950  0.050  5.596 21.269 20.765   1.85
 923781819 2 3 5 523277.763723278.7422
 12.240 -1.090 14.955 38.284 49.313 12.773 11.035  0.405 -2.876
  41.745 35.900 14.931 14.971  5.210  7.563 51.432 48.577   0.05
 924781750 2 2 4 523278.742223279.8320
 14.801 -0.799-12.671 25.907 40.943 11.212  6.747 24.036  0.015
  26.636 25.710-12.354-12.757  2.393  8.819 41.409 40.490   2.34
 924781750 2 1 3 523278.742223279.8320
 14.047 -0.661-18.857 21.945 36.160 23.851  7.550 26.193  0.964
  23.890 20.940-17.951-19.325  8.125 15.726 38.943 34.916  -6.08
 924781750 2 1 3 123278.742223279.8320
 17.289  0.507-12.172-33.465-15.723  9.421  2.251 -3.525 -4.276
 -31.729-36.095-12.276-12.013  5.674  3.748  0.000  0.000   0.00
 924781750 0 0 1 623278.742223279.8320
 16.484  0.515-18.763-44.010-27.143  0.050  5.633  0.000  0.000
   0.000  0.000  0.000  0.000  0.000  0.000  0.000-27.394   0.00
 924781750 1 2 3 623278.742223279.8320
 14.156  0.045-12.280-43.744-29.410  5.100 10.450-12.254  0.242
 -43.659-46.228-12.298-11.753  4.932  0.168-28.987-31.840   4.99
 924781750 3 5 8 623278.742223279.8320
 13.491  0.173 28.474 -3.631  9.979 16.688 23.934 -4.561 -0.435
  -2.479 -6.013 28.555 28.307 11.247  5.441 11.480  8.545  20.72
 924781750 1 1 2 223278.742223279.8320
 13.532  0.201 24.330 20.970 34.624  6.162  1.867 26.869  0.140
  21.269 20.765 24.191 24.424  2.502  3.660 35.147 34.469 -46.15
 925781957 1 4 5 223279.832023280.7480
 14.511  0.182-11.802 40.943 53.351  6.747  6.168 26.376  0.471
  41.409 40.490-11.576-12.022  3.323  3.424 53.794 52.462   1.59
 925781957 2 3 5 723279.832023280.7480
 13.037  0.575-18.137 36.160 47.216  7.550  3.484 20.117 -2.902
  38.943 34.916-17.169-18.570  2.332  5.218 47.912 46.689 -11.10
 925781957 0 0 1 423279.832023280.7480
 14.775  0.506-12.723-15.723 -3.073  2.251  1.184  0.000  0.000
   0.000  0.000  0.000  0.000  0.000  0.000  0.000 -3.643   0.00
 925781957 2 4 6 123279.832023280.7480
 14.088 -0.181-19.323-27.143-15.123  5.633  0.050 12.349 -3.031
 -24.256-27.394-18.727-19.375  0.451  5.183  0.000  0.000   0.00
 925781957 4 2 6 523279.832023280.7480
 15.181 -0.075-12.329-29.410-16.387 10.450  1.965 -7.260 -2.175
 -28.987-31.840-12.381-12.026  8.899  1.551-16.252-16.846 -16.59
 925781957 0 0 1 323279.832023280.7480
 12.978 -0.900-17.997-40.463-29.461  3.629  7.041  0.000  0.000
   0.000  0.000  0.000  0.000  0.000  0.000  0.000-31.435   0.00
 925781957 1 1 2 323279.832023280.7480
 14.138  0.394 17.106-52.661-40.595  9.763 15.897 25.510 -0.162
 -51.734-52.666 16.684 17.109  0.050  9.713-39.971-40.640  13.89
 925781957 0 0 1 223279.832023280.7480
 13.693  0.304 34.719-49.190-37.532 11.820  6.646  0.000  0.000
   0.000  0.000  0.000  0.000  0.000  0.000  0.000-41.081   0.00
 925781957 1 5 6 623279.832023280.7480
 13.984  0.572 28.663  9.979 21.904 23.934 18.063 16.156 -0.305
  11.480  8.545 28.281 29.027 11.691 12.243 23.149 20.562   1.90
 925781957 0 0 1 323279.832023280.7480
 11.724  1.031 19.672 24.554 34.405  0.050  1.171  0.000  0.000
   0.000  0.000  0.000  0.000  0.000  0.000  0.000 34.044   0.00
 925781957 1 1 2 223279.832023280.7480
 14.147 -0.177 24.548 34.624 46.698  1.867  6.001-19.277  0.075
  35.147 34.469 24.715 24.499  0.426  1.441 47.111 46.396  -7.46
 926781758 4 3 7 123280.748023281.7441
 13.366 -0.509-18.665 47.216 59.545  3.484  2.805  9.017 -1.173
  47.912 46.689-18.560-18.744  1.501  1.983  0.000  0.000   0.00
 926781758 3 1 4 123280.748023281.7441
 14.511  0.084-13.188 -3.073 10.397  1.184  2.816-39.435 -1.165
  -2.719 -3.643-13.471-12.732  0.730  0.453  0.000  0.000   0.00
 926781758 2 3 5 223280.748023281.7441
 15.157  0.558-12.260-16.387 -2.274  1.965  1.418-23.855 -0.265
 -16.252-16.846-12.318-12.061  1.518  0.447 -2.207 -2.306  98.86
 926781758 3 1 4 623280.748023281.7441
 14.570  0.322-22.262-58.379-44.850 23.831 13.550 14.968 -0.218
 -57.723-59.099-22.100-22.440 12.483 11.348-44.400-45.565  -2.79
 926781758 1 2 3 323280.748023281.7441
 14.147 -0.330 17.468-40.595-27.487 15.897 13.258 39.402 -0.067
 -39.971-40.640 16.979 17.503  1.069 14.828-27.094-27.574  13.27
 926781758 1 1 2 123280.748023281.7441
 13.852 -0.331 34.998-37.532-24.719  6.646  5.555 29.556 -3.368
 -37.505-41.081 34.985 36.647  6.596  0.050  0.000  0.000   0.00
 926781758 2 2 41123280.748023281.7441
 12.811  0.124 38.571-52.177-40.400 18.122 14.872 29.389  2.456
 -50.658-54.085 37.902 39.412 10.091  8.031-36.418-43.109 -10.15
 926781758 2 4 6 523280.748023281.7441
 13.825  0.277 29.187 21.904 34.691 18.063 40.182 18.059 -0.698
  23.149 20.562 28.833 29.569  9.371  8.692 35.833 34.192  13.59
 926781758 2 1 3 323280.748023281.7441
 15.173  0.093 20.618 34.405 48.535  1.171  5.072 13.720  0.267
  36.613 34.044 20.113 20.700  0.164  1.006 50.730 47.881  -0.07
 926781758 1 1 2 123280.748023281.7441
 13.266 -0.032 24.386 46.698 58.928  6.001  0.050-26.734 -0.729
  47.111 46.396 24.575 24.247  2.537  3.464  0.000  0.000   0.00
 927781752 0 0 1 523281.744123282.8184
 12.297 -0.525-17.522-12.597 -0.451  3.286  8.813  0.000  0.000
   0.000  0.000  0.000  0.000  0.000  0.000  0.000 -3.262   0.00
 927781752 3 3 6 323281.744123282.8184
 13.484 -0.283-22.583-44.850-31.431 13.550  6.067 12.183 -0.064
 -44.400-45.565-22.493-22.726  8.321  5.229-30.517-31.624 -21.11
 927781752 1 2 3 423281.744123282.8184
 13.736 -0.079 17.140-27.487-13.797 13.258 14.374 52.667  0.124
 -27.094-27.574 16.647 17.249  2.414 10.844-13.450-14.001   0.66
 927781752 0 0 1 123281.744123282.8184
 13.738  0.069 34.668-24.719-11.027  5.555  6.336  0.000  0.000
   0.000  0.000  0.000  0.000  0.000  0.000  0.000  0.000   0.00
 927781752 1 4 5 223281.744123282.8184
 13.596 -0.522 29.463 34.691 48.230 40.182 20.174 31.646 -0.351
  35.833 34.192 28.850 29.731 12.214 27.968 48.665 47.369  -0.40
 928781937 2 3 5 723282.818423283.7734
 15.450 -0.070-16.958 -0.451 13.371  8.813 11.294  2.028 -1.405
   0.687 -3.262-16.919-17.053  6.274  2.539 14.213 11.872  17.30
 928781937 2 1 3 623282.818423283.7734
 12.809  0.403-22.279-31.431-20.132  6.067  1.766 -8.927  1.481
 -30.517-31.624-22.412-22.251  1.059  5.008-18.461-20.874  36.74
 928781937 1 3 4 823282.818423283.7734
 14.055  0.602 17.054-13.797 -1.308 14.374 12.461 53.323  2.226
 -13.450-14.001 16.609 17.316  5.320  9.054 -0.887 -3.175  -7.89
 929781834 2 5 7 623283.773423284.7422
 14.022 -0.526-16.891 13.371 26.001 11.294  6.808 19.326  0.176
  14.213 11.872-16.609-17.394  7.232  4.061 26.720 24.066 -16.32
 929781834 3 5 8 223283.773423284.7422
 13.882 -0.012 17.630 -1.308 11.186 12.461 20.007 45.434 -2.215
  -0.887 -3.175 17.223 19.437 10.168  2.292 11.610 11.168  16.41
 929781834 5 510 223283.773423284.7422
 13.595 -1.046 39.181-16.362 -4.146 18.114  0.301 13.769 -3.712
  -9.351-18.902 37.849 39.663  4.816 13.298 -0.169 -4.938 -30.28
 930781749 0 0 1 323284.742223285.7988
 12.563 -0.538-17.862 33.932 46.161  1.846  1.702  0.000  0.000
   0.000  0.000  0.000  0.000  0.000  0.000  0.000 46.142   0.00
 930781749 3 3 6 423284.742223285.7988
 14.108  0.547-16.381 26.001 39.863  6.808 12.572  3.005 -0.541
  26.720 24.066-16.345-16.479  4.965  1.843 40.428 38.432 -21.14
 930781749 3 811 623284.742223285.7988
 14.864 -0.666-13.652-49.538-34.879 23.786 14.494 -1.854 -0.137
 -48.751-51.730-13.677-13.583 17.500  6.285-34.487-37.318   0.35
 930781749 3 2 5 223284.742223285.7988
 15.602  0.683 14.015-55.873-40.435 13.369  0.100  5.353 -1.065
 -55.277-57.497 13.960 14.162  9.776  3.593-40.022-40.847 -48.73
 930781749 1 1 2 323284.742223285.7988
 14.460  0.030 17.618 11.186 25.419 20.007 17.785 61.843  0.060
  11.610 11.168 16.864 17.650  0.813 19.193 25.877 25.327  -5.22
10 4781812 5 4 91123288.757823289.7012
 15.692  0.188-12.717  4.177 18.057 33.142 13.835  2.646 -0.990
   4.857  1.684-12.687-12.830 26.042  7.100 19.546 17.648  25.99
10 4781812 0 0 1 123288.757823289.7012
 14.867 -0.799 14.361-14.456 -1.355  3.309  0.619  0.000  0.000
   0.000  0.000  0.000  0.000  0.000  0.000  0.000  0.000   0.00
10 4781812 0 0 1 123288.757823289.7012
 13.964 -0.169 16.814-19.867 -7.618  6.466  0.882  0.000  0.000
   0.000  0.000  0.000  0.000  0.000  0.000  0.000  0.000   0.00
10 4781812 3 2 5 223288.757823289.7012
 14.794 -0.218 30.105 15.293 28.325  6.085  1.817 -6.929 -0.637
  16.460 12.108 30.228 29.770  4.453  1.632 28.537 24.926  -0.32
10 5781651 2 911 923289.701223290.7188
 13.722  0.304-12.895 18.057 31.015 13.835 48.528 28.640 -0.406
  19.546 17.648-12.102-13.113  2.979 10.855 31.408 29.840 -54.92
10 5781651 0 0 1 123289.701223290.7188
 14.823 -0.543 13.607 -1.355 12.722  0.619  3.462  0.000  0.000
   0.000  0.000  0.000  0.000  0.000  0.000  0.000  0.000   0.00
10 6781715 3 6 91423290.718823291.7188
 13.667  0.412-13.204 31.015 43.696 48.528 39.083-26.279  0.081
  31.408 29.840-13.393-12.640 36.357 12.171 44.583 42.761  19.84
10 6781715 0 0 1 123290.718823291.7188
 13.632  0.135 17.908-57.832-45.186  6.249  7.664  0.000  0.000
   0.000  0.000  0.000  0.000  0.000  0.000  0.000  0.000   0.00
10 6781715 2 1 3 623290.718823291.7188
 14.524 -0.230 22.870-24.380-10.842 12.842  8.014 18.330  0.634
 -22.015-25.225 22.148 23.128  3.381  9.461 -8.676-12.351   6.89
10 6781715 0 0 1 223290.718823291.7188
 14.414 -0.505 13.055 12.722 26.150  3.462  2.502  0.000  0.000
   0.000  0.000  0.000  0.000  0.000  0.000  0.000 26.090   0.00
10 7781715 5 914 823291.718823292.8203
 13.105 -1.306-13.616 43.696 57.027 39.083 29.597 -6.437  1.408
  44.583 42.761-13.714-13.514 20.050 19.033 59.168 55.940  -2.03
10 7781715 3 4 71123291.718823292.8203
 12.971  0.495-23.502  6.204 19.388  4.640 31.200  1.997  3.213
   6.443  5.517-23.495-23.524  3.441  1.199 21.838 17.893  25.52
10 7781715 1 3 4 223291.718823292.8203
 15.767  1.208-18.008-52.711-36.452 15.890 12.449-33.664 -2.064
 -51.046-55.532-19.063-16.221  9.993  5.897-36.212-39.370  20.39
10 7781715 2 4 6 223291.718823292.8203
 13.255 -0.359-14.692-47.211-33.716  5.632 12.152-14.372  1.018
 -45.904-48.977-15.016-14.254  3.235  2.396-30.971-35.091   2.07
10 7781715 0 0 1 123291.718823292.8203
 13.830 -0.047 18.043-45.186-31.057  7.664  7.728  0.000  0.000
   0.000  0.000  0.000  0.000  0.000  0.000  0.000  0.000   0.00
10 7781715 2 4 6 423291.718823292.8203
 15.399 -0.720 22.640-10.842  5.012  8.014 13.737 25.221  0.583
  -8.676-12.351 21.698 23.296  3.290  4.724  5.776  1.465  -2.67
10 8781940 6 5111223292.820323293.7383
 15.719 -0.378-24.047 19.388 32.924 31.200 32.987 27.516  0.827
  21.838 17.893-22.881-24.758 11.823 19.377 34.906 30.080  -2.17
10 8781940 1 1 2 323292.820323293.7383
 14.758  0.647-19.337-36.452-23.799 12.449 10.220-13.276  0.254
 -36.212-39.370-19.391-18.688 11.503  0.946-23.368-26.824   1.82
10 8781940 1 1 2 423292.820323293.7383
 16.858  1.009-14.297-33.716-19.133 12.152  5.446-12.307 -0.106
 -30.971-35.091-14.877-14.006  4.056  8.096-18.125-22.209   4.35
10 8781940 0 0 1 123292.820323293.7383
 14.285 -0.184 17.991-31.057-18.838  7.728  5.229  0.000  0.000
   0.000  0.000  0.000  0.000  0.000  0.000  0.000  0.000   0.00
10 8781940 1 3 4 823292.820323293.7383
 12.735  0.322 21.848  5.012 15.806 13.737 13.367 22.548 -0.348
   5.776  1.465 21.554 23.215 11.301  2.436 17.519 13.484  -2.25
10 9781743 6 6122023293.738323294.7207
 12.291 -1.351-23.700 32.924 44.025 32.987 68.310 25.346  1.008
  34.906 30.080-22.840-24.934 19.443 13.544 46.931 41.438   5.20
10 9781743 1 2 3 423293.738323294.7207
 14.588 -0.175-19.932-23.799-10.442 10.220  8.252-11.458 -1.637
 -23.368-26.824-20.014-19.355  8.943  1.276 -9.535-10.548 -43.93
10 9781743 2 1 3 523293.738323294.7207
 14.167 -0.359-23.938-37.286-24.343  6.931  3.047-12.163  1.189
 -35.083-37.468-24.372-23.903  0.527  6.403-21.458-25.187  10.96
10 9781743 2 3 51223293.738323294.7207
 12.433  0.751 20.783-49.778-38.538  1.301  9.042-11.903  1.209
 -49.095-50.458 20.917 20.649  0.649  0.652-36.596-39.052  36.47
10 9781743 0 0 1 223293.738323294.7207
 13.100  0.289 17.823-18.838 -6.942  5.229  1.054  0.000  0.000
   0.000  0.000  0.000  0.000  0.000  0.000  0.000 -7.030   0.00
10 9781743 3 5 8 823293.738323294.7207
 14.796  0.439 22.144 15.806 29.367 13.367  6.272 20.300 -0.186
  17.519 13.484 21.558 22.940  7.693  5.674 30.516 27.193  15.84
101078171713 720 923294.720723295.7715
 12.790  1.132-22.373 44.025 56.435 68.310 43.183 30.543 -0.988
  46.931 41.438-20.787-23.785 32.169 36.141 59.930 54.902 -10.37
1010781717 3 1 4 123294.720723295.7715
 14.383  0.526-19.760-10.442  3.643  8.252 11.727-55.385 -1.679
  -9.535-10.548-20.998-19.616  0.860  7.393  0.000  0.000   0.00
1010781717 2 3 5 323294.720723295.7715
 14.924  0.880-23.586-24.343 -9.689  3.047  3.647 -1.198  0.305
 -21.458-25.187-23.642-23.570  0.690  2.357 -7.600-11.687  -1.72
1010781717 4 4 81123294.720723295.7715
 16.306  0.020-18.756-31.301-15.193 19.628 11.524  0.617 -3.539
 -28.939-36.262-18.732-18.807 13.298  6.330-12.279-15.848  -6.25
1010781717 8 311 523294.720723295.7715
 14.669  0.753-16.489-49.382-34.996 31.128 34.986  4.836 -1.179
 -47.700-51.027-16.353-16.623 15.393 15.735-33.198-35.309   0.11
1010781717 9 312 323294.720723295.7715
 15.577 -0.947 21.520-38.538-23.197  9.042 10.172 24.565  1.620
 -36.596-39.052 20.694 21.739  1.893  7.149-21.463-25.454   0.67
1010781717 1 1 2 223294.720723295.7715
 14.468 -0.440 18.106 -6.942  7.232  1.054  9.307-32.834  3.549
  -6.701 -7.030 18.254 18.052  0.280  0.774 10.395  6.668  57.92
1010781717 3 5 8 123294.720723295.7715
 16.669 -1.343 22.575 29.367 45.856  6.272  4.831 36.137 -3.799
  30.516 27.193 21.801 24.041  4.104  2.168  0.000  0.000   0.00
1011781830 0 0 1 123295.771523296.8047
 13.721 -0.050-20.313  3.643 16.812 11.727 17.377  0.000  0.000
   0.000  0.000  0.000  0.000  0.000  0.000  0.000  0.000   0.00
1011781830 2 1 3 323295.771523296.8047
 15.351  0.310-24.511 -9.689  5.165  3.647  4.241 -2.920 -3.286
  -7.600-11.687-24.608-24.419  1.783  1.864  5.406  4.932  -7.91
1011781830 6 5111723295.771523296.8047
 16.160  0.257-18.777-15.193  0.497 11.524 26.183 -5.629  0.598
 -12.279-15.848-19.049-18.716  2.115  9.409  2.473 -1.747   2.77
1011781830 1 4 5 523295.771523296.8047
 12.932  0.355-17.281-34.996-22.643 34.986 14.604  4.949 -0.469
 -33.198-35.309-17.132-17.307  5.197 29.789-21.951-23.397  22.62
1011781830 1 2 31023295.771523296.8047
 16.143 -0.575 20.524-23.197 -7.524 10.172  7.180 25.236 -1.761
 -21.463-25.454 19.758 21.520  5.752  4.420 -6.242 -8.686 -10.99
1011781830 0 0 1 123295.771523296.8047
 13.946 -0.276 28.689-49.429-36.028 30.622 30.395  0.000  0.000
   0.000  0.000  0.000  0.000  0.000  0.000  0.000  0.000   0.00
1011781830 1 1 2 823295.771523296.8047
 15.166 -0.105 17.643  7.232 21.895  9.307 17.844 25.088  0.690
  10.395  6.668 16.232 17.895  1.409  7.897 24.484 19.960  -4.38
1011781830 0 0 1 123295.771523296.8047
 14.622  0.278 21.164 45.856 59.956  4.831  8.397  0.000  0.000
   0.000  0.000  0.000  0.000  0.000  0.000  0.000  0.000   0.00
1012781920 0 0 1 123296.804723297.7754
 14.715 -0.256-20.261 16.812 30.122 17.377  8.696  0.000  0.000
   0.000  0.000  0.000  0.000  0.000  0.000  0.000  0.000   0.00
1012781920 1 2 3 723296.804723297.7754
 12.722 -0.635-24.832  5.165 16.542  4.241  1.943-10.832  1.685
   5.406  4.932-24.874-24.792  2.083  2.158 18.030 15.704  12.94
1012781920 9 8172023296.804723297.7754
 14.239  0.298-19.043  0.497 13.345 26.183 35.030 -2.855  2.533
   2.473 -1.747-19.136-18.937 13.919 12.264 16.943 10.026   2.72
1012781920 1 4 5 323296.804723297.7754
 14.767  0.125-17.648-22.643 -9.283 14.604  5.989 27.571 -0.459
 -21.951-23.397-17.304-18.023  7.619  6.985 -8.822 -9.942 -14.45
1012781920 1 2 31123296.804723297.7754
 15.681 -0.026-20.819-41.049-26.804  6.494 16.430 21.737 -0.449
 -39.853-44.269-20.373-22.019  4.736  1.759-25.922-29.866   0.89
1012781920 1 1 2 223296.804723297.7754
 13.683 -0.517 31.686-51.235-38.926  4.868  3.076 -5.995 -0.564
 -50.587-52.292 31.744 31.591  3.019  1.849-38.855-39.523 -44.24
1012781920 0 0 1 123296.804723297.7754
 13.614 -0.046 28.403-36.028-23.786 30.395 10.689  0.000  0.000
   0.000  0.000  0.000  0.000  0.000  0.000  0.000  0.000   0.00
1012781920 6 410 423296.804723297.7754
 15.150 -0.282 19.930 -7.524  6.207  7.180  8.589 14.243  1.099
  -6.242 -8.686 19.624 20.207  3.414  3.766  6.561  3.459  18.46
1012781920 6 2 8 823296.804723297.7754
 15.821 -0.302 17.534 21.895 36.277 17.844 14.583 20.707  0.364
  24.484 19.960 16.601 18.232  7.633 10.211 38.894 33.701 -16.04
1013781836 0 0 1 123297.775423298.8047
 13.750 -0.474-20.013 30.122 43.275  8.696  5.233  0.000  0.000
   0.000  0.000  0.000  0.000  0.000  0.000  0.000  0.000   0.00
1013781836 3 4 7 223297.775423298.8047
 12.763 -0.133-24.217 16.542 28.678  1.943 12.672  2.110  2.113
  18.030 15.704-24.167-24.245  0.700  1.243 31.811 27.192   3.24
1013781836 1 2 3 223297.775423298.8047
 14.398 -0.261-17.769 -9.283  4.539  5.989  2.008 13.121  0.322
  -8.822 -9.942-17.667-17.916  3.528  2.462  4.701  3.278 -29.77
1013781836 6 5111323297.775423298.8047
 12.577  0.723-20.794-26.804-14.859 16.430 39.669 22.629  1.872
 -25.922-29.866-20.450-21.987 12.759  3.671-10.913-17.122 -12.49
1013781836 2 1 3 223297.775423298.8047
 16.448  1.130 12.171-29.562-13.628  5.490  1.661-36.054 -1.109
 -28.518-30.257 12.914 11.676  2.195  3.295-13.198-13.658 -27.18
1013781836 0 0 1 223297.775423298.8047
 13.722  0.242 28.359-23.786-10.661 10.689 18.092  0.000  0.000
   0.000  0.000  0.000  0.000  0.000  0.000  0.000-11.262   0.00
1013781836 1 3 4 923297.775423298.8047
 13.743  0.350 19.656  6.207 19.354  8.589 10.352 32.699  1.539
   6.561  3.459 19.443 21.318  7.610  0.979 21.468 16.571  -9.39
1013781836 2 6 8 623297.775423298.8047
 13.826  0.692 17.242 36.277 49.509 14.583  6.767  4.669  0.814
  38.894 33.701 17.037 17.442  7.234  7.349 52.224 46.274   7.47
1025781713 0 0 1 123309.716823310.6895
 13.997  0.578-21.273 38.127 50.767 12.383 11.780  0.000  0.000
   0.000  0.000  0.000  0.000  0.000  0.000  0.000  0.000   0.00
1025781713 1 2 3 223309.716823310.6895
 13.989 -0.416-16.776-33.431-20.799 30.278 18.315 -9.525 -0.301
 -33.120-34.254-16.826-16.644 21.959  8.319-20.684-21.514   4.45
1025781713 0 0 1 123309.716823310.6895
 13.965 -0.432-19.069-52.450-39.841 11.489  7.085  0.000  0.000
   0.000  0.000  0.000  0.000  0.000  0.000  0.000  0.000   0.00
1025781713 0 0 1 423309.716823310.6895
 14.336 -0.258 18.521-24.443-11.473 10.972  8.737  0.000  0.000
   0.000  0.000  0.000  0.000  0.000  0.000  0.000-12.746   0.00
1025781713 0 0 1 223309.716823310.6895
 15.082  0.434 19.173 -3.515 10.179  1.563  0.155  0.000  0.000
   0.000  0.000  0.000  0.000  0.000  0.000  0.000  9.685   0.00
1025781713 3 3 6 823309.716823310.6895
 12.989 -0.585 27.884 28.574 40.235 15.867 37.717-26.228  2.011
  29.431 25.528 28.257 26.558 12.382  3.485 43.030 37.321  -3.76
1026781632 2 3 5 623310.689523311.7070
 13.564 -0.777-17.460 25.600 38.414  9.042 18.584  5.984 -0.019
  26.562 23.164-17.363-17.703  6.483  2.560 40.520 37.182   3.19
1026781632 1 1 2 123310.689523311.7070
 13.749 -0.191-16.372-20.799 -7.797 18.315 32.671 -5.075 -0.800
 -20.684-21.514-16.381-16.311 15.777  2.538  0.000  0.000   0.00
1026781632 0 0 1 123310.689523311.7070
 14.225 -0.170-18.649-39.841-26.354  7.085  4.334  0.000  0.000
   0.000  0.000  0.000  0.000  0.000  0.000  0.000  0.000   0.00
1026781632 3 1 4 723310.689523311.7070
 14.004 -0.404 18.270-11.473  1.788  8.737 11.501  1.603 -0.115
 -11.360-12.746 18.267 18.304  8.025  0.712  2.678  1.492  18.44
1026781632 1 2 3 323310.689523311.7070
 15.631 -0.335 22.272 -8.139  6.780  4.378  2.520  4.947 -2.192
  -7.740-11.468 22.240 22.539  3.909  0.468  7.125  5.767 -12.40
1026781632 6 2 8 323310.689523311.7070
 13.906 -2.214 27.315 40.235 53.397 37.717  1.842-29.990 -2.394
  43.030 37.321 28.749 25.821 19.253 18.465 54.168 50.407  40.30
1027781659 3 3 6 523311.707023312.7168
 16.055 -0.841-16.668 38.414 53.619 18.584  7.945  9.179  0.625
  40.520 37.182-16.342-16.858  6.856 11.728 54.384 50.465   3.49
1027781659 0 0 1 223311.707023312.7168
 13.970 -0.027-16.177 -7.797  5.304 32.671 19.991  0.000  0.000
   0.000  0.000  0.000  0.000  0.000  0.000  0.000  4.507   0.00
1027781659 0 0 1 223311.707023312.7168
 14.273  0.121-18.477-26.354-12.947  4.334  4.721  0.000  0.000
   0.000  0.000  0.000  0.000  0.000  0.000  0.000-12.996   0.00
1027781659 0 0 1 123311.707023312.7168
 14.041  0.255-13.453-52.308-39.136  8.173 11.919  0.000  0.000
   0.000  0.000  0.000  0.000  0.000  0.000  0.000  0.000   0.00
1027781659 0 0 1 123311.707023312.7168
 13.352  0.200 28.806-55.853-43.375 10.271  6.159  0.000  0.000
   0.000  0.000  0.000  0.000  0.000  0.000  0.000  0.000   0.00
1027781659 3 4 7 323311.707023312.7168
 14.719 -0.192 17.859  1.788 15.645 11.501 10.521 20.039 -0.042
   2.678  1.492 17.550 17.962  2.875  8.626 16.192 14.986 -12.01
1027781659 1 2 3 923311.707023312.7168
 12.012 -0.155 21.931  6.780 17.906  2.520  5.143 -7.455  4.364
   7.125  5.767 21.973 21.808  1.881  0.639 20.873 14.806   7.41
1031782359 0 2 2 123316.000023316.7402
 11.966 -2.487-16.149  5.304 13.432 19.991  3.564 63.704-11.259
   0.000 -5.193  0.000-10.094  1.000  1.938  0.000  0.000   0.00
11 1781745 0 0 1 123316.740223317.7441
 13.985 -0.003-14.308 13.432 26.485  3.564 11.706  0.000  0.000
   0.000  0.000  0.000  0.000  0.000  0.000  0.000  0.000   0.00
11 1781745 4 3 7 523316.740223317.7441
 14.731 -0.094-11.009  5.192 18.994  5.447  4.426 16.287 -2.257
   5.924  0.917-10.799-12.235  4.651  0.796 19.176 16.296  -7.34
11 1781745 9 3122023316.740223317.7441
 14.243 -1.235-20.502-18.871 -5.560 30.429 23.367 31.531  1.313
 -16.744-20.192-19.280-21.261 11.654 18.775 -2.373 -7.517 -13.70
11 1781745 3 1 43423316.740223317.7441
 12.443 -2.687-26.298-27.680-16.176  0.770 26.891  8.003  4.230
 -25.779-28.989-26.058-26.463  0.314  0.456-12.130-19.746 -20.04
11 1781745 8 7153423316.740223317.7441
 14.683 -0.542-24.144-29.930-16.176  8.487 26.891  1.636  3.174
 -27.578-31.917-24.083-24.196  3.886  4.601-12.130-19.746 -13.67
11 1781745 5 5101223316.740223317.7441
 15.062 -0.147 13.021 16.786 30.921 10.934  9.934 17.200  0.346
  19.871 16.174 12.091 13.206  1.811  9.123 33.554 29.462  -2.87
11 2781751 1 2 3 123317.744123318.9355
 15.733 -0.140-12.549 34.810 52.394  1.545  0.936 -7.892 -2.891
  36.239 33.305-12.743-12.346  0.793  0.752  0.000  0.000   0.00
11 2781751 0 0 1 123317.744123318.9355
 14.061  0.353-14.305 26.485 42.075 11.706 10.503  0.000  0.000
   0.000  0.000  0.000  0.000  0.000  0.000  0.000  0.000   0.00
11 2781751 2 3 5 123317.744123318.9355
 14.592  0.186-10.914 18.994 35.217  4.426  3.542  8.947 -2.863
  19.176 16.296-10.886-11.331  4.146  0.280  0.000  0.000   0.00
11 278175111 920 423317.744123318.9355
 15.451 -0.334-19.263 -5.560 11.688 23.367 13.979 17.834  1.345
  -2.373 -7.517-18.295-19.857  8.891 14.476 14.570  8.140   1.46
11 278175110 515 923317.744123318.9355
 14.651 -0.858-12.527-53.802-37.508 29.961 28.658 15.029  1.153
 -50.560-57.205-11.678-13.419 15.344 14.617-33.020-41.007  -9.11
11 3782228 3 1 41223318.935523320.6602
 14.221  0.267-18.864 11.688 34.500 13.979 16.246 19.299 -0.266
  14.570  8.140-17.910-20.040  7.714  6.265 37.230 30.810  -7.88
11 3782228 1 1 21223318.935523320.6602
 16.546 -0.672-20.483  7.680 34.500 17.676 16.246-65.926  4.032
   8.337  7.401-21.861-19.899  5.262 12.414 37.230 30.810  77.35
11 3782228 0 0 1 123318.935523320.6602
 14.686  0.306-24.102  3.031 26.645  0.183  0.050  0.000  0.000
   0.000  0.000  0.000  0.000  0.000  0.000  0.000  0.000   0.00
11 3782228 1 1 2 223318.935523320.6602
 15.801 -1.432-25.757 -5.458 20.077  0.100  0.595-14.427  1.779
  -3.533 -7.383-26.203-25.311  0.050  0.050 20.485 15.623  47.97
11 3782228 5 4 92323318.935523320.6602
 15.314  0.128-11.504-37.508-12.813 28.658 65.671  5.923  1.485
 -33.020-41.007-11.048-11.860 12.554 16.103 -8.551-17.929   5.08
11 5781550 7 512 123320.660223321.7598
 15.540 -0.758-19.324 34.500 50.509 16.246  1.056 11.423 -6.181
  37.230 30.810-18.804-20.028  9.337  6.909  0.000  0.000   0.00
11 5781550 4 5 9 223320.660223321.7598
 16.619 -0.420-23.091  3.392 20.588  3.451  4.947 -8.618 -1.747
   4.393  1.590-23.231-22.840  2.218  1.232 20.622 20.377  83.41
11 5781550 716231523320.660223321.7598
 16.605 -0.454-11.725-12.813  4.369 65.671 59.503 11.008 -0.235
  -8.551-17.929-10.913-12.699 35.829 29.842  6.894 -2.360  -5.48
11 5781550 0 0 1 123320.660223321.7598
 14.283 -0.086 18.954-54.231-39.605  5.213  7.629  0.000  0.000
   0.000  0.000  0.000  0.000  0.000  0.000  0.000  0.000   0.00
11 5781550 1 2 3 223320.660223321.7598
 14.039  0.395 16.824-41.495-27.136 20.785  3.834-10.057  3.056
 -41.399-42.108 16.840 16.720 17.977  2.808-27.085-30.990  15.38
11 6781814 0 0 1 123321.759823322.9902
 13.517  2.761-19.961 44.430 59.859  1.788  0.903  0.000  0.000
   0.000  0.000  0.000  0.000  0.000  0.000  0.000  0.000   0.00
11 6781814 6 9152823321.759823322.9902
 11.929  1.610-11.225  4.369 17.843 59.503 57.649  5.531 -0.294
   6.894 -2.360-10.985-11.864 43.267 16.236 21.391 12.355  -0.97
11 6781814 1 1 22123321.759823322.9902
 13.205  0.685 17.259-27.136-12.090  3.834 51.373  5.325  3.554
 -27.085-30.990 17.254 17.602  3.784  0.050-10.200-17.518  12.32
11157820 0 1 2 3 523330.834023331.8203
 15.528 -0.377-22.892-55.908-41.567  1.636  5.628 29.763  0.924
 -53.881-56.335-21.824-23.117  0.284  1.352-40.183-43.986 -35.09
11157820 0 4 4 8 623330.834023331.8203
 16.404 -0.807 23.316 30.816 46.021 13.676 13.733  5.361 -1.798
  33.310 28.516 23.101 23.514  6.561  7.115 47.123 44.286  -2.21
1116781940 2 3 5 123331.820323332.8125
 15.216 -2.470-18.065 40.898 55.030  8.822  3.942 23.670 -1.960
  41.539 39.651-17.798-18.585  5.826  2.995  0.000  0.000   0.00
1116781940 4 1 5 423331.820323332.8125
 14.846  1.003-22.520-41.567-27.803  5.628  8.243 -5.326  0.809
 -40.183-43.986-22.639-22.312  3.579  2.048-26.660-31.311  -5.11
1116781940 1 1 2 223331.820323332.8125
 13.799  1.140-16.919-56.451-43.726 11.999 21.110-63.328  0.077
 -56.303-56.586-17.202-16.662  5.721  6.277-43.535-43.954   9.15
1126781745 1 2 31023341.740223342.7266
 15.117 -0.081-13.718-10.680  3.257  1.390  9.580 26.549  0.261
  -9.302-12.206-13.049-14.458  0.730  0.659  4.739  1.368 -10.19
1126781745 2 3 5 723341.740223342.7266
 12.131  1.329  8.290-27.824-16.833  6.182  4.531 21.588 -0.231
 -27.156-31.617  8.028  9.775  5.256  0.926-13.402-17.491   5.20
1126781745 0 0 1 323341.740223342.7266
 13.964 -0.092 13.427-46.023-33.224 22.662 17.265  0.000  0.000
   0.000  0.000  0.000  0.000  0.000  0.000  0.000-34.013   0.00
1126781745 4 1 5 223341.740223342.7266
 14.082 -0.308 13.518-56.394-43.478 24.220 16.142-66.536  9.364
 -55.368-56.402 15.815 13.499  0.200 24.020-43.478-55.526  75.97
1126781745 1 3 4 323341.740223342.7266
 14.012  0.207 14.461 -1.979 10.867 13.162 11.297 38.504 -1.085
  -1.901 -3.849 14.401 15.901 12.635  0.527 11.028  9.750 -17.50
1126781745 3 9122423341.740223342.7266
 12.224 -0.439 12.082 39.907 50.990 19.100 66.382  3.780  0.767
  41.995 36.632 11.947 12.294 11.662  7.438 54.236 48.111   1.35
1127781725 4 610 723342.726623343.7227
 13.186  0.701-13.638  3.257 15.434  9.580  2.636 16.355  0.295
   4.739  1.368-13.215-14.176  5.369  4.211 17.717 14.346  11.96
1127781725 2 0 2 523342.726623343.7227
 14.459 -0.350 13.214-43.478-30.031 16.142 25.072-17.263-40.649
 -43.020  0.000 13.015  0.000 16.261  1.000-27.863-30.304 -24.83
1127781725 1 2 3 123342.726623343.7227
 14.419 -0.400 13.336-33.224-19.817 17.265  6.834-32.972 -0.942
 -33.201-34.013 13.351 12.838 16.774  0.491  0.000  0.000   0.00
1127781725 4 3 7 523342.726623343.7227
 14.817 -1.480  9.600-16.833 -3.029  4.531  1.379 26.788 -2.540
 -13.402-17.491  7.892  9.928  0.729  3.802 -1.877 -3.873 -25.72
1127781725 1 2 3 123342.726623343.7227
 14.323 -0.310 14.666 10.867 24.178 11.297  5.841 21.001 -1.324
  11.028  9.750 14.606 15.081  9.880  1.416  0.000  0.000   0.00
1128781722 4 1 5 123343.722723344.7422
 13.484 -0.166 12.865-30.031-17.305 25.072 12.385-42.091 -3.207
 -27.863-30.304 14.774 12.624  2.803 22.269  0.000  0.000   0.00
1128781722 0 0 1 123343.722723344.7422
 13.771  0.236 22.102-38.871-25.853  4.747 15.399  0.000  0.000
   0.000  0.000  0.000  0.000  0.000  0.000  0.000  0.000   0.00
1128781722 0 0 1 123343.722723344.7422
 14.174  0.264 12.937-19.817 -6.388  6.834 14.619  0.000  0.000
   0.000  0.000  0.000  0.000  0.000  0.000  0.000  0.000   0.00
1128781722 2 3 5 323343.722723344.7422
 16.116  0.369  8.124 -3.029 12.377  1.379  3.959  1.063  1.794
  -1.877 -3.873  8.102  8.139  0.584  0.795 12.525  9.034  22.61
1128781722 0 0 1 123343.722723344.7422
 14.289  0.339 14.356 24.178 37.724  5.841  8.382  0.000  0.000
   0.000  0.000  0.000  0.000  0.000  0.000  0.000  0.000   0.00
112978174811 7182423344.742223345.7285
 12.239  0.042-18.496-45.341-34.234 47.466 82.928  1.520  1.474
 -40.521-50.933-18.375-18.637 25.492 21.975-29.763-41.731   0.23
1129781748 0 0 1 123344.742223345.7285
 13.495 -0.374 12.696-17.305 -4.959 12.385 18.171  0.000  0.000
   0.000  0.000  0.000  0.000  0.000  0.000  0.000  0.000   0.00
1129781748 0 0 1 123344.742223345.7285
 13.422 -0.164 22.342-25.853-13.579 15.399 17.776  0.000  0.000
   0.000  0.000  0.000  0.000  0.000  0.000  0.000  0.000   0.00
1129781748 0 0 1 123344.742223345.7285
 13.958 -0.039 13.206 -6.388  6.415 14.619 12.722  0.000  0.000
   0.000  0.000  0.000  0.000  0.000  0.000  0.000  0.000   0.00
1129781748 2 1 3 223344.742223345.7285
 14.640 -0.508  8.500 12.377 25.854  3.959  1.885 23.675 -0.331
  12.525  9.034  8.435  9.949  3.791  0.168 25.933 22.923   6.24
1129781748 0 0 1 123344.742223345.7285
 13.753 -0.462 14.700 37.724 50.324  8.382  0.974  0.000  0.000
   0.000  0.000  0.000  0.000  0.000  0.000  0.000  0.000   0.00
1130781729 1 1 2 523345.728523346.7441
 11.580  0.732-26.334 35.355 46.121  1.001  9.156 22.171  0.284
  35.894 33.843-26.137-26.886  0.738  0.263 47.549 45.002 -23.76
113078172917 7242023345.728523346.7441
 13.110 -0.555-18.538-34.234-21.914 82.928 43.840  1.746  2.517
 -29.763-41.731-18.408-18.754 51.945 30.983-16.288-30.837   2.02
1130781729 0 0 1 323345.728523346.7441
 14.419  0.116 22.180-13.579  0.071 17.776 10.107  0.000  0.000
   0.000  0.000  0.000  0.000  0.000  0.000  0.000 -0.258   0.00
1130781729 0 0 1 223345.728523346.7441
 13.919 -0.078 12.328 -4.959  8.183 18.171 16.260  0.000  0.000
   0.000  0.000  0.000  0.000  0.000  0.000  0.000  7.826   0.00
1130781729 0 0 1 223345.728523346.7441
 14.463 -0.116 13.168  6.415 20.110 12.722 13.184  0.000  0.000
   0.000  0.000  0.000  0.000  0.000  0.000  0.000 16.876   0.00
12 1781752 4 1 5 123346.744123347.8340
 12.593 -0.275-27.077 46.121 58.762  9.156  2.815 -1.589 -2.269
  47.549 45.002-27.112-27.049  4.022  5.133  0.000  0.000   0.00
12 1781752 0 0 1 123346.744123347.8340
 13.814 -0.531 16.738-57.614-43.643 14.505 13.459  0.000  0.000
   0.000  0.000  0.000  0.000  0.000  0.000  0.000  0.000   0.00
12 1781752 2 1 3 323346.744123347.8340
 13.302 -0.392 22.298  0.071 13.485 10.107 12.986 10.606  0.894
   0.212 -0.258 22.274 22.355  7.076  3.031 14.844 13.464   5.88
12 1781752 1 1 2 323346.744123347.8340
 14.026 -0.417 12.249  8.183 22.384 16.260 12.929-17.676  2.837
   8.395  7.826 12.315 12.138 10.192  6.068 25.591 22.359  -4.72
12 1781752 1 1 2 123346.744123347.8340
 14.446 -0.092 13.050 20.110 34.769 13.184 13.221 14.062 -3.339
  20.201 16.876 13.027 13.839 12.825  0.359  0.000  0.000   0.00
12 27820 0 3 3 61223347.834023348.8242
 12.831  0.419-29.957 13.069 24.819 15.156 21.973 -1.099  4.196
  13.579 12.382-29.966-29.946  8.704  6.451 27.541 21.549  10.05
12 27820 0 6 8141623347.834023348.8242
 15.387 -0.030-18.173 -3.767 10.517 46.910 52.178  6.744 -1.604
  -0.394 -9.145-17.787-18.770 28.652 18.392 13.215  6.115  -2.12
12 27820 0 0 0 1 323347.834023348.8242
 14.220  0.420-18.817-18.437 -5.311  9.705  0.524  0.000  0.000
   0.000  0.000  0.000  0.000  0.000  0.000  0.000 -5.867   0.00
12 27820 0 0 0 1 123347.834023348.8242
 13.919 -0.350 16.160-43.643-30.815 13.459 10.143  0.000  0.000
   0.000  0.000  0.000  0.000  0.000  0.000  0.000  0.000   0.00
12 27820 0 2 1 3 123347.834023348.8242
 13.709 -0.129 21.871 13.485 26.105 12.986  5.414 16.490 -1.335
  14.844 13.464 21.498 21.877  0.201 12.785  0.000  0.000   0.00
12 27820 0 2 1 3 123347.834023348.8242
 14.253  0.226 11.795 22.384 35.544 12.929 14.346-22.392 -3.421
  25.591 22.359 13.088 11.785  0.100 12.829  0.000  0.000   0.00
12 27820 0 0 0 1 123347.834023348.8242
 14.501  0.203 12.949 34.769 48.174 13.221 14.795  0.000  0.000
   0.000  0.000  0.000  0.000  0.000  0.000  0.000  0.000   0.00
12 9782147 3 3 61223354.908223355.9590
 14.375  1.087-16.658 36.838 50.919 49.258 92.639-21.130 -0.330
  38.651 34.550-17.329-15.810 27.482 21.776 52.498 48.525   8.18
12 9782147 1 3 4 323354.908223355.9590
 14.011  0.611-22.724 36.264 49.963  4.733  9.100 -6.636 -0.244
  36.559 34.696-22.756-22.556  3.984  0.748 49.981 48.371  12.60
12 9782147 4 1 5 823354.908223355.9590
 16.645 -1.083-17.118-27.764-11.296 77.329 42.251  4.968 -3.138
 -24.030-30.099-16.808-17.312 29.752 47.577-10.074-12.698 -24.91
12 9782147 3 1 41123354.908223355.9590
 15.366 -0.337-12.147-31.985-16.862  0.200  8.427 18.065 -0.998
 -31.005-34.925-11.834-13.084  0.150  0.050-15.466-18.558 -14.57
12 9782147 3 7102223354.908223355.9590
 14.712  0.720 20.410-21.427 -6.992 88.405 77.342-22.259 -0.325
 -18.046-25.211 21.707 18.958 46.691 41.713 -3.780-11.064  10.75
12207819 4 1 1 2 323365.794923366.7910
 14.264 -1.159 11.201-49.192-35.955  2.880  0.615 -0.338  0.488
 -47.740-49.218 11.210 11.201  0.050  2.830-35.511-36.041 -74.05
12207819 4 0 0 1 323365.794923366.7910
 14.407  0.421 10.531-54.823-41.443  3.432  3.739  0.000  0.000
   0.000  0.000  0.000  0.000  0.000  0.000  0.000-41.715   0.00
12207819 4 1 5 6 223365.794923366.7910
 13.993  0.133 10.399 -0.859 12.108 19.673 29.163 20.024 -0.964
  -0.231 -5.544 10.174 12.078 17.350  2.324 12.673  8.163  -4.69
12207819 4 0 0 1 123365.794923366.7910
 14.182 -0.029 19.482 16.096 29.251  4.317  4.827  0.000  0.000
   0.000  0.000  0.000  0.000  0.000  0.000  0.000  0.000   0.00
12207819 4 0 0 1 623365.794923366.7910
 15.668 -0.748 25.413 18.944 33.581  0.350  6.998  0.000  0.000
   0.000  0.000  0.000  0.000  0.000  0.000  0.000 32.732   0.00
1221781859 1 2 3 323366.791023367.7383
 14.146  0.394 10.950-41.443-28.981  3.739  2.960  6.933  0.371
 -41.254-41.715 10.928 10.983  2.204  1.535-28.710-29.546   0.68
1221781859 1 1 2 223366.791023367.7383
 13.297  0.366 10.531 12.108 23.765 29.163 14.300 15.339 -0.112
  12.673  8.163 10.379 11.595 25.510  3.653 25.063 20.597  -3.27
1221781859 0 0 1 223366.791023367.7383
 13.762  0.200 19.453 29.251 41.349  4.827  1.426  0.000  0.000
   0.000  0.000  0.000  0.000  0.000  0.000  0.000 41.284   0.00
1221781859 4 2 6 423366.791023367.7383
 13.142  0.512 24.667 33.581 45.091  6.998  5.744 54.759  0.976
  34.195 32.732 23.876 25.759  4.059  2.939 47.100 44.035 -22.50
1222781742 1 2 3 123367.738323368.7461
 13.851  0.131-16.868-55.480-42.494  3.971  0.746-32.179 -0.512
 -55.311-55.763-16.970-16.697  2.481  1.490  0.000  0.000   0.00
1222781742 1 2 3 423367.738323368.7461
 15.162 -0.159 11.323-28.981-14.672  2.960  3.101  7.613  3.320
 -28.710-29.546 11.288 11.397  1.999  0.960-11.062-15.289  -7.13
1222781742 1 1 2 623367.738323368.7461
 15.165 -0.329 19.008-16.443 -2.130  0.308  6.989-14.814  1.715
 -15.211-17.330 19.316 18.786  0.129  0.179 -0.585 -4.579  17.20
1222781742 1 1 2 323367.738323368.7461
 14.785 -0.451 10.878 23.765 37.694 14.300 12.398 12.071 -0.136
  25.063 20.597 10.605 11.543 10.144  4.156 38.116 33.727  -5.00
1229781810 1 4 5 423374.757823375.7695
 12.932 -0.464-14.975 -2.610  9.492 23.967  8.342 18.396 14.687
   0.122 -3.463-14.097-15.249  5.703 18.264 10.279  0.000 -75.53
1229781810 0 0 1 423374.757823375.7695
 14.508 -2.569-17.106 -4.205  9.492  7.577  8.342  0.000  0.000
   0.000  0.000  0.000  0.000  0.000  0.000  0.000  0.000   0.00
1229781810 1 1 2 323374.757823375.7695
 15.600 -0.625-17.868-10.805  3.998 20.495 24.929 -7.895 11.407
 -10.762-13.461-17.874-17.518 20.172  0.324  9.371  2.641 -54.77
