 1 152 452 3 1 4 213514.796913515.7373
 15.276 -0.067 -7.345  0.554 13.996  1.697  0.926 28.354 -1.130
   1.239 -0.221 -6.978 -7.759  0.901  0.797 14.046 13.939-106.42
 1 152 452 4 3 7 313514.796913515.7373
 12.526  0.125 13.911  5.402 16.259  5.887  7.584  3.140 -5.648
   9.399  2.371 13.698 14.072  2.539  3.348 17.043 15.823  -4.01
 1 152 452 5 510 513514.796913515.7373
 16.570 -0.787  0.837 22.644 37.303 10.148  6.145 15.575 -6.841
  24.613 17.155  0.288  2.367  7.469  2.679 37.768 36.878  -6.60
 1 252 617 1 1 2 713515.737313516.7178
 14.689 -1.645-10.447  5.353 18.795  0.745  2.561-38.483  1.049
   5.373  5.072-10.462-10.227  0.695  0.050 19.326 17.892  31.41
 1 252 617 1 2 3 213515.737313516.7178
 15.137 -0.108 14.028 16.259 30.141  7.584  1.640 -0.867 -0.853
  17.043 15.823 14.040 14.022  2.713  4.871 30.151 29.843  26.34
 1 252 617 3 2 5 913515.737313516.7178
 13.020  0.112 -0.097 37.303 49.110  6.145  5.929  8.975  0.137
  37.768 36.878 -0.024 -0.164  2.937  3.208 49.674 48.641  -3.18
 1 352 645 3 4 7 313516.717813517.6621
 12.764  0.548 -8.834 18.795 29.917  2.561  7.894 -7.077  0.624
  19.326 17.892 -8.899 -8.723  1.613  0.948 31.087 29.094  -9.45
 1 452 8 7 1 2 3 913517.662113518.7373
 15.169 -0.335 -9.351 29.917 45.180  7.894  0.772-16.531  0.153
  31.087 29.094 -9.694 -9.110  3.258  4.635 46.020 44.026  43.19
 1 952 749 4 3 7 113522.673813523.7773
 15.118 -0.425 10.642 31.614 47.226  9.790  8.569 18.401 -3.484
  32.413 29.050 10.381 11.480  7.465  2.325  0.000  0.000   0.00
 12752 410 1 1 2 113540.826213541.7500
 15.517 -0.923-17.365-19.923 -6.485  2.424  2.575 42.686 -3.930
 -18.539-21.566-16.146-18.811  1.315  1.108  0.000  0.000   0.00
 12752 410 2 5 71413540.826213541.7500
 13.502 -0.006 -9.722-10.239  1.336  9.676 14.430 -0.910 -0.481
  -9.488-14.023 -9.734 -9.663  8.074  1.602  2.363 -1.527 -15.13
 13152 612 1 3 4 113544.741213545.6748
 13.900  0.241-10.104 41.367 53.436  4.033  1.677 46.734 -1.440
  41.393 40.390-10.077-11.126  3.930  0.103  0.000  0.000   0.00
 2 552 746 3 6 9 913549.675813550.6650
 13.671  0.629-22.328-29.001-16.441  7.691 10.096-13.303  1.007
 -27.402-30.678-22.678-21.961  3.938  3.753-14.181-18.504  -1.67
 2 552 746 3 3 62013549.675813550.6650
 13.794  2.221  0.042 -7.148  5.533  9.049 15.703 30.881  1.213
  -6.316 -8.322  0.540 -0.660  5.299  3.751  7.086  3.682 -47.53
 21552 7481416302613559.673813560.6934
 15.346  0.558-10.566-39.745-25.100 31.576 50.356 -9.462 -1.171
 -36.989-44.150-11.017 -9.844 19.422 12.155-23.014-29.094   9.03
 21552 748 4 812 413559.673813560.6934
 13.618 -0.598 18.547-47.389-34.506  7.012  8.851 -8.563  0.220
 -46.777-48.466 18.634 18.393  4.472  2.540-33.992-35.816 -10.92
 22252 6 1 0 0 1 113566.749013567.7500
 13.151  0.366 20.343 44.576 56.763  4.261  2.486  0.000  0.000
   0.000  0.000  0.000  0.000  0.000  0.000  0.000  0.000   0.00
 32552 748 4 1 51213598.673813599.7236
 15.913 -0.857 -7.824-14.598  1.067  3.348 13.738 28.415 -1.069
 -11.857-17.292 -6.355 -9.268  1.659  1.688  3.958 -0.936 -12.47
 32652 637 7 5121213599.723613600.7568
 13.410  0.625 -6.925  1.067 13.906 13.738 16.396 15.949 -1.761
   3.958 -0.936 -6.105 -7.493  5.624  8.114 15.837 12.520 -18.69
 32652 637 1 4 5 513599.723613600.7568
 14.398  0.929 -2.556-55.788-41.927  8.559  6.163 17.542 -0.101
 -54.540-56.005 -2.162 -2.625  1.268  7.291-40.662-42.026   0.70
 32752 549 3 4 7 513600.756813601.7285
 15.314  0.027-18.342-37.555-23.633  2.871  5.082 23.935  1.853
 -36.683-37.694-17.974-18.400  0.396  2.476-22.156-25.212 -26.34
 32752 549 1 4 5 413600.756813601.7285
 14.058 -0.874 -3.516-41.927-29.226  6.163  0.804 18.240  1.688
 -40.662-42.026 -3.100 -3.549  0.448  5.714-28.908-31.460 -53.49
 32752 549 2 2 4 513600.756813601.7285
 16.012  0.040  7.861 25.153 39.751 13.018  6.138  1.646  1.854
  26.496 24.569  7.823  7.878  3.944  9.074 40.575 36.930  14.80
 32752 549 6 6121213600.756813601.7285
 12.548  0.434 -7.570 13.906 25.141 16.396 21.657 -2.740 -1.530
  15.837 12.520 -7.662 -7.504  6.854  9.542 25.946 24.655  46.19
 32852 630 2 3 5 213601.728513602.7246
 16.450  1.015-18.367-23.633 -8.232  5.082  0.859 -2.407 -2.800
 -22.156-25.212-18.426-18.304  2.626  2.456 -8.226 -8.326  26.37
 32852 630 2 2 4 813601.728513602.7246
 14.404  1.065 -2.667-29.226-15.862  0.804  9.887-35.251 -1.375
 -28.908-31.460 -2.891 -1.090  0.704  0.100-15.644-17.231  10.28
 32852 630 3 1 4 513601.728513602.7246
 15.726  0.690 -3.660 13.037 27.716  1.451  3.536 19.798  1.029
  13.058 12.435 -3.652 -3.876  1.401  0.050 27.968 26.343  -3.28
 32852 630 9 3122113601.728513602.7246
 16.155  0.346 -7.992 25.141 40.248 21.657 19.051 43.451  3.166
  25.946 24.655 -7.236 -8.448  8.151 13.506 43.019 38.078 -36.36
 32852 630 2 3 5 213601.728513602.7246
 14.994 -0.489  7.900 39.751 53.702  6.138  0.377 16.441 -3.470
  40.575 36.930  7.659  8.725  4.751  1.387 53.781 53.690  55.76
 32952 637 1 1 2 313602.724613603.7607
 14.261 -0.380-19.378 -8.232  5.532  0.859  1.054 23.960  1.096
  -8.226 -8.326-19.376-19.417  0.809  0.050  6.420  5.238 -45.15
 32952 637 3 5 8 913602.724613603.7607
 14.598 -0.359 -3.728-15.862 -1.748  9.887 15.022-24.966  0.945
 -15.644-17.231 -3.829 -3.092  8.529  1.357  0.131 -2.564  22.88
 32952 637 0 0 1 213602.724613603.7607
 16.097  0.373 -9.755 12.828 28.496  1.991  3.587  0.000  0.000
   0.000  0.000  0.000  0.000  0.000  0.000  0.000 25.853   0.00
 32952 637 1 4 5 213602.724613603.7607
 14.972 -0.423 -4.347 27.716 42.218  3.536  1.855 16.519  3.112
  27.968 26.343 -4.272 -4.753  2.988  0.547 42.738 37.986  -7.32
 32952 63712 9211913602.724613603.7607
 14.598 -0.225 -8.336 40.248 54.363 19.051 20.627  7.093  0.268
  43.019 38.078 -7.995 -8.604  8.368 10.683 57.967 52.760 -14.24
 33052 544 1 1 2 113603.760713604.7295
 14.388 -0.220-10.142 28.496 41.471  3.587  0.280  1.204 -2.604
  28.498 25.853-10.142-10.196  3.584  0.002  0.000  0.000   0.00
 33052 544 1 1 2 113603.760713604.7295
 14.665 -0.804 -3.908 42.218 55.461  1.855  0.991  9.203 -4.803
  42.738 37.986 -3.824 -4.592  1.652  0.203  0.000  0.000   0.00
 33052 544 4 5 91113603.760713604.7295
 13.277  0.036 -3.356 -1.748 10.151 15.022  8.823 -2.085 -1.080
   0.131 -2.564 -3.424 -3.326  4.545 10.477 11.017  9.577 -24.83
 33152 630 6 5112113604.729513605.7490
 15.381  0.102 -3.391 10.151 24.827  8.823  9.039-26.912 -0.069
  11.017  9.577 -3.830 -3.100  3.514  5.309 25.723 24.285  48.39
 4 152 6 1 912211313605.749013606.7266
 14.168 -0.474 -3.495 24.827 37.716  9.039  5.523 21.475 -0.511
  25.723 24.285 -3.143 -3.708  3.404  5.635 38.313 37.354 -43.42
 4 252 633 7 613 713606.726613607.5928
 14.384  0.549 -3.032 37.716 49.328  5.523  7.259-21.944  0.446
  38.313 37.354 -3.272 -2.886  2.087  3.436 49.753 48.336   5.13
 41752 952 0 0 11013621.587913622.5801
 13.504  0.215 -8.628-14.616 -2.203  0.518 15.387  0.000  0.000
   0.000  0.000  0.000  0.000  0.000  0.000  0.000 -3.403   0.00
 42152 745 1 2 32113625.676813626.5791
 12.613  0.405 -9.656 42.892 53.380  7.386 58.988 17.214  3.856
  43.468 42.380 -9.480 -9.812  3.472  3.914 55.273 50.304 -27.86
 42152 745 1 1 2 113625.676813626.5791
 14.955 -1.085  7.123 19.648 32.249  1.169  0.050 75.068 -0.261
  19.689 19.622  6.968  7.220  0.452  0.717  0.000  0.000   0.00
 42352 935 2 5 7 713627.599613628.6143
 14.755 -0.771 15.817-46.474-32.514  9.223  4.612  8.676 -0.506
 -46.196-48.326 15.776 16.088  8.020  1.203-31.717-32.635 -64.18
 5 1521018 0 0 1 113635.570313636.5664
 14.565  0.627  4.623-59.473-45.951  8.250  7.281  0.000  0.000
   0.000  0.000  0.000  0.000  0.000  0.000  0.000  0.000   0.00
 5 2521024 0 0 1 113636.566413637.7090
 14.877 -0.652  5.247-45.951-30.072  7.281  0.757  0.000  0.000
   0.000  0.000  0.000  0.000  0.000  0.000  0.000  0.000   0.00
 51652 950 1 2 3 113650.589813651.6982
 14.455  0.201 -9.240-57.831-42.901  3.974  4.776 76.031 -0.441
 -57.738-57.846 -8.873 -9.301  0.570  3.404  0.000  0.000   0.00
 51952 931 7 7141813653.602513654.6758
 14.329 -0.650 -8.632-19.021 -4.704 21.424 17.837-36.666  0.096
 -17.536-22.109 -9.725 -6.359 14.466  6.957 -2.892 -6.967  -8.58
 52052 746 71118 913654.675813655.6826
 14.574  0.552 -7.934 -4.704  8.981 17.837 19.064-45.249 -1.187
  -2.892 -6.967 -9.745 -5.673  9.907  7.931 10.497  6.995   4.87
 52152 737 3 6 9 713655.682613656.6709
 14.829  0.202 -8.490  8.981 22.662 19.064  5.970-40.380  1.317
  10.497  6.995 -9.765 -6.820 10.809  8.255 23.887 18.738  10.61
 52252 753 2 5 71113656.670913657.5928
 13.103 -0.686 -8.690 22.662 33.838  5.970  4.353-29.767 -1.711
  23.887 18.738 -9.382 -6.471  4.550  1.421 35.532 32.574 -15.39
 52352 945 7 411 413657.592813658.5850
 16.925  1.799 -8.057 33.838 49.646  4.353  1.349-45.153 -1.198
  35.532 32.574 -9.743 -6.799  1.860  2.493 49.812 47.578   3.28
 52352 945 1 1 2 213657.592813658.5850
 16.919 -0.710 -7.484 -5.477 10.326  4.086  0.798 -3.403  1.546
  -4.645 -5.650 -7.533 -7.473  0.706  3.381 10.801  8.239   4.55
 52352 945 2 3 5 413657.592813658.5850
 14.138 -0.376 -2.537-57.471-44.427 18.824  9.968-65.786  0.198
 -57.297-57.558 -2.924 -2.343  6.271 12.553-44.144-44.556   5.36
 52452 957 1 3 4 413658.585013659.5781
 14.237  0.663 -2.164-44.427-31.257  9.968 23.723-60.425  0.004
 -44.144-44.556 -2.662 -1.936  3.131  6.837-31.155-31.662   7.61
 5255210 7 1 3 4 613659.578113660.5781
 14.435 -0.195 -2.823-31.257-17.815 23.723 28.348-52.819  0.040
 -31.155-31.662 -2.958 -2.290 18.930  4.793-17.694-18.379  14.03
 5265210 7 4 2 6 313660.578113661.5781
 13.555  0.014 -2.629-17.815 -5.245 28.348 30.860-38.787 -0.252
 -17.694-18.379 -2.727 -2.177 23.311  5.037 -5.210 -5.594 -13.48
 5275210 7 4 711 913661.578113662.5791
 14.485  0.623-18.905 38.576 52.095 23.211 12.492 -0.585  4.534
  39.250 38.154-18.911-18.901  8.926 14.285 54.594 48.840  13.84
 5275210 7 2 1 3 613661.578113662.5791
 14.693 -0.414 -2.643 -5.245  8.483 30.860 17.511-52.267  2.709
  -5.210 -5.594 -2.687 -2.192 28.090  2.770 11.437  8.221  67.74
 5275210 7 6 6121613661.578113662.5791
 15.772  0.571  9.240 29.228 44.037  3.323 10.182 -8.223  0.935
  30.028 28.094  9.354  9.078  1.949  1.374 44.707 41.813  13.44
 5285210 5 4 2 6 613662.579113663.5703
 14.460  0.152 -2.228  8.483 21.838 17.511 18.141 15.474 -0.162
  11.437  8.221 -1.411 -2.301  1.428 16.084 23.935 21.160 -44.57
 529521018 4 2 61013663.570313664.7939
 13.889 -0.151 -2.379 21.838 37.630 18.141 13.857-29.099  0.414
  23.935 21.160 -3.545 -2.002  4.431 13.710 40.166 37.086  -1.81
 610521033 1 3 4 213675.560513676.5771
 15.738  0.785 -3.847-47.102-32.100  8.044  3.071-13.850 -0.367
 -46.645-47.966 -3.959 -3.634  5.263  2.782-31.412-32.402   8.42
 6115210 8 1 1 2 613676.577113677.5625
 15.691  0.002 -4.645-32.100-17.605  3.071  6.326 -5.429  2.220
 -31.412-32.402 -4.710 -4.616  0.938  2.133-17.519-20.736   8.69
 612521030 2 4 61013677.562513678.5557
 13.028  0.099 -4.647-17.605 -5.642  6.326 37.498  3.262  2.232
 -17.519-20.736 -4.642 -4.825  6.158  0.168 -4.015 -9.477  -3.88
 613521039 3 710 613678.555713679.5801
 14.910  1.418 -4.745 -5.642  8.625 37.498 18.404 -0.616 -3.512
  -4.015 -9.477 -4.762 -4.704 26.330 11.168  9.217  7.535 -29.45
 6145210 4 1 5 6 213679.580113680.5732
 16.017 -1.210 -6.197  8.625 23.556 18.404 28.566-30.071  2.939
   9.217  7.535 -6.538 -5.570 11.927  6.477 23.848 19.080  17.35
 6145210 4 2 2 4 713679.580113680.5732
 13.054  0.750  5.311  6.383 18.372  2.652  2.049 -3.619  0.245
   6.447  4.744  5.315  5.207  2.552  0.100 18.915 17.109  26.15
 615521015 1 1 2 313680.573213681.5996
 14.617 -0.290 -4.995 23.556 37.561 28.566  6.548-12.724 -4.152
  23.848 19.080 -5.061 -3.988 26.816  1.749 37.648 36.937  22.03
 61652 935 1 2 3 413681.599613682.5674
 13.597  0.762 -4.698 37.561 49.765  6.548 15.566  9.304  2.575
  37.648 36.937 -4.683 -4.800  5.746  0.803 50.276 46.970 -11.35
 61652 935 1 2 3 313681.599613682.5674
 14.944 -0.557 16.859-22.498 -8.990 10.643  2.647  1.474 -1.897
 -21.338-24.435 16.830 16.906  6.656  3.988 -8.883 -9.989  -7.47
 617521022 1 2 3 713682.567413683.5596
 15.627  0.307-17.783 -9.395  5.140  8.372  5.016 -5.471  0.763
  -7.807-11.912-17.928-17.554  5.135  3.237  7.614  2.862 -10.09
 617521022 0 0 1 613682.567413683.5596
 13.856 -0.232-20.317-52.484-39.707 24.012 12.072  0.000  0.000
   0.000  0.000  0.000  0.000  0.000  0.000  0.000-42.606   0.00
 617521022 1 2 3 513682.567413683.5596
 13.051 -0.027 16.320 -8.990  2.988  2.647  5.505 -5.995  1.948
  -8.883 -9.989 16.331 16.220  2.390  0.257  3.929  0.788   7.76
 618521033 1 6 7 713683.559613684.5615
 17.120  0.754-18.088  5.140 21.302  5.016 23.384-15.565 -0.624
   7.614  2.862-18.743-17.484  2.405  2.611 22.448 18.432  -5.20
 618521033 4 2 6 113683.559613684.5615
 13.878  0.525-20.086-39.707-26.792 12.072  7.693-24.274 -3.230
 -39.471-42.606-20.186-18.858 11.163  0.909  0.000  0.000   0.00
 619521031 2 5 71013684.561513685.5645
 14.261 -0.788-18.843 21.302 34.628 23.384 28.830-20.763  0.974
  22.448 18.432-19.254-17.813 16.710  6.673 36.375 31.205   8.04
 619521031 0 0 1 113684.561513685.5645
 14.442  0.484-20.612-26.792-13.284  7.693 11.800  0.000  0.000
   0.000  0.000  0.000  0.000  0.000  0.000  0.000  0.000   0.00
 620521026 4 610 913685.564513686.5664
 13.755  1.036-18.053 34.628 47.420 28.830 29.251-12.724 -0.237
  36.375 31.205-18.428-17.318 19.086  9.744 49.266 44.194   9.15
 620521026 0 0 1 113685.564513686.5664
 13.115  0.059-21.098-13.284 -1.132 11.800  9.581  0.000  0.000
   0.000  0.000  0.000  0.000  0.000  0.000  0.000  0.000   0.00
 620521026 0 0 1 113685.564513686.5664
 14.139  1.033 11.248-48.189-35.012  3.562  3.675  0.000  0.000
   0.000  0.000  0.000  0.000  0.000  0.000  0.000  0.000   0.00
 620521026 1 2 3 113685.564513686.5664
 16.403 -0.820 16.112 28.617 44.061  6.267  3.318 -8.249 -5.418
  30.740 25.158 16.407 15.630  3.884  2.383  0.000  0.000   0.00
 621521024 0 0 1 113686.566413687.5898
 14.405 -0.100-21.157 -1.132 12.609  9.581 11.313  0.000  0.000
   0.000  0.000  0.000  0.000  0.000  0.000  0.000  0.000   0.00
 621521024 0 0 1 413686.566413687.5898
 15.886  0.380 12.282-35.012-19.755  3.675  6.344  0.000  0.000
   0.000  0.000  0.000  0.000  0.000  0.000  0.000-20.287   0.00
 621521024 0 0 1 113686.566413687.5898
 14.602  0.110 15.290 44.061 58.005  3.318  1.191  0.000  0.000
   0.000  0.000  0.000  0.000  0.000  0.000  0.000  0.000   0.00
 62252 950 0 0 1 113687.589813688.6914
 13.772 -0.035-21.055 12.609 26.706 11.313 18.142  0.000  0.000
   0.000  0.000  0.000  0.000  0.000  0.000  0.000  0.000   0.00
 62252 950 3 1 4 313687.589813688.6914
 14.626 -0.453 12.671-19.755 -4.716  6.344  4.127-59.903  2.875
 -18.851-20.287 14.192 11.776  2.351  3.993 -0.758 -6.022  35.10
 62252 950 2 1 3 613687.589813688.6914
 13.809 -0.786 17.098-51.067-36.929  3.077 16.137-17.315  0.710
 -50.753-51.423 17.192 16.992  1.637  1.440-35.803-37.236  22.18
 62352 723 0 0 1 113688.691413689.5654
 14.491 -0.039-21.016 26.706 38.509 18.142 15.709  0.000  0.000
   0.000  0.000  0.000  0.000  0.000  0.000  0.000  0.000   0.00
 62352 723 5 1 6 413688.691413689.5654
 13.745  0.512 16.232-36.929-25.777 16.137 23.699  4.864  0.557
 -35.803-37.236 16.140 16.257  3.457 12.680-24.666-26.605 -21.30
 62352 723 2 1 3 113688.691413689.5654
 12.722 -0.513 12.171 -4.716  5.541  4.127  2.062-24.798 -5.668
  -0.758 -6.022 13.959 11.582  1.024  3.103  0.000  0.000   0.00
 624521026 0 0 1 113689.565413690.6865
 13.540 -0.080-20.982 38.509 52.596 15.709  8.715  0.000  0.000
   0.000  0.000  0.000  0.000  0.000  0.000  0.000  0.000   0.00
 624521026 3 1 4 513689.565413690.6865
 15.581  0.342 16.679-25.777 -9.402 23.699  6.488-16.435  0.598
 -24.666-26.605 16.993 16.445 10.114 13.585 -9.075-11.588  -2.20
 624521026 0 0 1 113689.565413690.6865
 14.527  0.282 11.723  5.541 20.735  2.062  0.050  0.000  0.000
   0.000  0.000  0.000  0.000  0.000  0.000  0.000  0.000   0.00
 62852 945 5 510 513693.592813694.5996
 13.857  0.776 -8.518 -6.745  6.222 53.859 78.083 45.037 -4.051
  -3.545 -7.083 -5.349 -8.853  5.144 48.716  6.339  5.432 -38.72
 62852 94513 1141913693.592813694.5996
 16.971  0.767 -8.302-44.126-28.024 23.390 16.811-12.572  1.803
 -41.472-46.850 -8.888 -7.701 11.847 11.543-25.935-33.215   4.90
 62852 945 0 0 1 113693.592813694.5996
 13.850  0.018 17.322 28.390 41.350  2.426  2.567  0.000  0.000
   0.000  0.000  0.000  0.000  0.000  0.000  0.000  0.000   0.00
 62952 935 3 2 5 713694.599613695.5889
 14.387  0.627 -9.300  6.222 19.481 78.083 64.873  6.316  0.564
   6.339  5.432 -9.287 -9.386 67.980 10.102 19.869 18.466 -25.62
 62952 935 613191613694.599613695.5889
 16.322  0.139 -9.074-28.024-12.852 16.811 24.478 -7.668 -1.132
 -25.935-33.215 -9.352 -8.384 11.987  4.825-10.671-16.863  10.82
 62952 935 0 0 1 113694.599613695.5889
 14.749 -0.323 17.341 41.350 54.966  2.567  1.405  0.000  0.000
   0.000  0.000  0.000  0.000  0.000  0.000  0.000  0.000   0.00
 63052 952 3 4 7 513695.588913696.5898
 13.975  0.368 -9.920 19.481 32.485 64.873 56.624-19.308  0.144
  19.869 18.466-10.054 -9.570 46.911 17.962 33.289 31.730   1.92
 63052 952 610161313695.588913696.5898
 13.641  0.762 -9.212-12.852 -0.181 24.478 18.375  3.152 -1.528
 -10.671-16.863 -9.094 -9.430 15.857  8.621  1.886 -2.758  -8.61
 7 152 950 1 4 5 813696.589813697.5859
 14.311 -0.438-10.288 32.485 45.770 56.624 22.670-17.383  0.254
  33.289 31.730-10.536-10.056 27.422 29.202 46.911 45.070  30.51
 7 152 950 5 8131413696.589813697.5859
 15.960 -0.766 -9.974 -0.181 14.748 18.375 19.999 -5.454  1.163
   1.886 -2.758-10.169 -9.732 10.197  8.178 17.433 11.604   3.70
 7 252 956 4 4 8 313697.585913698.5840
 14.467  1.591 -9.852 45.770 59.231 22.670 48.639 13.126 -0.025
  46.911 45.070 -9.590-10.013  8.623 14.047 59.740 57.882 -20.69
 7 252 956 7 7141413697.585913698.5840
 15.665  0.675 -9.212 14.748 29.403 19.999 13.847 -1.756 -0.889
  17.433 11.604 -9.293 -9.116 10.785  9.214 31.759 26.820   3.45
 7 6521015 1 2 3 613701.573213702.5811
 15.769 -0.863  7.766-54.796-39.882  1.448  1.658 50.013  2.166
 -54.635-54.825  7.576  7.800  0.222  1.226-38.887-41.307 -37.75
 7 75210 3 2 4 6 513702.581113703.5811
 16.545 -0.117  6.896-39.882-24.316  1.658  2.857 12.261 -1.342
 -38.887-41.307  6.681  7.203  0.976  0.682-23.264-24.374  -2.93
 71152 953 1 1 2 213706.587913707.5791
 14.775 -0.575  6.514 21.407 35.089  9.492  2.784-31.020  0.244
  21.459 21.337  6.544  6.472  5.495  3.997 35.164 34.787  44.66
 71152 95313 8212513706.587913707.5791
 15.833 -0.182 -2.824-48.323-33.593 55.728119.553 -7.622 -0.224
 -45.426-51.051 -3.211 -2.459 27.026 28.701-32.708-38.109  -0.05
 71152 953 2 3 5 813706.587913707.5791
 14.590  0.638 10.573-42.787-29.289 10.408 41.095-56.837  0.070
 -41.791-42.823 12.072 10.520  0.361 10.047-27.844-29.730  40.94
 7125210 5 5 3 81413707.579113708.5928
 14.329 -0.156 11.206-29.289-15.763 41.095 54.245-15.899  1.153
 -27.844-29.730 11.610 11.083  9.610 31.485-13.612-16.606  33.13
 7125210 51114253013707.579113708.5928
 14.209  0.035 -2.644-33.593-20.187119.553 78.378 -7.667  0.048
 -32.708-38.109 -2.763 -2.036 99.976 19.577-19.024-24.507   3.51
 71352 9461317303713708.592813709.5820
 12.870 -0.747 -2.679-20.187 -8.420 78.378 51.081 -4.153  0.472
 -19.024-24.507 -2.763 -2.366 61.749 16.630 -5.940-11.858  -3.11
 71352 946 9 514 913708.592813709.5820
 12.818  0.552 11.048-15.763 -4.046 54.245 17.774 17.232 -0.120
 -13.612-16.606 10.393 11.305 15.285 38.959 -3.208 -5.752  15.29
 7145210 1 1 2 31113709.582013710.5996
 13.415 -0.826-13.118 17.874 30.535  3.894  6.359 22.662  2.716
  17.927 16.932-13.097-13.502  3.687  0.206 33.260 29.504  -9.70
 7145210 11621375413709.582013710.5996
 14.812 -0.041 -1.940 -8.420  5.663 51.081 86.597 -7.262 -0.813
  -5.940-11.858 -2.256 -1.502 29.675 21.405  7.459  2.319   3.35
 7145210 1 2 1 3 113709.582013710.5996
 16.670  1.391 -7.091-32.270-16.295  0.628  0.878-29.790 -2.092
 -32.124-33.954 -7.174 -6.134  0.578  0.050  0.000  0.000   0.00
 7145210 1 3 6 9 513709.582013710.5996
 13.590  0.270 11.594 -4.046  8.793 17.774 19.145 32.526 -0.183
  -3.208 -5.752 11.071 12.660 11.919  5.855  9.567  7.480  10.04
 71552 935 6 5111313710.599613711.6035
 14.344  1.316-12.277 30.535 43.947  6.359 14.176 12.964 -0.008
  33.260 29.504-11.664-12.509  1.745  4.614 45.854 42.052  -2.47
 71552 9352529543313710.599613711.6035
 15.167  0.871 -1.898  5.663 19.902 86.597 47.827 -3.909 -0.695
   7.459  2.319 -2.021 -1.670 56.343 30.255 21.198 17.267  32.09
 71552 935 2 2 4 313710.599613711.6035
 15.203  0.363 11.974  1.363 15.638  1.462  0.795-85.513 -0.713
   1.390  1.273 12.307 10.848  1.128  0.334 15.754 15.138  48.69
 71552 935 2 3 5 513710.599613711.6035
 15.524 -0.904 11.869  8.793 23.389 19.145 21.101 42.570  1.600
   9.567  7.480 11.174 13.050 12.048  7.097 27.664 23.231 -37.07
 71652 9301023331413711.603513712.6299
 15.007 -0.306 -2.772 19.902 34.301 47.827 31.089 28.178 -2.943
  21.198 17.267 -2.079 -4.182 32.051 15.776 34.913 33.425 -38.62
 71652 930 3 2 5 313711.603513712.6299
 14.391  0.194 10.963 23.389 37.157 21.101 23.952  5.504 -2.377
  27.664 23.231 10.558 10.978  0.753 20.347 37.203 36.590  66.96
 71752 852 410141913712.629913713.5762
 13.817  0.476 -2.458 34.301 46.453 31.089 27.916-10.440 -0.228
  34.913 33.425 -2.571 -2.297 18.297 12.793 46.877 45.646  -6.35
 71752 852 2 1 3 213712.629913713.5762
 13.637 -0.206 11.161 37.157 49.139 23.952 20.934 72.460 -0.225
  37.203 36.590 11.018 12.921 22.145  1.807 49.166 48.840   7.14
 7185210 9 51419 713713.576213714.5771
 14.186 -0.501 -2.909 46.453 59.669 27.916 16.750-16.787 -0.214
  46.877 45.646 -3.037 -2.666 18.285  9.632 60.028 59.318 -31.75
 72152 922 0 0 1 213716.609413717.5830
 13.197  0.364-10.027-59.167-47.270 25.828 28.998  0.000  0.000
   0.000  0.000  0.000  0.000  0.000  0.000  0.000-49.680   0.00
 7225210 0 1 1 2 313717.583013718.5801
 13.777  0.695-10.382-47.270-34.516 28.998 14.369 -3.939 -0.963
 -47.194-49.680-10.387-10.219 28.108  0.890-34.453-35.956  11.60
 72552 744 0 0 1 213720.677713721.6221
 14.298 -0.005-10.691 -6.825  5.754 14.408 12.502  0.000  0.000
   0.000  0.000  0.000  0.000  0.000  0.000  0.000  3.728   0.00
 72652 9 3 1 1 2 113721.622113722.6016
 14.238 -0.181-10.686  5.754 18.738 12.502 13.601 49.978 -3.214
   5.832  3.728-10.595-13.057 12.040  0.461  0.000  0.000   0.00
 72752 933 0 0 1 113722.601613723.7773
 14.426 -0.020-10.509 18.738 34.548 13.601 15.217  0.000  0.000
   0.000  0.000  0.000  0.000  0.000  0.000  0.000  0.000   0.00
 73152 9221810282313726.609413727.5977
 14.648  0.526 -8.499-20.033 -6.515 50.599 53.008-14.297  0.825
 -18.740-21.533 -8.825 -8.121 27.168 23.431 -4.591 -8.299   9.40
 8 452 945 8 513 213730.592813731.7715
 15.879  0.349 -9.832 35.115 52.675  6.218  6.355-10.500 -2.698
  36.543 33.014-10.093 -9.449  3.702  2.516 52.677 52.418  82.84
 8 452 945 6 410 813730.592813731.7715
 14.653  0.031  4.013-15.199  0.916  4.187  5.885 11.380  2.097
 -14.186-16.306  3.809  4.235  2.185  2.002  2.464 -1.733  -1.12
 8 652 7 9 1 1 2 113732.701213733.6055
 15.241  1.065 -3.631-58.968-46.072  5.066  4.610 70.217 -0.282
 -58.930-59.026 -3.526 -3.792  3.074  1.992  0.000  0.000   0.00
 8 652 7 9 0 0 1 113732.701213733.6055
 14.781 -1.033  8.662-57.383-44.904  6.852 10.907  0.000  0.000
   0.000  0.000  0.000  0.000  0.000  0.000  0.000  0.000   0.00
 8 752 927 2 9111013733.605513734.5996
 13.317 -0.089  4.779 23.354 35.615  8.457  9.083 -6.689  1.799
  24.297 20.983  4.889  4.502  6.049  2.408 37.638 32.513   2.17
 8 752 927 0 0 1 113733.605513734.5996
 13.528 -0.174 -4.594-46.072-33.601  4.610  4.386  0.000  0.000
   0.000  0.000  0.000  0.000  0.000  0.000  0.000  0.000   0.00
 8 752 927 0 0 1 313733.605513734.5996
 13.150 -0.117 -7.405-54.708-42.613 11.003  3.547  0.000  0.000
   0.000  0.000  0.000  0.000  0.000  0.000  0.000-42.861   0.00
 8 752 927 0 0 1 113733.605513734.5996
 13.895  0.206  7.728-44.904-32.068 10.907  7.232  0.000  0.000
   0.000  0.000  0.000  0.000  0.000  0.000  0.000  0.000   0.00
 8 852 937 0 0 1 213734.599613735.7012
 13.717 -0.757 -4.420-33.601-19.562  4.386  1.075  0.000  0.000
   0.000  0.000  0.000  0.000  0.000  0.000  0.000-20.313   0.00
 8 852 937 1 2 3 113734.599613735.7012
 14.469  0.040 -7.289-42.613-27.746  3.547  9.548-50.036 -0.416
 -42.592-42.861 -7.315 -6.996  3.261  0.285  0.000  0.000   0.00
 8 852 937 0 0 1 113734.599613735.7012
 14.631 -0.078  7.932-32.068-17.022  7.232  3.121  0.000  0.000
   0.000  0.000  0.000  0.000  0.000  0.000  0.000  0.000   0.00
 8 852 937 3 710 213734.599613735.7012
 17.093  0.020  4.690 35.615 53.374  9.083  3.503 -4.518 -4.579
  37.638 32.513  4.849  4.446  5.497  3.586 53.856 53.338 -14.12
 8 952 7 9 0 0 1 213735.701213736.6055
 14.259  0.097 -7.333-27.746-15.739  9.548  4.409  0.000  0.000
   0.000  0.000  0.000  0.000  0.000  0.000  0.000-15.817   0.00
 8 952 7 9 0 0 1 113735.701213736.6055
 13.783 -0.141  7.847-17.022 -5.445  3.121 10.775  0.000  0.000
   0.000  0.000  0.000  0.000  0.000  0.000  0.000  0.000   0.00
 8 952 7 910 3131313735.701213736.6055
 13.518 -0.137 14.082-55.016-43.678 22.210 25.820 12.518  0.973
 -52.771-56.961 13.598 14.501 10.311 11.899-41.217-46.388  -0.21
 81052 927 1 1 2 113736.605513737.6016
 14.331  0.075 -7.421-15.739 -2.443  4.409  7.532-79.964 -0.453
 -15.738-15.817 -7.426 -6.980  4.359  0.050  0.000  0.000   0.00
 81052 927 0 0 1 113736.605513737.6016
 13.912 -0.105  7.719 -5.445  7.434 10.775  4.961  0.000  0.000
   0.000  0.000  0.000  0.000  0.000  0.000  0.000  0.000   0.00
 81052 927 9 413 913736.605513737.6016
 14.397  0.058 13.958-43.678-30.316 25.820 18.977 12.305  0.124
 -41.217-46.388 13.437 14.531 13.532 12.288-28.302-33.607  -0.37
 81152 933 0 0 1 213737.601613738.6953
 14.027 -0.156 -7.495 -2.443 11.829  7.532  2.671  0.000  0.000
   0.000  0.000  0.000  0.000  0.000  0.000  0.000 11.788   0.00
 81152 933 6 3 91013737.601613738.6953
 12.564  0.170 14.016-30.316-17.645 18.977  9.005 11.938 -0.960
 -28.302-33.607 13.603 14.691 11.773  7.204-14.291-18.727 -12.40
 81152 933 0 0 1 413737.601613738.6953
 14.141 -0.419  7.614  7.434 21.830  4.961  3.081  0.000  0.000
   0.000  0.000  0.000  0.000  0.000  0.000  0.000 21.641   0.00
 81252 718 1 1 2 313738.695313739.6914
 14.154 -0.001 -7.325 11.829 24.958  2.671  3.827-46.755 -0.037
  12.080 11.788 -7.590 -7.282  0.374  2.298 24.981 24.840 -22.05
 81252 718 6 6121013738.695313739.6914
 16.552  0.818 -7.705 -5.025 10.494  4.669  7.479-11.390 -3.990
  -2.536 -8.986 -8.201 -6.914  2.867  1.801 12.487  9.928  10.72
 81252 718 6 410 513738.695313739.6914
 12.326  0.180 14.201-17.645 -6.338  9.005  3.791 -0.467 -3.526
 -14.291-18.727 14.228 14.193  2.196  6.809 -5.722 -6.444 -25.02
 81252 718 2 1 3 813738.695313739.6914
 13.788 -0.074 14.020-12.974 -0.209  3.373 16.928 34.289  0.570
 -12.689-13.133 13.831 14.125  1.206  2.167  0.400 -0.559 -65.78
 81352 723 1 2 3 213739.691413740.5977
 14.780 -0.043 -7.324 24.958 37.455  3.827  1.138-68.800  0.046
  24.981 24.840 -7.383 -7.023  3.203  0.624 37.559 37.221  29.45
 81352 723 4 6101613739.691413740.5977
 15.304 -0.323 -8.519 10.494 23.465  7.479  9.858 -0.667  2.410
  12.487  9.928 -8.542 -8.513  1.652  5.827 25.551 20.593  -5.99
 81352 723 6 2 82213739.691413740.5977
 12.840  0.568 13.946 -0.209 10.531 16.928 16.846-31.487  2.813
   0.400 -0.559 14.308 13.738  6.170 10.758 11.730  7.791  43.85
 81452 939 7 9161613740.597713741.6025
 14.200 -0.065 -8.227 23.465 36.760  9.858 17.790 -6.657 -0.634
  25.551 20.593 -8.468 -7.895  5.711  4.147 38.683 34.348   1.78
 81452 9391210221113740.597713741.6025
 15.247 -0.437 14.460 10.531 24.878 16.846 21.099 12.359 -2.475
  11.730  7.791 14.206 15.041 11.717  5.129 25.076 23.642 -25.61
 81552 931 8 311 313741.602513742.6592
 14.520 -0.047 14.020 24.878 39.181 21.099 10.283-13.250 -0.944
  25.076 23.642 14.134 13.806 15.137  6.308 39.301 38.801  14.88
 81552 931 1 2 3 313741.602513742.6592
 17.009 -1.438 15.490 22.250 39.181  1.401 10.283-21.385 -4.344
  23.667 19.001 16.025 14.264  0.975  0.425 39.301 38.801  23.02
 81552 931 61016 313741.602513742.6592
 11.847 -0.536 -8.162 36.760 48.239 17.790  9.999 -4.873 -3.485
  38.683 34.348 -8.324 -7.958  9.899  7.891 48.500 47.767 -22.84
 81652 811 2 1 3 513742.659213743.5908
 13.450 -0.179 -7.595 48.239 59.861  9.999  8.613-27.711 -0.233
  48.500 47.767 -7.732 -7.350  6.432  3.567 59.987 59.688 -32.03
 81652 811 1 2 3 713742.659213743.5908
 11.478 -0.284 15.394 -0.889  8.895  1.857  5.661 16.604  0.591
   0.267 -1.168 15.061 15.474  0.361  1.496  9.636  7.700   6.67
 81652 811 1 2 3 313742.659213743.5908
 13.355  0.251 13.971 39.181 50.714 10.283 21.663  1.633  0.679
  39.301 38.801 13.968 13.981  7.818  2.466 50.757 50.154  58.26
 81752 948 1 1 2 213743.590813744.6045
 14.027 -0.087-11.934-59.939-46.710  5.195  6.179 76.287  0.008
 -59.699-59.941-10.973-11.943  0.050  5.145-46.473-46.712   0.25
 82152 923 2 1 3 713747.608413748.5996
 14.808  0.543-12.023 -7.233  6.470  5.054  3.544-37.635  0.703
  -7.019 -7.274-12.185-11.992  0.817  4.237  6.939  6.258  86.93
 82152 923 2 9111613747.608413748.5996
 13.008  0.192 10.000-59.391-47.472 23.556 50.969  6.522  2.188
 -59.031-60.960  9.960 10.177 19.164  4.392-46.255-50.190  12.66
 82552 937 2 7 91213751.598613752.5850
 14.039  0.319  9.802 -7.197  5.689 28.479 46.902 22.864  0.627
  -6.753 -9.467  9.617 10.745 23.813  4.666  6.276  3.206   8.24
 82552 937 511162113751.598613752.5850
 15.527  0.332  6.843-16.801 -2.447 12.935 13.625 14.876  0.232
 -14.649-19.904  6.275  7.661  7.638  5.297 -0.652 -6.254  -5.70
 82552 937 311141013751.598613752.5850
 13.548 -0.497-13.321-35.629-23.228 27.904 42.079 -6.654  0.249
 -33.262-39.650-13.590-12.865 17.564 10.340-19.784-26.242  -7.99
 82652 956 2 8101413752.585013753.5947
 14.289  0.380-12.831-23.228 -9.790 42.079 30.401-14.640 -0.739
 -19.784-26.242-13.708-12.063 19.641 22.438 -6.797-12.605   3.19
 82652 956111021 613752.585013753.5947
 15.740 -1.539  7.171 -2.447 12.456 13.625  4.823  9.180 -5.271
  -0.652 -6.254  6.883  7.781  9.259  4.366 12.572 12.249 -35.97
 82652 956 1 2 3 513752.585013753.5947
 14.881 -2.786 12.912 -7.076  6.959  2.637  0.790 -6.500  0.061
  -6.882 -7.399 12.934 12.877  1.645  0.992  7.285  6.837 -32.69
 82652 956 11112 813752.585013753.5947
 14.840 -0.821 10.117  5.689 19.683 46.902 29.730 31.103 -2.694
   6.276  3.206  9.768 11.592 37.931  8.971 19.854 19.566  39.03
 82752 942 41014 313753.594713754.5957
 16.139 -0.617-13.215 -9.790  5.379 30.401  5.502-11.453 -4.427
  -6.797-12.605-13.805-12.659 14.733 15.667  6.515  5.308 -17.25
 82852 941 1 2 3 313754.595713755.5879
 14.774  1.573-12.597  5.379 19.066  5.502 21.147-28.699  3.302
   6.515  5.308-13.205-12.560  0.320  5.182 19.239 14.568  41.54
 82952 952 1 2 3 513755.587913756.6338
 14.303 -0.023-14.158 19.066 32.989 21.147 17.284 12.846 -1.682
  19.239 14.568-14.120-15.153 20.367  0.780 35.697 32.746   2.17
 82952 952 615212413755.587913756.6338
 16.050 -0.431 -3.883-45.049-29.300 60.039 64.936 28.311 -0.651
 -41.251-47.373 -1.842 -5.132 22.798 37.241-27.573-33.092   0.48
 82952 95214 9231313755.587913756.6338
 14.041 -0.090  5.091-46.491-32.841 30.365 16.866 12.409 -0.578
 -43.088-49.212  4.346  5.688 13.492 16.873-30.015-35.675  -6.50
 82952 952 3 4 7 413755.587913756.6338
 13.535  0.315  9.226 45.782 58.903 28.503 21.546 56.067  0.567
  46.146 45.605  8.691  9.485  9.307 19.196 59.690 58.797  -1.35
 83052 848 4 1 5 113756.633813757.6387
 13.028  0.117-14.134 32.989 45.095 17.284 29.491 15.015 -2.963
  35.697 32.746-13.430-14.198  1.427 15.857  0.000  0.000   0.00
 83052 848 717242913756.633813757.6387
 12.905 -0.060 -3.432-29.300-17.318 64.936 45.360 28.788 -0.818
 -27.573-33.092 -2.485 -5.512 44.615 20.321-14.983-19.994  -4.97
 83052 848 9 4131713756.633813757.6387
 13.897  0.208  4.997-32.841-19.862 16.866 12.806  5.913 -0.155
 -30.015-35.675  4.706  5.290  8.444  8.422-17.023-22.542  -1.50
 83152 841 0 0 11113757.638713758.6133
 13.002 -0.653-14.251 45.095 56.815 29.491 50.027  0.000  0.000
   0.000  0.000  0.000  0.000  0.000  0.000  0.000 50.301   0.00
 83152 8411118294013757.638713758.6133
 13.490  0.502 -3.372-17.318 -5.122 45.360 66.015 23.817  0.186
 -14.983-19.994 -2.343 -4.551 24.226 21.134 -1.580 -7.016  -7.39
 83152 841 512172213757.638713758.6133
 16.064 -0.427  5.206-19.862 -5.156 12.806 24.843  4.409 -0.628
 -17.023-22.542  4.988  5.412  6.219  6.587 -3.899 -8.578  12.97
 83152 841 5 1 6 513757.638713758.6133
 13.534  1.050-10.691-48.489-36.251  3.351  2.537 27.000 -1.425
 -46.899-50.352 -9.895-11.624  1.808  1.543-34.531-36.503   8.93
 9 152 9161525403213758.613313759.6064
 15.937 -0.179 -3.861 -5.122  9.730 66.015 43.269 16.427 -1.851
  -1.580 -7.016 -2.820 -4.419 23.007 43.008 11.035  7.223 -16.78
 9 152 9161012221013758.613313759.6064
 14.916 -0.614  4.790 -5.156  8.681 24.843 21.390 17.375 -0.238
  -3.899 -8.578  4.398  5.857 18.167  6.676  9.238  5.051   8.68
 9 152 916 2 3 5 513758.613313759.6064
 15.185 -0.224-11.715-36.251-22.145  2.537  2.361 35.928  0.354
 -34.531-36.503-10.495-11.894  0.324  2.213-20.651-23.441 -33.25
 9 452 926 1 7 8 313761.607413762.6631
 14.723 -0.375 -3.955 37.176 51.690 30.645 31.115 15.406 -3.170
  37.395 33.761 -3.895 -4.894 28.799  1.846 51.952 51.622 -71.37
 9 452 926 1 3 4 113761.607413762.6631
 14.215  0.234  3.679 35.403 49.381  5.791  5.106-67.980 -0.621
  35.426 35.193  3.736  3.160  5.223  0.568  0.000  0.000   0.00
 9 652 849 2 6 8 413763.631813764.6211
 14.984 -1.559 -8.704-48.753-34.907  1.797  2.591 18.772  0.605
 -47.043-50.056 -8.129 -9.142  0.777  1.020-33.986-37.582  -0.82
 92352 838 1 1 2 213780.639613781.6045
 14.022  0.212-14.259 -9.617  2.959  2.396 13.152 84.197  0.005
  -9.601 -9.632-14.111-14.406  1.197  1.198  3.098  2.912 -31.11
 92352 838 510151413780.639613781.6045
 14.724  0.479  3.096-47.745-34.492 19.853 20.100 14.243 -2.015
 -46.514-50.771  2.784  3.863 14.111  5.742-34.212-36.521  -0.68
 92452 930 1 1 2 213781.604513782.9424
 14.187  0.770-14.463  2.959 20.627 13.152  5.399 53.091  1.711
   3.098  2.912-14.283-14.524  3.351  9.800 20.718 19.929  14.71
 92452 930 1 1 2 113781.604513782.9424
 14.111  0.705 -4.808-53.236-35.671  4.247 17.663 88.825 -0.425
 -53.236-53.244 -4.792 -5.217  4.091  0.157  0.000  0.000   0.00
 92452 930 6 8141413781.604513782.9424
 14.056 -0.745  3.558-34.492-17.000 20.100  9.676 13.567 -0.668
 -34.212-36.521  3.491  4.047 17.661  2.439-16.373-18.062 -21.43
 92552 122 1 1 2 213782.942413783.6807
 14.223  0.290-15.494 20.627 30.400  5.399  2.230 67.797 -1.738
  20.718 19.929-15.280-17.143  4.779  0.620 30.493 30.385  -0.04
 92552 122 0 0 1 413782.942413783.6807
 13.925  0.150 -5.751-35.671-26.118 17.663 13.525  0.000  0.000
   0.000  0.000  0.000  0.000  0.000  0.000  0.000-26.923   0.00
 92552 122 8 6141313782.942413783.6807
 13.651 -0.298  2.562-17.000 -7.650  9.676 11.166 -7.868 -0.197
 -16.373-18.062  2.648  2.415  6.086  3.590 -7.124 -8.631   8.24
 92652 739 6 713 713783.680713784.7080
 14.013  0.074  2.341 -7.650  5.740 11.166  6.037  0.373 -0.268
  -7.124 -8.631  2.338  2.348  7.270  3.896  6.300  5.148  21.18
 92652 739 1 3 4 213783.680713784.7080
 14.157 -0.139 -5.862-26.118-12.580 13.525 11.090 32.685 -0.627
 -26.003-26.923 -5.788 -6.375 11.824  1.701-12.566-12.597-118.81
 92752 7 0 3 4 7 913784.708013785.6270
 14.119  0.423  2.417  5.740 17.808  6.037  6.394 21.552 -0.585
   6.300  5.148  2.197  2.651  3.102  2.934 18.119 17.467 -18.64
 92752 7 0 1 1 2 213784.708013785.6270
 13.612  0.164 -5.719-12.580 -0.979 11.090  5.334-86.128  1.057
 -12.566-12.597 -5.934 -5.475  5.897  5.192 -0.794 -1.874  41.16
 92852 856 7 2 9 313785.627013786.5996
 14.237 -0.491  2.806 17.808 30.700  6.394  9.553  2.914 -0.013
  18.119 17.467  2.790  2.823  3.343  3.051 30.922 30.463  41.32
 92852 856 1 1 2 113785.627013786.5996
 13.933  0.212 -5.870 -0.979 11.618  5.334 12.723-44.971 -1.518
  -0.794 -1.874 -6.054 -4.981  4.420  0.914  0.000  0.000   0.00
 92952 935 0 0 1 113786.599613787.6875
 14.607  0.083 -6.076 11.618 26.432 12.723 12.825  0.000  0.000
   0.000  0.000  0.000  0.000  0.000  0.000  0.000  0.000   0.00
 93052 730 0 0 1 213787.687513788.6289
 14.507  0.412 -6.166 26.432 39.156 12.825 19.021  0.000  0.000
   0.000  0.000  0.000  0.000  0.000  0.000  0.000 38.700   0.00
10 152 854 1 1 2 213788.628913789.6855
 13.244  2.936 -6.554 39.156 52.113 19.021  8.381-31.143 -1.544
  40.394 38.700 -7.297 -6.281  5.119 13.901 52.135 52.073 -50.60
10 252 732 1 1 2 613789.685513790.6162
 14.461  2.392 -6.934-31.954-19.405  0.100  5.744-20.734 -0.034
 -30.807-33.102 -7.365 -6.503  0.050  0.050-17.591-19.938  36.14
10 352 911 2 4 6 113790.616213791.6172
 13.509  0.746 -9.161-19.405 -6.873  5.744  3.309 15.406 -2.403
 -17.591-19.938 -8.668 -9.306  1.304  4.440  0.000  0.000   0.00
10 452 911 1 1 2 313791.617213792.6387
 15.095 -0.013 -5.229  5.592 19.996  5.024  8.763-84.038  1.315
   5.654  5.592 -5.815 -5.221  0.067  4.957 20.382 18.498  95.21
10 452 911 0 0 1 113791.617213792.6387
 14.352 -0.021 -9.069  3.502 17.146  6.792  3.825  0.000  0.000
   0.000  0.000  0.000  0.000  0.000  0.000  0.000  0.000   0.00
10 552 841 1 2 3 113792.638713793.6768
 16.070  0.758 -5.215 19.996 35.667  8.763  3.593 11.171 -1.912
  20.382 18.498 -5.139 -5.510  6.967  1.796  0.000  0.000   0.00
10 552 841 0 0 1 213792.638713793.6768
 14.906  0.624 -9.047 17.146 31.608  3.825  2.233  0.000  0.000
   0.000  0.000  0.000  0.000  0.000  0.000  0.000 31.576   0.00
10 552 841 7 2 91313792.638713793.6768
 11.648  0.302 11.695-59.520-48.443 29.459 25.280 14.697  3.521
 -59.135-60.466 11.596 11.938 20.947  8.511-46.480-51.350  -2.76
10 652 745 1 1 2 213793.676813794.6143
 14.347 -0.163 -9.695 31.608 44.125  2.233  4.757 34.771 -0.244
  31.798 31.576 -9.566 -9.718  0.330  1.903 44.132 44.110 -17.17
10 652 745 6 7131213793.676813794.6143
 14.272 -0.536 12.008-48.443-35.996 25.280 28.009 11.937 -0.129
 -46.480-51.350 11.602 12.609 15.094 10.186-35.116-39.717   6.07
10 752 915 6 612 813794.614313795.6201
 14.289  0.225 11.506-35.996-22.610 28.009 19.592 18.005  0.055
 -35.116-39.717 11.225 12.691 22.653  5.356-21.504-26.127   1.24
10 852 9 7 2 6 81113795.620113796.6797
 13.756 -0.262 11.732-22.610 -9.077 19.592 25.983 19.240 -0.268
 -21.504-26.127 11.354 12.934 14.904  4.688 -8.273-12.636  -0.06
10 952 740 3 8111013796.679713797.6162
 14.654  0.169 11.454 -9.077  3.718 25.983 13.803 19.180 -2.845
  -8.273-12.636 11.180 12.667 21.197  4.786  4.939  3.266  -6.19
101052 912 5 510 513797.616213798.6201
 13.852 -0.154 11.612  3.718 16.637 13.803 11.171 12.993 -0.887
   4.939  3.266 11.336 11.714  3.726 10.077 16.985 16.398  30.64
101152 9 7 3 2 5 913798.620113799.6104
 12.905  0.229 11.458 16.637 28.440 11.171 21.123 43.634  2.378
  16.985 16.398 11.133 11.682  4.556  6.615 29.027 25.787 -43.92
101252 920 7 2 9 313799.610413800.6816
 15.215  0.268 11.685 28.440 43.677 21.123 19.876 -0.286 -1.619
  29.027 25.787 11.688 11.672 17.299  3.824 44.264 43.285  52.24
101352 739 1 2 3 513800.681613801.6143
 13.757 -0.698 11.972 43.677 55.597 19.876 21.733 51.953  0.372
  44.264 43.285 11.239 12.462  7.958 11.918 56.199 55.048   2.16
102152 912 920292413808.616213809.6143
 14.124 -0.495  3.357-50.355-37.245 42.061 28.665  8.470  0.016
 -47.737-52.520  2.967  3.678 19.034 23.027-34.890-39.734  -5.79
102252 9151014243513809.614313810.6172
 14.386 -0.134  2.862-37.245-23.799 28.665 42.087  2.676  0.615
 -34.890-39.734  2.752  2.979 14.729 13.935-21.147-26.611  -3.55
102352 9111322353313810.617213811.6191
 14.681 -0.654  2.728-23.799-10.075 42.087 43.265 -0.876 -0.114
 -21.147-26.611  2.768  2.685 21.663 20.424 -8.093-13.402   7.79
102452 9 71518334313811.619113812.6582
 13.876  0.398  2.072-10.075  3.316 43.265 48.586  6.912 -0.235
  -8.093-13.402  1.832  2.475 27.112 16.153  5.462  0.360  -3.00
102552 8111726432313812.658213813.6240
 15.873 -0.543  2.486  3.316 17.685 48.586 28.217  3.909 -1.051
   5.462  0.360  2.339  2.687 28.150 20.436 19.046 15.040   5.50
102652 9 1 518232313813.624013814.6602
 13.680  0.212  1.961 17.685 30.846 28.217 18.669  9.408  1.018
  19.046 15.040  1.736  2.399 18.632  9.585 32.622 27.625   1.00
102752 8 8 8 311 913814.660213815.6768
 15.187 -0.322 13.668-58.388-43.950 21.082 13.650  6.920  0.552
 -55.585-60.261 13.338 13.889  8.444 12.638-41.987-47.227  -0.56
102752 8 8 716231513814.660213815.6768
 14.802 -1.119  2.181 30.846 44.891 18.669 28.901 10.409 -0.673
  32.622 27.625  1.855  2.772 12.032  6.637 45.627 41.697  16.44
102852 745 5 4 91213815.676813816.7305
 12.657  0.188 13.341-43.950-31.656 13.650 17.703  6.357  0.027
 -41.987-47.227 13.128 13.696  8.535  5.115-28.980-34.121   7.88
102852 745 7 8151113815.676813816.7305
 14.247 -0.707  1.043 44.891 58.861 28.901 11.449 26.852 -2.998
  45.627 41.697  0.671  2.660 23.493  5.408 59.129 57.739 -18.33
102952 627 6 612 913816.730513817.7197
 14.305  0.393 13.539-31.656-18.476 17.703 14.314 14.238 -1.493
 -28.980-34.121 12.879 14.148  8.490  9.213-16.466-20.161  -2.44
103052 642 4 5 9 813817.719713818.6670
 14.174 -0.240 13.929-18.476 -5.984 14.314  5.893 11.793 -0.004
 -16.466-20.161 13.521 14.270  6.525  7.788 -4.699 -8.353   2.28
103152 759 5 3 81213818.667013819.6973
 12.904  0.277 13.702 -5.984  6.289  5.893  8.753 14.071 -0.021
  -4.699 -8.353 13.389 14.279  3.820  2.073  8.114  4.881  16.36
11 152 715 6 612 313819.697313820.7100
 13.562  1.251 13.987  6.289 19.031  8.753  1.918 30.432 -1.708
   8.114  4.881 12.947 14.790  3.812  4.942 20.630 18.988   4.46
11 952 634 1 2 3 313827.725613828.6768
 14.360  0.359-13.521 -4.644  8.070 12.837  6.204 25.046  0.761
  -4.508 -5.036-13.459-13.699  9.535  3.302  8.184  7.187  18.14
111052 746 1 2 3 513828.676813829.6602
 14.303 -0.418-13.862  8.070 21.174  6.204  2.406 43.187 -0.815
   8.184  7.187-13.759-14.667  5.496  0.708 21.508 20.985 -36.25
111152 8 8 2 3 5 113829.660213830.7539
 12.876  1.349-13.451 21.174 34.180  2.406  8.437  6.937 -0.512
  21.508 20.985-13.411-13.473  0.871  1.536  0.000  0.000   0.00
111252 553 0 0 1 313830.753913831.7178
 14.842 -1.235-14.927 34.180 47.526  8.437  3.611  0.000  0.000
   0.000  0.000  0.000  0.000  0.000  0.000  0.000 47.510   0.00
111852 8181228402413836.654313837.6982
 15.673  0.259  5.267-40.166-24.835 91.877 68.794 -4.516 -2.368
 -37.646-44.601  5.465  4.918 58.596 33.282-22.957-27.436  17.77
111952 715 618244713837.698213838.6689
 12.163  0.046  5.538-24.835-13.983 68.794109.789 13.251  2.333
 -22.957-27.436  5.098  6.147 39.948 28.846-10.412-17.352 -10.79
112052 7562027471813838.668913839.9150
 15.659 -0.262  5.582-13.983  4.298109.789 76.086  2.460  1.596
 -10.412-17.352  5.430  5.726 53.291 56.497  7.140 -1.376   2.28
12 352 652 0 0 1 513851.712913852.7119
 13.990  0.186  3.911-35.495-22.506  8.303  4.193  0.000  0.000
   0.000  0.000  0.000  0.000  0.000  0.000  0.000-23.266   0.00
12 452 654 1 4 5 613852.711913853.7178
 14.405 -0.699  4.097-22.506 -9.010  4.193  8.601 64.386 -1.213
 -22.084-23.266  3.219  5.676  2.695  1.498 -8.950 -9.574   1.28
12 552 647 1 5 6 313853.717813854.7285
 14.308 -0.205  3.394 -9.010  4.464  8.601 13.290 65.669 -0.107
  -8.950 -9.574  3.261  4.639  7.776  0.825  4.607  4.372-146.06
12 952 659 2 1 3 213857.709013858.6982
 14.068 -0.235 10.381-10.754  2.196  4.123 15.469-18.154  0.376
 -10.705-11.247 10.397 10.222  3.753  0.369  2.508  2.069 -44.39
12 952 659 2 5 71013857.709013858.6982
 14.504 -0.159 10.816-20.208 -6.827 20.435 12.052 10.405 -3.036
 -18.607-23.798 10.528 11.464 14.133  6.302 -5.516 -7.605   6.62
121052 714 1 1 2 513858.698213859.7158
 13.262 -0.013 10.149  2.196 14.688 15.469  5.911-62.547  0.538
   2.508  2.069 10.740  9.909  4.469 11.001 15.140 13.646  58.79
121052 714 6 410 213858.698213859.7158
 13.457  0.038 10.659 -6.827  5.864 12.052 11.932 17.024 -0.565
  -5.516 -7.605 10.264 10.893  4.486  7.566  6.072  5.590  55.56
121152 648 1 1 2 313859.715813860.6895
 14.437 -0.329 10.698  5.864 18.964 11.932  1.353 72.582  0.399
   6.072  5.590 10.046 11.555  6.775  5.156 19.035 18.884  13.13
121152 648 4 1 5 313859.715813860.6895
 14.427 -0.614 10.136 14.688 27.778  5.911  9.770 -3.761  2.365
  15.140 13.646 10.165 10.068  4.124  1.787 27.836 24.041  16.66
121252 726 2 1 3 213860.689513861.7002
 14.695 -0.421  9.538 27.778 41.634  9.770  5.191 12.895 -3.363
  27.836 24.041  9.525 10.382  9.622  0.148 41.996 41.631  27.82
121352 711 4 5 9 413861.700213862.7148
 15.078 -0.196-10.398-48.343-34.032  9.142 15.707  7.595 -5.737
 -47.507-53.975-10.288-11.136  7.960  1.182-33.695-34.387 -10.74
121352 711 1 1 2 113861.700213862.7148
 13.927 -0.431  9.112 41.634 54.777  5.191  4.204 40.716 -0.476
  41.996 41.631  8.805  9.115  0.050  5.141  0.000  0.000   0.00
121452 649 2 2 42213862.714813863.7275
 14.390  0.290-10.198-34.032-20.455 15.707 15.362 -3.142  2.045
 -33.695-34.387-10.217-10.179  8.071  7.636-19.221-21.987  -0.74
121452 649 1 1 2 513862.714813863.7275
 13.742  0.233-11.958-44.860-31.941  9.013  3.760 -3.418 -0.112
 -43.256-44.935-12.051-11.953  0.400  8.613-30.648-32.215   1.15
121452 649 1 3 4 713862.714813863.7275
 13.963  0.032  5.684-48.377-35.233 23.540 12.245-12.046  0.029
 -48.170-49.019  5.728  5.548 17.807  5.732-34.702-35.600  10.27
122252 647 1 1 2 213870.717813871.7227
 13.784  0.057-11.082 31.608 44.483 15.844 24.466 89.060  0.139
  31.615 31.604-10.674-11.328  5.972  9.872 44.607 43.948 -53.76
