 12835 739 1 3 4 2 7332.6812 7333.7251
 13.843 -0.070 28.649  2.919 16.346  9.433 17.655-30.871  0.091
   3.002  0.323 28.692 27.287  9.141  0.292 16.407 14.036 -11.76
 12935 636 1 1 2 1 7333.7251 7334.6846
 13.866  0.500 28.576 16.346 28.715 17.655 16.747-42.634 -2.830
  16.407 14.036 28.625 26.708 17.205  0.450  0.000  0.000   0.00
 13035 733 0 0 1 1 7334.6846 7335.6992
 12.249  0.164 29.055 28.715 40.149 16.747 18.017  0.000  0.000
   0.000  0.000  0.000  0.000  0.000  0.000  0.000  0.000   0.00
 13135 712 0 0 1 2 7335.6992 7336.6709
 14.722 -0.719 29.221 40.149 53.500 18.017 17.092  0.000  0.000
   0.000  0.000  0.000  0.000  0.000  0.000  0.000 51.428   0.00
 21635 812 5 510 1 7351.6577 7352.6758
 15.407 -2.619 27.950 13.398 28.085 15.680  2.811 52.152 -3.193
  14.405 12.187 26.804 29.326  8.559  7.121  0.000  0.000   0.00
 22635 724 0 0 1 5 7361.6909 7362.6792
 12.798  0.374-17.429-59.752-48.075  6.205 18.897  0.000  0.000
   0.000  0.000  0.000  0.000  0.000  0.000  0.000-49.429   0.00
 31535 9 8 4 1 515 7378.6187 7379.7061
 14.137 -0.322-17.454  6.894 21.199 10.475 10.381  2.967  2.504
  10.354  6.038-17.283-17.496  2.079  8.396 26.702 19.856 -12.10
 31535 9 8 2 1 3 5 7378.6187 7379.7061
 12.408 -0.140 -0.161  6.018 18.443  8.135  8.261 10.559 -1.207
   7.000  1.470 -0.344  0.687  6.691  1.444 20.868 16.627 -26.85
 31535 9 8 1 1 2 6 7378.6187 7379.7061
 16.069  0.002 21.746-54.948-38.542 12.509  4.278 15.778  0.550
 -53.777-55.100 21.438 21.786  1.438 11.070-38.138-39.873  12.38
 41035 930 5 3 8 1 7404.6040 7405.6064
 12.780 -0.032 23.230 15.508 27.327 13.115  0.436 24.774 -3.070
  17.330 14.297 22.457 23.744  5.237  7.879  0.000  0.000   0.00
 41135 926 1 1 2 6 7405.6064 7406.6084
 13.042 -0.521 22.871 34.038 46.119  1.254  3.113-69.379  2.054
  34.899 33.715 24.980 22.080  0.342  0.912 46.897 41.472  82.54
 41735 933 2 911 3 7411.6016 7412.6040
 13.768 -0.087-35.775 23.043 35.860 54.325 18.877 11.016 -0.961
  23.920 21.592-35.636-36.004 33.858 20.467 35.889 34.714 -18.51
 41835 930 2 1 3 1 7412.6040 7413.6963
 14.057 -0.628-35.688 35.860 50.138 18.877 20.571 -7.497 -0.963
  35.889 34.714-35.691-35.565 18.412  0.465  0.000  0.000   0.00
 5 435 922 2 1 3 3 7428.6089 7429.5942
 13.967  0.218 21.166-15.909 -3.117 20.869  8.755 32.204  0.056
 -15.727-16.232 21.060 21.356 13.351  7.518 -2.471 -3.125 -25.86
 5 435 922 1 1 221 7428.6089 7429.5942
 14.414  0.918-29.386  0.244 13.476  2.341 39.827 47.895  5.669
   0.259 -0.459-29.371-30.064  2.291  0.050 18.989 11.410 -40.29
 5 535 943 8132130 7429.5942 7430.6055
 14.637 -0.192-30.291 13.476 27.279 39.827 37.767  7.604  0.711
  18.989 11.410-29.655-30.529 10.859 28.968 32.509 24.147   0.77
 5 535 943 0 0 1 1 7429.5942 7430.6055
 15.694  0.028 21.123-42.967-28.095  4.889  0.401  0.000  0.000
   0.000  0.000  0.000  0.000  0.000  0.000  0.000  0.000   0.00
 5 535 943 2 1 3 9 7429.5942 7430.6055
 13.854  0.426 21.381 -3.117  9.894  8.755  5.864  6.343  0.594
  -2.471 -3.125 21.315 21.382  0.100  8.655 10.455  9.553  39.62
 5 635 927 6 3 9 8 7430.6055 7431.6709
 14.177 -0.480 21.812  9.894 23.945  5.864  7.439 45.962  0.745
  10.455  9.553 21.273 22.140  2.215  3.649 24.865 23.538   4.73
 5 735 753 1 2 3 4 7431.6709 7432.6050
 13.516 -0.427-27.317-48.917-37.213 28.580 17.442-55.436  0.118
 -48.710-49.128-27.584-27.045 14.435 14.146-36.774-37.522  25.04
 5 735 753 3 4 710 7431.6709 7432.6050
 14.534 -0.159-19.875-51.195-38.541 10.120 24.929-17.093  1.224
 -49.476-52.734-20.372-19.430  4.779  5.341-35.893-40.384  -0.25
 5 735 753 2 6 8 3 7431.6709 7432.6050
 14.025  0.067 21.301 23.945 36.124  7.439  1.096 50.688 -1.599
  24.865 23.538 20.255 21.765  2.285  5.155 36.371 36.055 -17.62
 5 835 928 3 1 4 1 7432.6050 7433.6069
 14.740  1.062-26.919-37.213-23.430 17.442 30.173-30.393 -0.773
 -36.774-37.522-27.148-26.757  7.205 10.237  0.000  0.000   0.00
 5 835 928 2 81020 7432.6050 7433.6069
 15.179  0.971-19.726-38.541-24.317 24.929 17.172-17.342  0.467
 -35.893-40.384-20.504-19.184 10.232 14.697-21.432-26.648  12.57
 5 935 926 0 0 1 2 7433.6069 7434.6772
 13.123 -0.376-27.983-23.430-10.442 30.173 18.604  0.000  0.000
   0.000  0.000  0.000  0.000  0.000  0.000  0.000-12.266   0.00
 52935 920 2 3 5 8 7453.6104 7454.6152
 13.599  0.452-28.679-46.911-34.234 19.563  6.304 32.640 -1.714
 -46.776-48.928-28.604-29.813 18.338  1.225-33.944-34.548 -31.89
 53035 913 1 7 8 9 7454.6152 7455.6118
 13.160  0.465-29.133-34.234-22.099  6.304 19.492  0.745  0.406
 -33.944-34.548-29.130-29.137  3.284  3.020-21.861-22.903  13.15
 53035 913 1 1 2 2 7454.6152 7455.6118
 14.381  0.342 17.116-48.031-34.680  2.864  0.100-21.735 -0.494
 -46.961-48.050 17.524 17.109  0.050  2.814-34.382-34.977  -3.20
 53135 918 3 6 911 7455.6118 7456.6025
 14.740  0.652-29.596-22.099 -8.466 19.492 28.820 13.892  0.937
 -21.861-22.903-29.545-29.769 15.045  4.447 -7.352 -8.935 -56.91
 53135 918 5 712 1 7455.6118 7456.6025
 16.719  0.068 26.617-56.534-40.941  8.251  0.245-21.005 -3.795
 -55.254-59.217 27.056 25.696  5.587  2.665  0.000  0.000   0.00
 6 135 931 5 61123 7456.6025 7457.5889
 13.970  0.200-30.243 -8.466  4.340 28.820 54.485-43.014  1.074
  -7.352 -8.935-31.141-29.865  8.530 20.290  6.320  3.138  21.79
 6 135 931 0 0 1 4 7456.6025 7457.5889
 13.124  0.441 25.566-47.334-35.361  1.407  2.850  0.000  0.000
   0.000  0.000  0.000  0.000  0.000  0.000  0.000-37.007   0.00
 6 135 931 0 0 1 1 7456.6025 7457.5889
 14.601  0.315 26.684-40.941-27.513  0.245  1.720  0.000  0.000
   0.000  0.000  0.000  0.000  0.000  0.000  0.000  0.000   0.00
 6 235 95214 92322 7457.5889 7458.5669
 14.665  0.485-30.440  4.340 17.719 54.485 37.837-21.227  0.320
   6.320  3.138-31.103-30.037 20.592 33.893 19.930 16.284   4.61
 6 235 952 3 1 4 2 7457.5889 7458.5669
 14.093 -0.577 26.001-35.361-22.542  2.850  1.217 40.085 -1.990
 -34.914-37.007 25.662 27.245  2.241  0.610-22.400-22.566-111.42
 6 3351023 7152223 7458.5669 7459.5708
 14.284 -0.465-30.914 17.719 31.075 37.837 32.865-16.616  0.957
  19.930 16.284-31.480-30.547 14.890 22.947 33.818 28.959   9.56
 6 4351018 9142316 7459.5708 7460.5752
 13.691  0.702-30.447 31.075 43.836 32.865 42.725 -7.060 -0.972
  33.818 28.959-30.740-30.221 14.312 18.552 45.918 42.222  -6.15
 6 5351011 61016 3 7460.5752 7461.5669
 13.278  1.049-31.152 43.836 56.029 42.725 10.912-13.214  1.089
  45.918 42.222-31.570-30.828 18.657 24.068 60.446 55.945  41.82
 6 7351020 2 1 3 1 7462.5688 7463.5547
 13.566  0.327 27.655-46.675-34.266 16.780 12.218-20.184 -0.627
 -46.666-47.330 27.658 27.441 16.548  0.232  0.000  0.000   0.00
 6 8351041 4 3 733 7463.5547 7464.5952
 14.235 -0.025-31.200-20.256 -6.469  5.892 44.737 -6.510  2.636
 -19.421-20.997-31.282-31.128  2.770  3.122 -4.086 -8.700  15.11
 6 8351041 3 3 6 9 7463.5547 7464.5952
 12.977  0.609-23.951-59.516-47.039 17.519 11.407  8.543  1.369
 -55.763-60.700-23.435-24.113  4.201 13.318-42.162-48.492   5.45
 6 8351041 0 0 1 1 7463.5547 7464.5952
 15.033 -0.349 27.977-34.266-19.650 12.218  5.179  0.000  0.000
   0.000  0.000  0.000  0.000  0.000  0.000  0.000  0.000   0.00
 6 935 94220133321 7464.5952 7465.5625
 13.051  0.862-31.174 -6.469  5.206 44.737 32.224  8.600  0.366
  -4.086 -8.700-30.866-31.463 21.626 23.112  8.021  2.890 -12.00
 6 935 942 2 1 3 6 7464.5952 7465.5625
 12.372 -0.780-34.208-44.149-33.130 12.261  2.393-59.140 -0.035
 -43.574-45.052-35.004-32.958  7.491  4.771-31.853-33.549   6.18
 6 935 942 6 3 9 2 7464.5952 7465.5625
 12.321  0.593-24.584-47.039-36.070 11.407  6.010 13.993 -4.151
 -42.162-48.492-23.479-24.913  2.618  8.788-34.552-36.405   5.76
 6 935 942 0 0 1 5 7464.5952 7465.5625
 13.315 -0.074 27.615-19.650 -7.720  5.179  3.114  0.000  0.000
   0.000  0.000  0.000  0.000  0.000  0.000  0.000 -7.937   0.00
 610351030 9122126 7465.5625 7466.5625
 14.329 -0.533-32.008  5.206 18.552 32.224 23.615 -3.397  1.657
   8.021  2.890-32.150-31.891 14.546 17.679 22.532 15.485   5.78
 610351030 3 3 613 7465.5625 7466.5625
 13.580  0.866-33.453-33.130-20.532  2.393 10.112-52.960 -0.282
 -31.853-33.549-34.865-32.990  0.591  1.802-19.522-21.408  94.04
 610351030 1 1 2 9 7465.5625 7466.5625
 15.211 -0.500-25.158-36.070-21.841  6.010 16.545 19.755  0.803
 -34.552-36.405-24.665-25.267  1.086  4.925-20.422-23.192  -6.74
 610351030 1 4 5 3 7465.5625 7466.5625
 13.077  0.941 27.540-24.654-12.559  3.235  0.551  9.722 -3.383
 -20.543-24.957 26.916 27.586  0.222  3.014-12.478-12.928 -57.43
 610351030 2 3 5 5 7465.5625 7466.5625
 14.192 -0.387 27.543 -7.720  5.491  3.114  2.058  0.157  1.389
  -7.151 -7.937 27.542 27.544  0.860  2.254  6.125  3.829 -11.69
 611351030 4 5 9 3 7466.5625 7467.5605
 14.827 -0.576 30.516-57.117-43.301 12.560  7.298  5.124  0.586
 -56.660-58.698 30.480 30.638  9.746  2.814-43.245-45.840 -21.89
 611351030 3 2 5 1 7466.5625 7467.5605
 15.305 -0.210 27.156  5.491 19.784  2.058  1.947-11.537 -2.085
   6.125  3.829 27.271 26.854  1.489  0.569  0.000  0.000   0.00
 612351033 1 6 7 2 7467.5605 7468.5620
 15.303 -0.114-30.388 38.445 52.786  9.713  0.544 20.094 -2.825
  39.419 34.697-30.081-31.571  7.711  2.003 53.800 52.063 -27.13
 612351033 2 3 5 4 7467.5605 7468.5620
 13.898  0.724-30.770 28.208 41.143  9.025  1.028 66.902 -0.336
  28.587 27.701-30.007-31.792  5.167  3.858 41.924 40.971  -7.36
 612351033 2 1 3 6 7467.5605 7468.5620
 13.646 -0.426 29.941-43.301-30.619  7.298 11.295-16.769 -1.553
 -43.245-45.840 29.956 29.278  7.143  0.156-30.307-30.889 -33.65
 612351033 3 1 4 6 7467.5605 7468.5620
 14.846 -1.050 30.566-44.503-30.619  2.510 11.295-19.178 -2.870
 -43.265-47.286 30.937 29.733  1.737  0.772-30.307-30.889 -31.24
 612351033 3 1 4 9 7467.5605 7468.5620
 13.702  0.319 27.009  5.392 18.130  3.656 16.044 18.112  0.014
   6.908  2.419 26.567 27.875  2.421  1.234 20.646 16.634  14.31
 613351030 2 2 4 2 7468.5620 7469.5591
 14.064 -0.937-31.495 41.143 54.189  1.028  3.707 59.542  1.633
  41.924 40.971-30.361-31.744  0.186  0.843 57.394 54.145 -89.77
 613351030 3 3 6 9 7468.5620 7469.5591
 12.694  0.400 29.515-30.619-18.939 11.295 19.817-50.419  0.042
 -30.307-30.889 29.843 29.230  5.254  6.041-18.246-19.141  72.45
 613351030 3 6 9 3 7468.5620 7469.5591
 15.792 -1.334 27.328 18.130 32.899 16.044  9.100 32.421  0.084
  20.646 16.634 25.908 28.172  5.982 10.062 33.296 29.308   1.25
 614351034 4 5 9 6 7469.5591 7470.6743
 14.682 -0.417 29.914-18.939 -3.659 19.817  9.010 22.030  0.793
 -18.246-19.141 29.671 29.985  4.475 15.342 -3.489 -4.291  42.60
 614351034 2 1 3 2 7469.5591 7470.6743
 14.793  0.168 25.997 32.899 48.303  9.100  5.394 33.667  0.274
  33.296 29.308 25.760 28.147  8.195  0.906 48.881 44.305  -7.36
 61535 748 4 2 6 4 7470.6743 7471.7285
 15.417 -0.642 29.448 -3.659 11.559  9.010  1.506 64.632  0.712
  -3.489 -4.291 29.136 30.609  7.098  1.912 12.353  9.758 -50.83
 61635 630 1 1 211 7471.7285 7472.6138
 13.063  0.358-18.192-57.205-46.507  1.883  4.903 67.350  1.479
 -57.170-57.575-18.112-19.036  1.721  0.162-45.986-48.523 -81.35
 61635 630 0 0 1 3 7471.7285 7472.6138
 15.366 -0.150 14.604-41.980-29.243  4.822  4.412  0.000  0.000
   0.000  0.000  0.000  0.000  0.000  0.000  0.000-30.461   0.00
 61735 915 0 0 113 7472.6138 7473.6089
 16.110 -2.912-20.998-52.439-37.384  0.050 21.859  0.000  0.000
   0.000  0.000  0.000  0.000  0.000  0.000  0.000-42.037   0.00
 61735 915 2 1 3 2 7472.6138 7473.6089
 16.019  0.515 14.471-29.243-14.279  4.412  1.047-45.786 -1.476
 -29.121-30.461 14.592 13.258  4.011  0.401-14.278-14.297 -41.38
 61835 922 5 81315 7473.6089 7474.5854
 11.609 -0.651-18.100-37.384-27.006 21.859 26.323-11.125 -1.176
 -33.274-42.037-18.868-17.230 11.609 10.250-22.990-30.467  -1.63
 61835 922 1 1 2 5 7473.6089 7474.5854
 13.596  0.134 14.984-14.279 -1.961  1.047  3.341-87.162  3.658
 -14.278-14.297 15.002 14.618  0.997  0.050 -1.063 -4.798  60.28
 61935 956 9 61526 7474.5854 7475.5889
 14.816  0.781-17.464-27.006-13.123 26.323 27.101-12.759 -2.372
 -22.990-30.467-18.332-16.717 12.184 14.139 -9.191-14.381   8.78
 61935 956 0 0 1 2 7474.5854 7475.5889
 13.614  0.119-18.331-58.056-45.378 13.541 31.016  0.000  0.000
   0.000  0.000  0.000  0.000  0.000  0.000  0.000-46.178   0.00
 61935 956 2 3 5 9 7474.5854 7475.5889
 12.031 -0.058 15.115 -1.961  9.127  3.341  3.606-26.882  0.089
  -1.063 -4.798 15.554 13.727  2.538  0.803 11.013  6.746  30.91
 62035 95212142615 7475.5889 7476.5811
 15.103 -0.165-18.248-13.123  0.891 27.101  6.122 -3.982 -0.379
  -9.191-14.381-18.508-18.165  6.571 20.530  3.168 -1.563  13.64
 62035 952 1 1 2 3 7475.5889 7476.5811
 14.617 -0.137-18.450-45.378-31.846 31.016 35.968 73.837  0.420
 -45.357-46.178-18.379-21.069 30.195  0.821-31.781-35.158 -68.50
 62035 952 1 1 2 1 7475.5889 7476.5811
 14.663 -0.058 28.892 44.239 57.816  6.224  3.126-72.308 -0.241
  44.274 44.190 28.988 28.759  3.613  2.611  0.000  0.000   0.00
 6213510 3 7 815 3 7476.5811 7477.5840
 12.995  2.020-18.085  0.891 12.939  6.122  1.363  9.661 -2.048
   3.168 -1.563-17.716-18.482  3.176  2.946 13.616 12.593 -77.21
 62335 956 1 2 3 2 7478.5854 7479.5859
 14.456 -0.532-18.955 -5.553  7.932 19.128  9.045 42.385 -1.326
  -5.011 -6.436-18.488-19.718 11.860  7.268  8.346  7.915 -77.05
 62435 956 1 1 2 1 7479.5859 7480.5850
 14.289 -0.436-18.423  7.932 21.223  9.045 12.576-34.668 -0.498
   8.346  7.915-18.695-18.411  0.374  8.671  0.000  0.000   0.00
 62535 957 0 0 1 1 7480.5850 7481.5894
 14.013  0.156-17.988 21.223 34.319 12.576 35.203  0.000  0.000
   0.000  0.000  0.000  0.000  0.000  0.000  0.000  0.000   0.00
 62535 957 2 1 3 2 7480.5850 7481.5894
 14.198  0.172-27.468 -6.740  6.542  1.205  0.868-53.265  0.287
  -6.619 -6.751-27.612-27.455  0.100  1.105  6.687  6.442 116.48
 62535 957 5212619 7480.5850 7481.5894
 14.684  0.725-23.692-55.612-41.841 51.633 59.639-16.951 -1.782
 -53.200-59.205-24.365-22.689 30.897 20.736-40.583-44.887   8.03
 62635 950 0 0 1 2 7481.5894 7482.6016
 14.006 -0.065-18.144 34.319 47.498 35.203 17.719  0.000  0.000
   0.000  0.000  0.000  0.000  0.000  0.000  0.000 47.485   0.00
 62635 950 3161923 7481.5894 7482.6016
 12.609 -0.778-24.420-41.841-30.074 59.639 44.417 -8.919  1.494
 -40.583-44.887-24.600-23.985 42.211 17.428-28.268-33.901 -10.15
 62635 950 2 1 3 2 7481.5894 7482.6016
 13.365  0.486-29.677-49.513-36.981  0.841  0.871-10.490 -0.265
 -48.636-49.727-29.818-29.642  0.165  0.676-36.278-37.024 -12.30
 62735 93312112332 7482.6016 7483.6147
 14.166  0.423-23.632-30.074-16.714 44.417 81.500-19.074 -1.132
 -28.268-33.901-24.205-22.420 30.170 14.247-15.178-19.824  30.56
 62835 91514183211 7483.6147 7484.5693
 14.293  0.301-24.061-16.714 -4.002 81.500 29.543 11.491 -1.904
 -15.178-19.824-23.776-24.638 54.550 26.950 -2.753 -5.413 -13.67
 629351019 6 51112 7484.5693 7485.5576
 14.040 -0.424-24.349 -4.002  8.904 29.543 46.142 -2.175  1.726
  -2.753 -5.413-24.392-24.300 15.669 13.874 10.650  6.241 -11.68
 630351037 3 91214 7485.5576 7486.5620
 12.677 -0.227-23.930  8.904 20.650 46.142 14.240-13.850 -2.166
  10.650  6.241-24.323-23.330 27.873 18.269 21.470 19.462  -8.24
 7 5351030 0 0 1 2 7490.5625 7491.5605
 14.175 -0.060 25.645-58.299-45.131  7.965  7.950  0.000  0.000
   0.000  0.000  0.000  0.000  0.000  0.000  0.000-47.649   0.00
 7 6351033 2 3 513 7491.5605 7492.5625
 10.876  1.095-31.979-58.197-48.279 21.544 30.192  9.001  1.598
 -56.999-63.111-31.818-32.639 17.323  4.221-44.636-52.607   3.75
 7 6351033 1 1 2 1 7491.5605 7492.5625
 14.293 -0.457 25.585-45.131-31.788  7.950  8.419 26.254 -2.549
 -45.115-47.649 25.578 26.706  7.900  0.050  0.000  0.000   0.00
 711351027 2 1 3 5 7496.5640 7497.6938
 12.623 -0.152-33.860  5.644 18.800  2.614 12.614-14.955 -0.243
   6.003  5.139-33.940-33.748  1.527  1.087 19.086 18.629 -25.36
 711351027 0 0 1 1 7496.5640 7497.6938
 13.819 -0.005-18.283-31.497-16.990 13.214 20.281  0.000  0.000
   0.000  0.000  0.000  0.000  0.000  0.000  0.000  0.000   0.00
 711351027 6 2 8 4 7496.5640 7497.6938
 16.089 -0.525 22.127 -9.310  7.763  3.246  0.812 14.681 -2.301
  -7.461-11.831 21.679 22.739  1.873  1.373  8.001  6.068   2.68
 711351027 0 0 1 1 7496.5640 7497.6938
 14.561  0.061 24.303 19.328 34.674  0.438  0.209  0.000  0.000
   0.000  0.000  0.000  0.000  0.000  0.000  0.000  0.000   0.00
 71235 721 3 5 8 8 7497.6938 7498.5708
 16.060  0.015-18.531 22.882 36.111 10.919  8.509  1.313 -0.186
  24.114 20.310-18.504-18.586  7.383  3.535 37.850 34.552 -25.30
 71235 721 2 3 5 4 7497.6938 7498.5708
 14.226  0.243-33.688 18.800 30.420 12.614 11.836-40.311  1.324
  19.086 18.629-33.890-33.567  4.726  7.888 30.559 29.759 -28.36
 71235 721 0 0 1 3 7497.6938 7498.5708
 13.781  0.453-18.278-16.990 -5.761 20.281 13.753  0.000  0.000
   0.000  0.000  0.000  0.000  0.000  0.000  0.000 -7.340   0.00
 71235 721 0 0 1 1 7497.6938 7498.5708
 13.030 -0.274 24.372 34.674 45.244  0.209  2.014  0.000  0.000
   0.000  0.000  0.000  0.000  0.000  0.000  0.000  0.000   0.00
 713351018 2 2 4 1 7498.5708 7499.6113
 13.659  0.019-33.901 30.420 43.611 11.836 16.195-68.671 -1.824
  30.559 29.759-34.196-32.497  9.779  2.057  0.000  0.000   0.00
 713351018 1 2 3 1 7498.5708 7499.6113
 14.371  0.010-18.675 -5.761  8.171 13.753 11.238 12.308 -1.749
  -5.536 -7.340-18.629-19.002 12.039  1.713  0.000  0.000   0.00
 713351018 7 81512 7498.5708 7499.6113
 13.668  0.735-25.961-50.619-37.418 21.315 19.851 21.331  0.272
 -48.908-53.175-25.360-26.858 12.766  8.549-35.787-40.128   6.66
 71435 919 0 0 1 1 7499.6113 7500.6743
 13.366  0.418-33.921 43.611 56.781 16.195 12.625  0.000  0.000
   0.000  0.000  0.000  0.000  0.000  0.000  0.000  0.000   0.00
 71435 919 0 0 1 1 7499.6113 7500.6743
 13.895  0.073-18.685  8.171 21.904 11.238 21.729  0.000  0.000
   0.000  0.000  0.000  0.000  0.000  0.000  0.000  0.000   0.00
 71435 919 6 61213 7499.6113 7500.6743
 14.005 -0.435-26.725-37.418-23.569 19.851 22.309 27.992  0.103
 -35.787-40.128-25.951-28.012 12.392  7.460-21.012-25.558  -3.11
 71535 748 0 0 1 1 7500.6743 7501.5933
 14.383 -0.151-18.763 21.904 34.220 21.729 19.677  0.000  0.000
   0.000  0.000  0.000  0.000  0.000  0.000  0.000  0.000   0.00
 71535 748 6 71314 7500.6743 7501.5933
 16.615 -0.138-26.263-23.569 -9.203 22.309 14.028 24.883 -3.057
 -21.012-25.558-25.199-27.090  9.761 12.549 -8.514-10.024  -5.59
 71635 945 0 0 1 1 7501.5933 7502.5791
 14.379  0.058-18.624 34.220 47.434 19.677 21.686  0.000  0.000
   0.000  0.000  0.000  0.000  0.000  0.000  0.000  0.000   0.00
 71635 945 6 81422 7501.5933 7502.5791
 11.651  0.937-26.136 -9.203  1.322 14.028 24.118 19.289  6.147
  -8.514-10.024-25.920-26.394  7.623  6.405  5.394 -2.857  -4.95
 7173510 512102228 7502.5791 7503.5957
 14.609 -0.209-27.060  1.322 15.179 24.118 16.384 14.337 -1.081
   5.394 -2.857-26.133-28.011 12.213 11.905 18.866 11.614  -8.64
 7173510 5 0 0 1 1 7502.5791 7503.5957
 13.953 -0.331-18.061-48.873-35.682  5.454  1.440  0.000  0.000
   0.000  0.000  0.000  0.000  0.000  0.000  0.000  0.000   0.00
 8 135 912 1 1 2 1 7517.6162 7518.5986
 14.675 -0.239-16.230-40.327-26.868  2.919  8.738-57.033 -0.332
 -40.217-40.405-16.394-16.115  1.202  1.717  0.000  0.000   0.00
 8 135 912 2 2 4 2 7517.6162 7518.5986
 12.430 -0.038-18.955-47.015-35.763  1.507  0.283 -9.116 -0.731
 -46.198-48.029-19.079-18.801  0.834  0.673-35.386-35.843  74.11
 8 235 937 1 1 2 5 7518.5986 7519.5903
 14.014  0.253-23.389-13.838 -0.911  1.285  9.689 42.034  2.015
 -13.093-14.169-22.773-23.663  0.395  0.889  1.434 -2.068 -25.64
 8 235 937 0 0 1 2 7518.5986 7519.5903
 15.111  0.221-15.995-26.868-12.853  8.738  0.917  0.000  0.000
   0.000  0.000  0.000  0.000  0.000  0.000  0.000-13.242   0.00
 8 335 949 2 3 5 3 7519.5903 7520.5854
 16.870 -0.770-23.640 -0.911 14.904  9.689  0.464 16.397 -2.437
   1.434 -2.068-23.008-23.952  3.203  6.486 14.935 14.652  56.93
 8 335 949 1 1 2 5 7519.5903 7520.5854
 14.307  0.048-16.214-12.853  0.410  0.917  7.944-10.969  2.022
 -12.764-13.242-16.231-16.142  0.746  0.171  0.713 -1.850  19.62
 8 435 956 1 4 5 2 7520.5854 7521.5957
 14.914 -0.202-16.262  0.410 14.491  7.944  3.683  8.647 -2.023
   0.713 -1.850-16.217-16.592  7.006  0.938 14.685 14.199  -8.04
 8 535 941 1 1 2 7 7521.5957 7522.6646
 14.442  0.152-16.057 14.491 28.880  3.683  4.809  0.605  0.757
  14.685 14.199-16.055-16.060  2.212  1.471 29.522 28.271  10.54
 8 635 8 3 2 5 7 7 7522.6646 7523.6069
 14.439 -0.353-16.220 28.880 41.565  4.809  3.932 11.140  0.832
  29.522 28.271-16.099-16.335  2.343  2.467 42.399 40.273 -16.99
 8 635 8 3 1 4 5 6 7522.6646 7523.6069
 13.518  1.144-16.252-46.867-35.051  4.217 11.074-33.359  0.392
 -45.833-47.262-16.906-16.003  1.165  3.052-33.750-35.800  49.24
 8 735 926 1 6 7 1 7523.6069 7524.6069
 15.388  0.556-15.887 41.565 55.974  3.932  7.180 -5.855 -2.055
  42.399 40.273-15.970-15.760  2.389  1.543  0.000  0.000   0.00
 8 735 926 3 3 6 3 7523.6069 7524.6069
 13.058  0.148-17.331-35.051-22.971 11.074 19.471 15.876  1.130
 -33.750-35.800-16.977-17.534  4.046  7.028-19.901-23.219 -15.28
 8 735 926 2 2 4 2 7523.6069 7524.6069
 15.980  0.156-26.879-55.499-40.498  5.935  6.156 -8.458  1.611
 -53.129-56.086-27.193-26.801  1.178  4.757-39.861-44.614   0.20
 8 735 926 2 1 3 1 7523.6069 7524.6069
 13.530 -0.275 26.504-58.928-46.376  4.345  0.050-45.815 -3.499
 -56.618-59.343 28.631 26.122  0.662  3.683  0.000  0.000   0.00
 8 735 926 1 2 3 1 7523.6069 7524.6069
 14.401  0.097 26.820-52.126-38.703  4.037  0.050-82.052 -0.348
 -52.088-52.142 27.060 26.715  1.232  2.805  0.000  0.000   0.00
 8 835 926 2 1 3 3 7524.6069 7525.5967
 16.210  0.687-17.479-22.971 -7.898 19.471  6.855  0.601 -0.474
 -19.901-23.219-17.448-17.481  1.451 18.020 -5.688 -8.509   4.47
 8 835 926 1 1 2 1 7524.6069 7525.5967
 16.767  2.045-27.035-40.498-24.875  6.156  6.368 -8.262 -4.278
 -39.861-44.614-27.117-26.503  5.331  0.824  0.000  0.000   0.00
 8 935 941 2 1 3 1 7525.5967 7526.7988
 11.329 -0.762-18.159 -7.898  4.544  6.855  3.352  5.072 -2.690
  -5.688 -8.509-17.973-18.210  1.483  5.372  0.000  0.000   0.00
 8 935 941 0 0 1 1 7525.5967 7526.7988
 11.231 -2.197-29.059-24.875-12.551  6.368  4.588  0.000  0.000
   0.000  0.000  0.000  0.000  0.000  0.000  0.000  0.000   0.00
 81035 449 0 0 1 1 7526.7988 7527.5957
 14.682  0.380-17.243  4.544 15.469  3.352 11.981  0.000  0.000
   0.000  0.000  0.000  0.000  0.000  0.000  0.000  0.000   0.00
 81035 449 0 0 1 1 7526.7988 7527.5957
 14.982  0.916-26.418-12.551 -1.387  4.588  1.610  0.000  0.000
   0.000  0.000  0.000  0.000  0.000  0.000  0.000  0.000   0.00
 81135 941 0 0 1 2 7527.5957 7528.6743
 13.806  0.058-17.546 15.469 29.302 11.981  8.229  0.000  0.000
   0.000  0.000  0.000  0.000  0.000  0.000  0.000 29.088   0.00
 81135 941 0 0 1 1 7527.5957 7528.6743
 13.257 -0.467-27.148 -1.387 11.854  1.610  3.520  0.000  0.000
   0.000  0.000  0.000  0.000  0.000  0.000  0.000  0.000   0.00
 81135 941 0 0 1 4 7527.5957 7528.6743
 15.399 -1.781-22.121 -0.730 14.822  1.733  2.808  0.000  0.000
   0.000  0.000  0.000  0.000  0.000  0.000  0.000 13.388   0.00
 81135 941 2 1 3 7 7527.5957 7528.6743
 12.500  0.488-15.455-48.007-35.581  3.200  3.130  7.394 -0.321
 -47.968-50.439-15.450-15.759  3.150  0.050-34.610-36.245  33.53
 81735 941 3 3 610 7533.5967 7534.6040
 14.592 -0.008-16.485 27.653 41.370  8.009  6.267  8.457 -1.460
  28.844 25.466-16.315-16.797  5.187  2.822 42.028 40.181 -21.06
 81735 941 2 1 3 1 7533.5967 7534.6040
 14.134 -0.351 19.357-42.094-28.839 11.148  9.904 80.887 -1.144
 -42.039-42.231 19.034 20.164  7.970  3.178  0.000  0.000   0.00
 81835 930 6 41011 7534.6040 7535.5952
 14.119 -0.460-16.477 41.370 54.391  6.267 22.336-12.602  1.006
  42.028 40.181-16.618-16.222  4.035  2.232 55.729 52.979  33.06
 81835 930 0 0 1 3 7534.6040 7535.5952
 14.386 -0.455 19.003-28.839-15.553  9.904  5.660  0.000  0.000
   0.000  0.000  0.000  0.000  0.000  0.000  0.000-15.770   0.00
 81935 942 1 2 3 2 7535.5952 7536.6016
 14.029 -0.310 18.552-15.553 -2.422  5.660  3.550 58.143 -0.029
 -15.538-15.770 18.528 18.882  5.277  0.383 -2.223 -2.425-118.56
 82035 933 1 1 2 3 7536.6016 7537.6025
 14.048  0.240 18.240 -2.422 10.664  3.550  6.132-60.418  2.438
  -2.223 -2.425 18.573 18.235  0.050  3.500 10.909  8.625 100.37
 82035 93319102923 7536.6016 7537.6025
 12.784  0.251 27.217 13.362 25.183 46.042 26.172  5.644  1.253
  15.175 10.610 27.057 27.459 27.756 18.286 28.322 22.352   1.04
 82135 931 2 1 3 2 7537.6025 7538.6050
 14.232 -0.540 18.480 10.664 23.944  6.132  3.200 39.952 -2.425
  10.909  8.625 18.285 20.100  5.472  0.659 24.140 23.754 -63.95
 82235 928 1 1 2 1 7538.6050 7539.5972
 14.071 -0.180 17.939 23.944 36.935  3.200  8.252-23.998 -0.401
  24.140 23.754 18.022 17.859  1.572  1.628  0.000  0.000   0.00
 82235 928 7182512 7538.6050 7539.5972
 11.458  0.043 27.625 42.190 52.587 80.335 44.501  0.394  2.853
  45.904 37.295 27.603 27.655 45.672 34.663 58.549 46.719  -2.06
 82335 939 0 0 1 3 7539.5972 7540.5942
 14.032  0.162 17.760 36.935 49.950  8.252  2.753  0.000  0.000
   0.000  0.000  0.000  0.000  0.000  0.000  0.000 49.765   0.00
 83035 6 0 2 5 7 8 7546.7495 7547.6118
 13.017  0.318 30.337 -5.760  4.621  8.949  4.576 13.820  0.161
  -5.193 -6.634 30.216 30.522  5.429  3.520  4.974  3.347   0.04
 83135 918 0 0 1 1 7547.6118 7548.6040
 13.938 -0.025 20.272-49.415-36.558 36.613 13.322  0.000  0.000
   0.000  0.000  0.000  0.000  0.000  0.000  0.000  0.000   0.00
 83135 918 4 4 8 7 7547.6118 7548.6040
 13.430  0.260 30.611  4.621 16.975  4.576  3.014 13.864  0.242
   4.974  3.347 30.536 30.882  3.584  0.992 17.395 15.495   0.57
 9 135 930 0 0 1 1 7548.6040 7549.6016
 14.272  0.153 20.247-36.558-23.304 13.322 25.941  0.000  0.000
   0.000  0.000  0.000  0.000  0.000  0.000  0.000  0.000   0.00
 9 135 930 0 0 1 2 7548.6040 7549.6016
 13.530  0.185 26.686-58.844-46.331  1.022  1.605  0.000  0.000
   0.000  0.000  0.000  0.000  0.000  0.000  0.000-46.402   0.00
 9 135 930 2 5 7 2 7548.6040 7549.6016
 13.805  0.311 30.869 16.975 29.763  3.014  4.237 14.432 -1.286
  17.395 15.495 30.776 31.196  2.347  0.667 29.806 29.747  68.32
 9 235 933 0 0 1 2 7549.6016 7550.5952
 14.488  0.271 20.399-23.304 -9.881 25.941 26.776  0.000  0.000
   0.000  0.000  0.000  0.000  0.000  0.000  0.000-12.928   0.00
 9 235 933 1 1 2 1 7549.6016 7550.5952
 14.287  0.053 26.871-46.331-33.108  1.605  3.657 76.640 -0.312
 -46.321-46.402 26.835 27.139  1.417  0.189  0.000  0.000   0.00
 9 235 933 1 1 2 1 7549.6016 7550.5952
 13.525 -0.104 31.180 29.763 42.228  4.237  8.819 82.752 -0.398
  29.806 29.747 30.888 31.283  1.110  3.128  0.000  0.000   0.00
 9 335 942 1 1 2 2 7550.5952 7551.6035
 13.858 -0.416 20.669 -9.881  3.103 26.776 22.910 45.474 -3.443
  -9.876-12.928 20.663 23.567 26.726  0.050  3.118  2.755  11.83
 9 335 942 0 0 1 1 7550.5952 7551.6035
 14.056 -0.184 26.923-33.108-19.925  3.657  2.703  0.000  0.000
   0.000  0.000  0.000  0.000  0.000  0.000  0.000  0.000   0.00
 9 335 942 0 0 1 1 7550.5952 7551.6035
 12.871 -0.379 31.077 42.228 54.217  8.819  3.037  0.000  0.000
   0.000  0.000  0.000  0.000  0.000  0.000  0.000  0.000   0.00
 9 435 930 1 1 2 4 7551.6035 7552.6025
 13.510 -0.316 20.250  3.103 15.622 22.910 25.290 57.306  0.157
   3.118  2.755 20.228 20.758 21.963  0.947 15.666 15.213  -0.03
 9 435 930 3 4 7 4 7551.6035 7552.6025
 12.514  0.294 24.083 23.378 34.903  2.458 30.539 35.379 -0.528
  25.224 22.580 22.886 24.600  0.742  1.717 36.715 34.476  -2.37
 9 535 931 1 3 4 2 7552.6025 7553.6118
 14.767  0.023 19.934 15.622 29.532 25.290  9.650 57.280 -0.150
  15.666 15.213 19.870 20.532 22.839  2.451 29.781 29.237 -20.72
 9 535 931 3 6 9 8 7552.6025 7553.6118
 15.516 -0.317 19.719-13.554  1.112  4.634 12.820 26.081  1.097
 -12.024-14.414 19.014 20.115  1.667  2.967  3.190 -0.507 -11.58
 9 535 931 2 2 412 7552.6025 7553.6118
 16.412 -1.439 24.377 34.903 50.472 30.539 16.722 33.012  2.263
  36.715 34.476 23.305 24.630  5.821 24.718 52.648 47.821 -14.26
 9 635 918 3 5 8 5 7553.6118 7554.5942
 13.099  0.067 19.398  1.112 13.019 12.820  4.238 14.500  0.768
   3.190 -0.507 18.891 19.793  5.614  7.206 15.648 11.160  -0.06
 9 635 918 1 1 2 2 7553.6118 7554.5942
 12.537 -0.230 19.957 29.532 40.886  9.650 15.154 36.556  0.014
  29.781 29.237 19.783 20.163  5.229  4.422 41.185 40.609  -2.88
 9 735 943 1 1 2 2 7554.5942 7555.6206
 14.475 -0.272 19.731 40.886 54.736 15.154 18.768 33.671  0.076
  41.185 40.609 19.544 19.905  7.295  7.860 54.839 54.444  25.56
 9 835 9 5 5 61113 7555.6206 7556.6035
 14.814 -0.806-17.634 39.033 52.625 30.346 31.802  0.085  0.544
  41.391 36.461-17.630-17.637 15.829 14.518 54.763 49.305   4.60
 91135 934 1 2 3 5 7558.6006 7559.6069
 13.206 -0.047 32.063-58.715-46.416  9.457  3.952-69.375  0.034
 -58.606-58.901 32.307 31.645  5.971  3.487-46.095-46.598  14.50
 91235 926 2 3 5 1 7559.6069 7560.9814
 14.635 -2.911 32.015-46.416-27.653  3.952  0.050-54.871 -0.741
 -46.095-46.598 32.402 31.795  1.434  2.519  0.000  0.000   0.00
 91435 627 4 3 715 7561.7305 7562.6162
 12.461 -0.010 26.958-42.157-31.994 26.521 18.395  8.136 -0.194
 -40.363-43.520 26.729 27.132 11.446 15.074-30.315-33.278 -12.18
 91535 912 5 4 915 7562.6162 7563.5986
 15.171 -0.198-24.614-54.618-40.676 11.120 11.951  2.947  1.887
 -51.849-55.046-24.484-24.634  1.490  9.630-38.426-43.603 -13.59
 91535 912 8 71512 7562.6162 7563.5986
 12.806  0.372 26.950-31.994-20.376 18.395  9.296 -4.047  0.878
 -30.315-33.278 27.056 26.869  7.971 10.424-17.120-21.089   3.06
 91635 937 4 81210 7563.5986 7564.6099
 13.539 -0.146 27.315-20.376 -7.681  9.296  3.912 -0.983  0.516
 -17.120-21.089 27.365 27.304  1.669  7.627 -4.077 -8.620   2.09
 91735 92217 72412 7564.6099 7565.6729
 13.182 -0.480-24.166-30.610-17.641 31.544 19.287 -1.750  2.570
 -28.936-32.709-24.213-24.107 17.548 13.996-12.977-19.540   0.14
 92135 930 4 610 8 7568.6035 7569.6064
 13.297 -0.662 25.913-29.352-17.005 12.814  7.880  7.332  2.664
 -29.105-30.650 25.884 26.063 10.767  2.047-16.083-20.428 -22.14
 92235 926 2 6 812 7569.6064 7570.6016
 13.106 -0.195 25.249-17.005 -4.942  7.880 11.640-14.809  2.031
 -16.083-20.428 25.470 24.431  6.207  1.673 -3.098 -9.825  16.01
 92235 926 6 71317 7569.6064 7570.6016
 14.896 -0.656 19.534  9.740 23.584  5.114 26.277  4.267  1.229
  11.871  8.851 19.384 19.597  1.506  3.608 25.483 21.195   2.22
 92335 933 21012 8 7570.6016 7571.6074
 15.648  0.155 25.055 -4.942  9.813 11.640 10.200  1.205 -4.063
  -3.098 -9.825 25.020 25.148  8.448  3.191 10.104  7.878   6.64
 92335 933 6 511 9 7570.6016 7571.6074
 16.347  0.631 22.845 11.493 26.952  6.335  7.348-30.040  1.251
  13.761 10.559 24.053 22.347  1.848  4.487 29.377 24.521  12.94
 92335 933 9 81720 7570.6016 7571.6074
 16.283 -0.781 18.881 23.584 38.979 26.277 29.597  6.484  0.278
  25.483 21.195 18.677 19.138 14.644 11.633 40.428 35.925   4.54
 92435 924 1 1 2 7 7571.6074 7572.6089
 12.861  0.308-23.687-58.705-46.812  3.258  9.002 39.286  1.933
 -58.458-58.886-23.502-23.823  1.377  1.882-45.205-47.799 -25.47
 92435 924 4 4 815 7571.6074 7572.6089
 14.004 -0.007 25.211  9.813 22.851 10.200 26.802  7.842  0.260
  10.104  7.878 25.175 25.452  8.867  1.333 23.421 21.358  27.61
 92435 924 2 7 915 7571.6074 7572.6089
 14.456 -1.345 23.479 26.952 40.443  7.348 17.959-17.099  2.560
  29.377 24.521 24.164 22.794  3.678  3.670 45.983 38.237  23.45
 92435 924 1192010 7571.6074 7572.6089
 14.877 -0.451 18.096 38.979 52.891 29.597 28.194 11.025  1.962
  40.428 35.925 17.827 18.661 20.073  9.523 53.937 47.440   0.69
 92535 922 1 6 7 9 7572.6089 7573.6074
 13.687  0.526-23.996-46.812-34.127  9.002 14.956 13.818  1.237
 -45.205-47.799-23.635-24.218  3.426  5.576-32.215-35.938   9.10
 92535 922 8 71510 7572.6089 7573.6074
 13.659  0.386 25.204 22.851 35.508 26.802  9.183 35.456  0.195
  23.421 21.358 24.837 26.167 19.394  7.408 36.299 33.974  -2.91
 92535 922 3121516 7572.6089 7573.6074
 11.504  0.596 22.132 40.443 50.948 17.959 21.483  6.350 -0.727
  45.983 38.237 21.561 22.360  5.114 12.845 53.925 46.901 -10.25
 92635 924 7 2 910 7573.6074 7574.6187
 13.599  0.672-24.521-34.127-21.373 14.956 33.248 22.917  1.890
 -32.215-35.938-23.785-25.217  7.273  7.682-17.105-22.918  -3.80
 92635 924 1 4 5 3 7573.6074 7574.6187
 13.385  0.118-21.973-55.425-42.886  4.357  5.257  6.234  0.021
 -54.770-57.523-21.907-22.185  3.321  1.036-42.539-45.309 -13.91
 92635 924 7 31013 7573.6074 7574.6187
 14.847 -1.141 25.590 35.508 49.524  9.183 12.485 32.541 -1.295
  36.299 33.974 25.135 26.473  6.057  3.126 50.362 49.054 -35.73
 92735 9 8 4 610 5 7574.6187 7575.6099
 12.988  0.158-25.200-21.373 -9.478 33.248 13.279 19.115 -4.017
 -17.105-22.918-23.861-25.685  8.838 24.409 -9.185-10.663  11.37
 92735 9 8 1 2 3 4 7574.6187 7575.6099
 15.073 -0.265-22.092-42.886-28.925  5.257  4.292 -7.680 -2.117
 -42.539-45.309-22.135-21.789  4.599  0.659-28.647-29.151  15.97
 92735 9 8 2 1 3 8 7574.6187 7575.6099
 13.340 -0.893-24.389-48.406-36.162  1.112  5.880-15.427  0.208
 -48.386-48.825-24.394-24.283  1.062  0.050-35.950-36.561 -10.54
 92735 9 8 2 1 3 9 7574.6187 7575.6099
 13.730  0.580 21.571-59.812-47.182  6.350  8.153 32.517  0.331
 -59.770-60.353 21.546 21.892  5.890  0.460-46.964-48.014 -35.88
 92835 922 2 3 5 4 7575.6099 7576.7891
 12.475  0.641-25.356 -9.478  4.071 13.279  5.283 30.486 -0.305
  -9.185-10.663-25.200-25.987 10.648  2.631  4.983  3.781  -0.53
 92835 922 3 5 8 6 7575.6099 7576.7891
 14.516  0.477-23.504-36.162-20.206  5.880  2.063-25.969  0.272
 -35.950-36.561-23.598-23.326  3.838  2.042-20.095-21.011   5.15
 92835 922 0 0 1 1 7575.6099 7576.7891
 13.456 -0.145-18.255-52.752-38.047 16.799 11.724  0.000  0.000
   0.000  0.000  0.000  0.000  0.000  0.000  0.000  0.000   0.00
 92835 922 2 7 9 5 7575.6099 7576.7891
 13.978  0.087 22.146-47.182-31.860  8.153  5.257 -3.362 -0.101
 -46.964-48.014 22.157 22.100  6.461  1.693-31.818-32.693 -18.71
 92835 922 1 3 4 5 7575.6099 7576.7891
 14.772 -0.245 28.198-32.464-16.207  1.749  5.336 16.759  0.891
 -30.111-32.959 27.573 28.329  0.304  1.445-14.044-17.464  13.87
 92935 5 3 2 2 4 4 7576.7891 7577.6162
 14.794 -0.690-26.112  4.071 15.492  5.283  4.698 29.954  0.505
   4.983  3.781-25.640-26.262  1.271  4.012 16.320 14.528  -7.41
 92935 5 3 0 0 1 1 7576.7891 7577.6162
 14.036  0.264-18.083-38.047-27.252 11.724 14.418  0.000  0.000
   0.000  0.000  0.000  0.000  0.000  0.000  0.000  0.000   0.00
 92935 5 3 0 0 1 4 7576.7891 7577.6162
 12.900 -0.249 22.512-44.202-34.347  4.996  3.451  0.000  0.000
   0.000  0.000  0.000  0.000  0.000  0.000  0.000-36.905   0.00
 92935 5 3 1 4 5 5 7576.7891 7577.6162
 13.251  0.199 22.248-31.860-21.715  5.257  1.798-22.069  0.985
 -31.818-32.693 22.264 21.936  5.001  0.255-21.325-23.004 -11.30
 93035 912 1 3 4 8 7577.6162 7578.8203
 15.675 -0.585-25.542 15.492 33.181  4.698  2.760 22.548  0.323
  16.320 14.528-25.231-25.903  2.527  2.171 33.822 31.538 -20.69
 93035 912 0 0 1 1 7577.6162 7578.8203
 14.234  0.220-18.301-27.252-11.298 14.418 12.914  0.000  0.000
   0.000  0.000  0.000  0.000  0.000  0.000  0.000  0.000   0.00
 93035 912 5 2 7 2 7577.6162 7578.8203
 16.341 -0.967-18.207-52.565-34.074  2.256  1.158 38.580  3.073
 -51.197-53.144-17.170-18.645  0.671  1.586-32.199-37.109  -8.26
 93035 912 0 0 1 5 7577.6162 7578.8203
 15.605 -0.378 14.642-32.986-15.381  3.400  4.893  0.000  0.000
   0.000  0.000  0.000  0.000  0.000  0.000  0.000-18.135   0.00
 93035 912 2 2 4 6 7577.6162 7578.8203
 13.844 -0.438 22.306-34.347-18.862  3.451  3.115 -3.345 -1.093
 -33.028-36.905 22.378 22.168  2.277  1.175-17.012-19.688   9.66
 93035 912 3 2 5 1 7577.6162 7578.8203
 14.265  0.319 22.412-21.715 -5.724  1.798  4.960-33.367 -1.858
 -21.325-23.004 22.650 21.628  1.381  0.418  0.000  0.000   0.00
10 135 418 0 0 1 1 7578.8203 7579.7256
 14.465  0.653-18.566-11.298  0.909 12.914  7.877  0.000  0.000
   0.000  0.000  0.000  0.000  0.000  0.000  0.000  0.000   0.00
10 135 418 1 1 2 2 7578.8203 7579.7256
 12.477  0.603-17.042-34.074-23.667  1.158  4.156 30.321 -2.413
 -32.199-37.109-15.994-18.739  0.716  0.442-20.983-23.700   0.83
10 135 418 2 3 5 3 7578.8203 7579.7256
 16.682 -0.777 14.187-15.381 -1.166  4.893  1.125 17.074 -2.593
 -14.256-18.135 13.852 15.007  3.474  1.419 -1.046 -2.398  -5.61
10 135 418 3 3 6 1 7578.8203 7579.7256
 16.370 -0.182 21.779-18.862 -4.930  3.115  0.050  6.313 -2.500
 -17.012-19.688 21.589 21.864  0.961  2.154  0.000  0.000   0.00
10 135 418 0 0 1 1 7578.8203 7579.7256
 14.003 -0.110 22.796 -5.724  6.065  4.960  4.023  0.000  0.000
   0.000  0.000  0.000  0.000  0.000  0.000  0.000  0.000   0.00
10 235 634 0 0 1 1 7579.7256 7580.6797
 14.196 -0.091-19.158  0.909 13.514  7.877 15.652  0.000  0.000
   0.000  0.000  0.000  0.000  0.000  0.000  0.000  0.000   0.00
10 235 634 1 1 2 3 7579.7256 7580.6797
 14.099  0.583-17.588-23.667-11.154  4.156  5.082 31.148 -0.207
 -20.983-23.700-16.042-17.607  0.050  4.106 -9.071-11.506   3.70
10 235 634 1 1 212 7579.7256 7580.6797
 11.452  1.206-14.617-46.208-36.221  2.399 25.471  7.209  3.439
 -46.114-50.638-14.606-15.159  2.349  0.050-32.815-40.834   3.42
10 235 634 1 2 3 9 7579.7256 7580.6797
 12.546  0.254 13.483 -1.166  9.865  1.125 10.230 11.461  1.565
  -1.046 -2.398 13.459 13.726  1.025  0.100 10.867  7.915 -20.82
10 235 634 0 0 1 1 7579.7256 7580.6797
 13.631 -0.041 21.615 -4.930  7.136  0.050  0.141  0.000  0.000
   0.000  0.000  0.000  0.000  0.000  0.000  0.000  0.000   0.00
10 235 634 0 0 1 1 7579.7256 7580.6797
 13.598  0.418 22.697  6.065 18.099  4.023  3.956  0.000  0.000
   0.000  0.000  0.000  0.000  0.000  0.000  0.000  0.000   0.00
10 335 740 0 0 1 1 7580.6797 7581.6738
 14.072  0.214-19.070 13.514 26.518 15.652 19.526  0.000  0.000
   0.000  0.000  0.000  0.000  0.000  0.000  0.000  0.000   0.00
10 335 740 1 2 3 3 7580.6797 7581.6738
 13.708 -0.001-18.144-11.154  1.489  5.082  1.535 34.844  0.170
  -9.071-11.506-16.766-18.377  0.735  4.347  3.833  0.860 -15.83
10 335 740 5 4 913 7580.6797 7581.6738
 13.879 -0.262 13.726  9.865 22.678 10.230  6.959 -9.358  1.013
  10.867  7.915 13.886 13.414  6.757  3.473 25.017 21.021   1.89
10 335 740 0 0 1 2 7580.6797 7581.6738
 14.033 -0.404 23.096 18.099 31.066  3.956  3.242  0.000  0.000
   0.000  0.000  0.000  0.000  0.000  0.000  0.000 31.025   0.00
10 435 749 0 0 1 2 7581.6738 7582.6880
 13.538  0.196-19.283 26.518 39.253 19.526 14.819  0.000  0.000
   0.000  0.000  0.000  0.000  0.000  0.000  0.000 39.249   0.00
10 435 749 2 1 3 6 7581.6738 7582.6880
 14.619  0.666-15.119-19.761 -5.928  5.559  5.972-11.656  1.088
 -19.290-20.141-15.213-15.043  2.487  3.071 -5.647 -7.107  54.86
10 435 749 4 3 7 9 7581.6738 7582.6880
 15.048  0.018-15.440-29.127-14.860 12.390  7.300-19.621  0.374
 -27.581-30.702-15.972-14.899  6.252  6.138-12.834-16.373  36.71
10 435 749 6 713 6 7581.6738 7582.6880
 13.248  0.229 13.465 22.678 35.119  6.959 18.479 -7.464  1.567
  25.017 21.021 13.763 13.254  2.884  4.075 39.304 33.657   7.57
10 435 749 1 1 2 1 7581.6738 7582.6880
 13.395 -0.011 22.695 31.066 43.656  3.242  6.648 53.662 -0.226
  31.170 31.025 22.563 22.745  0.902  2.339  0.000  0.000   0.00
10 535 729 1 1 2 2 7582.6880 7583.6924
 13.954  0.282-19.482 39.253 52.276 14.819 14.077 88.063  0.066
  39.265 39.249-19.160-19.616  4.372 10.447 52.357 52.218 -12.53
10 535 729 1 1 210 7582.6880 7583.6924
 13.788 -0.070-21.376  3.071 15.926  0.366  4.768 -3.583  0.506
   3.445  0.702-21.398-21.238  0.316  0.050 17.819 14.576  -6.08
10 535 729 3 3 6 6 7582.6880 7583.6924
 14.535 -0.473-15.795 -5.928  7.678  5.972  7.470 43.202 -1.157
  -5.647 -7.107-15.541-16.860  4.823  1.148  8.286  7.498 -52.45
10 535 729 2 7 9 7 7582.6880 7583.6924
 15.271 -0.060-15.458-14.860 -0.515  7.300  4.834 17.085  0.592
 -12.834-16.373-14.858-15.907  3.121  4.179  0.666 -3.579  -6.76
10 535 729 2 4 6 3 7582.6880 7583.6924
 12.800 -0.479 13.698 35.119 46.983 18.479  3.448  0.104 -4.817
  39.304 33.657 13.690 13.700  4.784 13.696 47.155 46.981 -75.46
10 535 729 0 0 1 2 7582.6880 7583.6924
 13.967 -0.064 22.684 43.656 56.692  6.648  2.245  0.000  0.000
   0.000  0.000  0.000  0.000  0.000  0.000  0.000 56.613   0.00
10 635 722 3 710 8 7583.6924 7584.6792
 12.863  0.554-21.305 15.926 27.647  4.768  3.923 -9.665 -0.193
  17.819 14.576-21.606-21.091  1.986  2.783 29.070 25.986  14.26
10 635 722 3 3 6 1 7583.6924 7584.6792
 13.705  0.886-15.319  7.678 20.230  7.470  0.050 -9.249 -0.770
   8.286  7.498-15.415-15.291  1.706  5.764  0.000  0.000   0.00
10 635 722 2 5 7 4 7583.6924 7584.6792
 14.417  0.621-15.398 -0.515 12.739  4.834  1.439 10.330  0.348
   0.666 -3.579-15.191-15.937  3.489  1.345 14.015  9.328  -8.54
10 635 722 1 2 3 1 7583.6924 7584.6792
 13.865  0.191-17.674-49.087-36.378  5.221  3.818-28.108 -0.699
 -49.042-49.689-17.697-17.368  4.859  0.362  0.000  0.000   0.00
10 635 722 1 2 3 1 7583.6924 7584.6792
 13.671 -0.465 13.217 46.983 59.502  3.448  0.174-75.352 -0.670
  47.155 46.981 13.856 13.208  0.050  3.398  0.000  0.000   0.00
10 735 741 6 2 8 9 7584.6792 7585.6826
 14.358  0.354-21.852 27.647 41.066  3.923  2.730  4.591  0.592
  29.070 25.986-21.746-21.976  2.113  1.810 43.053 39.312  -4.63
10 735 741 2 2 4 1 7584.6792 7585.6826
 15.994  0.539-16.011 12.739 27.799  1.439  0.343  1.790 -4.508
  14.015  9.328-15.973-16.114  1.047  0.392  0.000  0.000   0.00
10 735 741 0 0 1 3 7584.6792 7585.6826
 14.361  0.304-17.863-36.378-22.956  3.818  0.751  0.000  0.000
   0.000  0.000  0.000  0.000  0.000  0.000  0.000-23.274   0.00
101235 740 0 3 3 1 7589.6797 7590.6162
 13.081 -1.511-18.168-22.956-11.633  0.751  0.298 24.996-62.753
   0.000-59.860  0.000 26.517  1.000  4.307  0.000  0.000   0.00
101535 711 3 0 3 1 7592.7002 7593.6846
 12.048  0.478 23.689-49.638-38.745  7.637  8.691-64.940-24.607
  11.382  0.000 22.291  0.000  8.620  1.000  0.000  0.000   0.00
101535 71120 020 1 7592.7002 7593.6846
 16.769 -1.223 22.095-14.551  0.990 12.661  2.915-34.638-31.549
  28.014  0.000 17.932  0.000 44.308  1.000  0.000  0.000   0.00
101535 711 0 5 512 7592.7002 7593.6846
 15.131  2.523 19.254 13.758 27.687  5.030 16.213 68.929-16.120
   0.000  8.621  0.000 21.124  1.000  8.345 31.299 24.459 -81.81
101635 733 0 0 1 1 7593.6846 7594.6938
 14.355  0.574-24.542  0.356 13.846  1.386  0.579  0.000  0.000
   0.000  0.000  0.000  0.000  0.000  0.000  0.000  0.000   0.00
101635 733 1 2 3 1 7593.6846 7594.6938
 15.655  0.515-19.149-14.238  0.563  5.394  7.099 12.093 -1.266
 -13.978-15.289-19.097-19.362  4.324  1.070  0.000  0.000   0.00
101635 733 2 1 3 1 7593.6846 7594.6938
 13.409 -0.441 14.086-59.374-46.840  3.472  0.050 12.872 -1.247
 -59.356-60.609 14.082 14.360  3.422  0.050  0.000  0.000   0.00
101635 733 4 5 912 7593.6846 7594.6938
 14.061  0.653 22.461-57.827-44.634 11.247 16.187  6.339  2.279
 -57.466-59.672 22.424 22.650  9.406  1.841-43.070-47.248  21.14
101635 733 0 0 1 1 7593.6846 7594.6938
 13.676 -0.071 24.159-38.745-25.941  8.691 19.182  0.000  0.000
   0.000  0.000  0.000  0.000  0.000  0.000  0.000  0.000   0.00
101635 733 4 812 6 7593.6846 7594.6938
 15.847  0.597 21.738 27.687 42.682 16.213 21.712-12.885  0.489
  31.299 24.459 22.506 21.052  7.650  8.562 45.080 37.575   5.04
101735 721 2 4 610 7594.6938 7595.6909
 15.038 -0.388-19.985 20.522 34.534  5.607 24.240 19.150  1.319
  21.533 19.016-19.655-20.476  3.355  2.252 35.161 31.461   5.11
101735 721 7 51212 7594.6938 7595.6909
 14.487 -0.072 23.120-44.634-31.171 16.187 43.766 27.482  0.545
 -43.070-47.248 22.372 24.371 10.128  6.060-28.926-33.771  -3.60
101735 721 0 0 1 1 7594.6938 7595.6909
 14.157 -0.034 24.088-25.941-12.807 19.182 11.424  0.000  0.000
   0.000  0.000  0.000  0.000  0.000  0.000  0.000  0.000   0.00
101735 721 2 4 6 3 7594.6938 7595.6909
 14.763  0.080 22.341 42.682 56.421 21.712 13.342 -7.842 -2.682
  45.080 37.575 22.646 21.690 14.774  6.938 56.789 52.237  -5.48
101835 724 2 1 3 4 7595.6909 7596.7002
 15.902  0.697-19.872 10.637 25.687 10.621  8.390  1.585  0.583
  14.691  9.243-19.767-19.908  2.717  7.904 28.293 22.197  -0.39
101835 724 2 1 316 7595.6909 7596.7002
 13.406 -1.379 21.683-54.944-42.412  3.966 17.069 27.408  2.151
 -53.523-55.255 20.998 21.832  0.711  3.256-41.125-45.350 -25.53
101835 724 6 61228 7595.6909 7596.7002
 14.308 -1.035 23.049-31.171-17.729 43.766 76.297 23.884  0.241
 -28.926-33.771 22.134 24.108 23.488 20.278-15.074-20.512 -14.06
101835 724 0 0 1 1 7595.6909 7596.7002
 13.547 -0.484 24.054-12.807 -0.133 11.424  8.822  0.000  0.000
   0.000  0.000  0.000  0.000  0.000  0.000  0.000  0.000   0.00
101935 711 0 0 1 2 7596.7002 7597.6099
 14.598 -1.166-22.634 43.056 55.438  4.963  7.099  0.000  0.000
   0.000  0.000  0.000  0.000  0.000  0.000  0.000 55.434   0.00
101935 711 51116 5 7596.7002 7597.6099
 16.908 -1.009 20.291-42.412-27.928 17.069 10.037  1.876 -3.156
 -41.125-45.350 20.252 20.382 11.869  5.201-27.871-28.522  38.68
101935 71112162833 7596.7002 7597.6099
 14.215  0.073 22.004-17.729 -5.695 76.297 37.424  9.821  1.456
 -15.074-20.512 21.578 22.451 39.055 37.242 -2.706 -9.747  -2.87
101935 711 0 0 1 1 7596.7002 7597.6099
 13.069  0.370 23.566 -0.133 10.858  8.822 14.239  0.000  0.000
   0.000  0.000  0.000  0.000  0.000  0.000  0.000  0.000   0.00
102035 922 4 4 8 8 7597.6099 7598.6973
 14.367 -0.119-17.452-46.267-31.716  3.670  4.728  7.751  3.027
 -45.538-46.676-17.357-17.505  1.317  2.353-29.630-33.920 -14.42
102035 922 1 4 5 5 7597.6099 7598.6973
 14.698  0.279 19.373-27.928-13.017 10.037  6.401 40.553  0.687
 -27.871-28.522 19.327 19.853  9.162  0.875-12.422-13.939 -23.35
102035 922 1 2 3 3 7597.6099 7598.6973
 14.241 -0.043 20.455-35.180-20.765  4.514  6.277 46.814 -1.183
 -34.203-35.937 19.480 21.211  1.971  2.543-20.299-21.462 -23.19
102035 922151833 4 7597.6099 7598.6973
 11.386 -1.934 22.070 -5.695  5.615 37.424  1.506  6.949 -0.987
  -2.706 -9.747 21.732 22.528 21.537 15.887  7.188  1.960 -35.37
102035 922 0 0 1 1 7597.6099 7598.6973
 14.398 -0.473 23.902 10.858 25.444 14.239 11.088  0.000  0.000
   0.000  0.000  0.000  0.000  0.000  0.000  0.000  0.000   0.00
102135 715 2 3 5 4 7598.6973 7599.6660
 15.225 -0.008 19.677-13.017  0.777  6.401  4.216 17.206 -1.127
 -12.422-13.939 19.503 19.946  3.892  2.509  0.990  0.607  -5.26
102135 71511122317 7598.6973 7599.6660
 15.253  0.468 22.298  9.440 23.261 32.215 43.344  6.328  0.530
  12.585  3.809 21.975 22.876 20.668 11.547 25.857 16.670   6.82
102135 715 0 0 1 1 7598.6973 7599.6660
 13.928  0.170 23.388 25.444 37.981 11.088 13.133  0.000  0.000
   0.000  0.000  0.000  0.000  0.000  0.000  0.000  0.000   0.00
102235 8 0 1 3 4 1 7599.6660 7600.8262
 14.578 -0.149 19.669  0.777 16.549  4.216  4.903 11.945 -0.368
   0.990  0.607 19.627 19.703  1.870  2.347  0.000  0.000   0.00
102235 8 0 8 917 6 7599.6660 7600.8262
 16.954 -0.980 22.752 23.261 41.791 43.344 44.192 13.146 -6.437
  25.857 16.670 22.193 24.171 31.094 12.249 42.083 39.786 -32.43
102235 8 0 0 0 1 1 7599.6660 7600.8262
 13.604 -0.474 23.552 37.981 52.623 13.133 11.687  0.000  0.000
   0.000  0.000  0.000  0.000  0.000  0.000  0.000  0.000   0.00
102335 4 9 3 71010 7600.8262 7601.6958
 12.705  0.060 18.657-38.358-28.169 14.756 15.540  1.913 -0.865
 -37.906-41.389 18.643 18.753 12.843  1.913-27.295-29.867  -1.12
102335 4 9 0 0 1 1 7600.8262 7601.6958
 13.631 -0.054 19.496 16.549 27.543  4.903  1.375  0.000  0.000
   0.000  0.000  0.000  0.000  0.000  0.000  0.000  0.000   0.00
102335 4 9 1 3 4 7 7600.8262 7601.6958
 12.430  1.047 23.197 33.230 43.180 11.335  5.832 30.842  1.506
  35.452 30.322 21.978 24.793  6.425  4.910 48.097 40.793 -13.12
102335 4 9 1 5 6 3 7600.8262 7601.6958
 13.455  0.365 21.615 41.791 52.631 44.192 48.212-19.282  0.081
  42.083 39.786 21.710 20.963 38.568  5.625 52.872 50.527  -2.54
102435 717 3 710 9 7601.6958 7602.6660
 14.327 -0.269 18.710-28.169-15.227 15.540 18.215  0.795  0.216
 -27.295-29.867 18.698 18.732 10.256  5.283-14.548-17.343   1.63
102435 717 6 2 812 7601.6958 7602.6660
 14.082  0.053 21.179-17.210 -4.506 18.390 23.451  5.765  0.689
 -15.020-18.909 20.973 21.339  8.033 10.357 -2.477 -7.082   2.07
102435 717 0 0 1 2 7601.6958 7602.6660
 13.987 -0.120 19.449 27.543 40.155  1.375  3.721  0.000  0.000
   0.000  0.000  0.000  0.000  0.000  0.000  0.000 36.568   0.00
102535 8 0 4 81214 7602.6660 7603.7271
 11.459 -0.483 21.231 -4.506  6.607 23.451 28.063  7.831  3.474
  -2.477 -7.082 20.971 21.561 13.118 10.332  9.385  1.313 -22.58
102535 8 0 1 1 2 1 7602.6660 7603.7271
 14.647  0.533 19.333 40.155 54.651  3.721  0.272-10.038 -3.484
  40.204 36.568 19.341 18.734  3.671  0.050  0.000  0.000   0.00
102635 632 5 91422 7603.7271 7604.6743
 16.738  0.597 20.718  6.607 21.527 28.063 18.831-14.749 -5.046
   9.385  1.313 21.402 19.414 18.403  9.660 22.863 20.078  34.77
11 535 736 0 0 1 1 7613.6831 7614.6797
 13.919 -0.100-23.610 19.735 32.622 13.590  9.400  0.000  0.000
   0.000  0.000  0.000  0.000  0.000  0.000  0.000  0.000   0.00
11 535 736 2 3 5 2 7613.6831 7614.6797
 12.472  0.580-25.648 12.422 23.868  3.783  2.642 33.549 -2.290
  14.069 11.189-24.664-26.386  1.620  2.163 24.624 23.723 -22.10
11 535 736 6 3 910 7613.6831 7614.6797
 13.431 -0.060-28.411-50.464-38.062 39.788 22.770 16.795 -0.060
 -47.269-57.591-27.563-30.304 27.472 12.316-34.451-44.706  -0.08
11 535 736 1 1 210 7613.6831 7614.6797
 12.756  0.307 14.080 17.603 29.332  2.935 16.074 86.690  3.759
  17.632 17.602 13.591 14.101  0.119  2.816 31.230 26.898 -76.09
11 635 740 0 0 1 5 7614.6797 7615.6821
 13.202  0.011-23.510 32.622 44.864  9.400  8.624  0.000  0.000
   0.000  0.000  0.000  0.000  0.000  0.000  0.000 44.739   0.00
11 635 740 7 31020 7614.6797 7615.6821
 12.804  0.631-28.352-38.062-26.219 22.770 30.978 16.719 -1.833
 -34.451-44.706-27.397-30.108 14.752  8.018-22.270-30.479   2.18
11 635 740 3 710 7 7614.6797 7615.6821
 12.938  0.225 14.386 29.332 41.308 16.074 14.846 10.604  0.500
  31.230 26.898 14.042 14.828  9.031  7.043 44.584 39.754   0.84
11 735 737 4 1 5 4 7615.6821 7616.6738
 13.962  0.464-23.522 44.864 57.732  8.624 18.262  5.474  0.060
  45.446 44.739-23.470-23.533  1.518  7.106 58.401 57.649   9.43
11 735 73712 82031 7615.6821 7616.6738
 14.392 -0.460-28.984-26.219-12.925 30.978 56.999 18.894 -0.637
 -22.270-30.479-27.802-30.260 16.074 14.904 -9.781-17.390  -2.92
11 735 737 3 4 7 6 7615.6821 7616.6738
 15.701 -0.473 14.612 41.308 55.901 14.846  9.639 11.445  0.547
  44.584 39.754 13.970 14.916  4.778 10.068 57.944 52.601   1.48
11 835 749 0 0 1 1 7616.6738 7617.7627
 14.790  0.783-12.625-54.671-39.639  6.360  5.058  0.000  0.000
   0.000  0.000  0.000  0.000  0.000  0.000  0.000  0.000   0.00
11 935 541 2 6 8 1 7617.7627 7618.6758
 13.696 -0.028-28.200  4.378 15.985 23.306 27.011 24.319 -2.441
   4.717  2.193-28.065-29.070 20.172  3.134  0.000  0.000   0.00
11 935 541 1 1 2 1 7617.7627 7618.6758
 13.463  0.144-30.537 -5.360  6.034  2.975  4.479 43.930 -0.375
  -5.355 -5.669-30.533-30.793  2.925  0.050  0.000  0.000   0.00
11 935 541 0 0 1 3 7617.7627 7618.6758
 14.578 -0.206-13.477-39.639-27.227  5.058  2.406  0.000  0.000
   0.000  0.000  0.000  0.000  0.000  0.000  0.000-27.332   0.00
111035 746 0 0 115 7618.6758 7619.6792
 13.425  0.254-28.175 15.985 28.467 27.011 50.323  0.000  0.000
   0.000  0.000  0.000  0.000  0.000  0.000  0.000 23.802   0.00
111035 746 1 2 3 4 7618.6758 7619.6792
 14.244  0.554-13.289-27.227-13.923  2.406  7.150 64.364  1.441
 -27.216-27.332-13.267-13.502  2.174  0.232-13.743-15.479 -72.26
111035 746 0 0 110 7618.6758 7619.6792
 16.608  0.891-23.030-34.901-19.224  6.184  7.150  0.000  0.000
   0.000  0.000  0.000  0.000  0.000  0.000  0.000-21.579   0.00
111035 746 3 4 720 7618.6758 7619.6792
 14.069 -0.720 22.341-30.143-17.014 11.728 47.002 12.798 -0.281
 -29.425-33.424 22.006 22.846  9.767  2.011-15.636-19.378 -20.72
111035 746 0 0 1 2 7618.6758 7619.6792
 13.991  0.090 26.511-40.205-27.155  0.050  6.751  0.000  0.000
   0.000  0.000  0.000  0.000  0.000  0.000  0.000-29.457   0.00
111135 741 1141514 7619.6792 7620.6880
 11.704  0.632-28.430 28.467 39.282 50.323 70.099  3.449  3.879
  28.767 23.802-28.414-28.677 47.275  3.047 41.080 31.830   8.13
111135 741 1 3 4 1 7619.6792 7620.6880
 15.023  0.315-13.845-13.923  0.241  7.150  3.892 -7.900 -1.702
 -13.743-15.479-13.870-13.636  6.409  0.740  0.000  0.000   0.00
111135 741 3 71010 7619.6792 7620.6880
 13.828  0.088-23.924-19.224 -6.266  7.150 11.014-28.590 -0.061
 -18.696-21.579-24.188-22.751  5.840  1.310 -5.140 -8.293  16.89
111135 741 1 1 2 1 7619.6792 7620.6880
 12.004  0.114 26.601-27.155-16.037  6.751  2.028  8.736 -2.292
 -26.924-29.457 26.569 26.917  6.136  0.615  0.000  0.000   0.00
111135 741 8122017 7619.6792 7620.6880
 15.062 -0.015 21.618-17.014 -2.811 47.002 36.322 -7.927 -0.656
 -15.636-19.378 21.797 21.312 29.689 17.313 -1.972 -5.022  14.81
111235 729 41014 4 7620.6880 7621.7036
 15.301 -0.454-29.068 39.282 53.816 70.099 37.660 11.580 -7.307
  41.080 31.830-28.746-30.403 56.469 13.629 53.846 52.769 -11.86
111235 729 0 0 1 5 7620.6880 7621.7036
 15.224 -0.004-14.163  0.241 14.697  3.892  7.080  0.000  0.000
   0.000  0.000  0.000  0.000  0.000  0.000  0.000 13.134   0.00
111235 729 4 61019 7620.6880 7621.7036
 14.271 -0.133-24.013 -6.266  7.222 11.014 29.456-11.696  0.088
  -5.140 -8.293-24.226-23.629  7.082  3.932  8.167  5.048  -7.97
111235 729 1 1 2 1 7620.6880 7621.7036
 14.276 -0.492 24.692-59.288-45.794 47.726 12.432 62.005 -0.079
 -59.262-59.303 24.648 24.718 17.657 30.069  0.000  0.000   0.00
111235 729 4 3 7 9 7620.6880 7621.7036
 14.057  0.163 21.104-17.069 -3.798  9.220 15.281-29.681  0.094
 -16.725-17.355 21.287 20.952  4.183  5.036 -3.413 -4.106  -3.25
111235 729 0 0 1 2 7620.6880 7621.7036
 14.930 -0.087 26.717-16.037 -1.880  2.028  3.358  0.000  0.000
   0.000  0.000  0.000  0.000  0.000  0.000  0.000 -2.015   0.00
111235 729 5121721 7620.6880 7621.7036
 14.420  0.133 21.604 -2.811 10.829 36.322 36.423  6.881  0.849
  -1.972 -5.022 21.509 21.852 26.327  9.995 12.481  8.557   3.58
111335 7 7 2 3 5 1 7621.7036 7622.7036
 14.259  0.545-14.159 14.697 27.971  7.080  3.125 24.891 -1.707
  14.731 13.134-14.144-14.863  6.930  0.150  0.000  0.000   0.00
111335 7 7 6131910 7621.7036 7622.7036
 12.464  0.005-23.878  7.222 18.701 29.456 29.797-19.670  0.639
   8.167  5.048-24.187-23.167 20.536  8.920 20.616 16.715   6.22
111335 7 7 0 0 1 1 7621.7036 7622.7036
 14.499  0.213 24.192-45.794-32.281 12.432 14.419  0.000  0.000
   0.000  0.000  0.000  0.000  0.000  0.000  0.000  0.000   0.00
111335 7 7 4 5 9 5 7621.7036 7622.7036
 13.684  0.203 21.269 -3.798  8.901 15.281 13.122-32.926  0.410
  -3.413 -4.106 21.502 21.083  6.787  8.493  9.320  8.069  23.23
111335 7 7 61521 8 7621.7036 7622.7036
 13.041 -0.577 21.739 10.829 22.884 36.423 32.895 10.459 -1.402
  12.481  8.557 21.456 22.128 21.087 15.336 23.445 20.991 -17.26
111435 7 7 0 0 1 4 7622.7036 7623.7075
 13.261  1.134-14.704 27.971 40.297  3.125  1.208  0.000  0.000
   0.000  0.000  0.000  0.000  0.000  0.000  0.000 39.089   0.00
111435 7 7 4 61020 7622.7036 7623.7075
 14.766  0.317-23.883 18.701 32.539 29.797 25.588-13.452  0.330
  20.616 16.715-24.302-23.448 15.166 14.631 33.829 29.716  -6.74
111435 7 7 1 1 2 3 7622.7036 7623.7075
 15.461  0.208-13.200-28.847-14.312  0.606  3.224 21.370  2.198
 -28.678-30.726-13.135-13.915  0.556  0.050-13.661-18.046 -10.86
111435 7 7 1 3 416 7622.7036 7623.7075
 14.983 -0.333 19.555-37.086-23.030  0.984 28.293  9.654  1.290
 -34.808-37.815 19.190 19.672  0.239  0.746-21.013-25.315   3.04
111435 7 7 0 0 1 3 7622.7036 7623.7075
 14.871 -0.416 24.405-32.281-18.337 14.419  4.433  0.000  0.000
   0.000  0.000  0.000  0.000  0.000  0.000  0.000-18.465   0.00
111435 7 7 2 3 511 7622.7036 7623.7075
 13.654 -0.911 29.492-47.924-35.203  5.736  8.603-23.781  2.421
 -47.520-48.443 29.647 29.293  3.223  2.513-33.671-37.420  19.90
111435 7 7 2 3 5 2 7622.7036 7623.7075
 13.376 -0.442 21.472  8.901 21.343 13.122  1.350 -9.698  0.162
   9.320  8.069 21.539 21.340  8.724  4.399 22.266 20.833   4.76
111435 7 7 3 5 8 9 7622.7036 7623.7075
 14.449 -0.585 21.162 22.884 36.404 32.895 33.315 -6.805  0.586
  23.445 20.991 21.224 20.951 25.377  7.517 37.997 34.909   7.45
111535 7 1101020 9 7623.7075 7624.7300
 12.458 -0.051-24.201 32.539 44.267 25.588 38.155-20.189  0.449
  33.829 29.716-24.634-23.254 17.561  8.027 47.253 42.700  -0.69
111535 7 1 1 2 3 2 7623.7075 7624.7300
 15.636  0.352-13.408-14.312  0.664  3.224  2.499 10.508  0.042
 -13.661-18.046-13.291-14.082  2.746  0.478  0.753 -3.690  -0.71
111535 7 1 7 91610 7623.7075 7624.7300
 12.544 -0.085 19.221-23.030-11.214 28.293 15.589 12.690 -1.610
 -21.013-25.315 18.792 19.707 15.023 13.269 -9.456-12.148 -17.91
111535 7 1 6 51117 7623.7075 7624.7300
 14.606  0.001 28.577-35.203-21.279  8.603 22.280 -3.879  0.990
 -33.671-37.420 28.668 28.445  5.088  3.515-19.807-24.644  11.88
111535 7 1 1 2 3 2 7623.7075 7624.7300
 13.866 -0.680 23.988-18.337 -5.171  4.433 10.936 -2.052 -0.014
 -17.852-18.465 24.004 23.984  0.924  3.509 -4.620 -5.212  -3.71
111535 7 1 5 4 912 7623.7075 7624.7300
 14.021 -0.408 20.574 36.404 49.730 33.315 20.675  0.648 -1.385
  37.997 34.909 20.557 20.590 16.131 17.184 50.737 49.226  18.95
112735 740 5 3 817 7635.6797 7636.6797
 13.055  0.011-33.654  7.691 19.762 10.961 28.065 18.789  0.736
   9.754  4.428-33.069-34.578  6.716  4.246 23.148 16.844  -4.36
112735 740 0 0 1 1 7635.6797 7636.6797
 14.222  0.445-22.607-45.278-32.040  9.414  5.642  0.000  0.000
   0.000  0.000  0.000  0.000  0.000  0.000  0.000  0.000   0.00
112735 740 6 51123 7635.6797 7636.6797
 14.374  0.034-24.863-57.127-43.737 23.203 75.556 -1.968  3.150
 -55.425-58.962-24.916-24.806 12.036 11.167-39.651-46.612   9.01
12 135 61515193458 7639.7397 7640.6841
 16.280 -0.459-25.410 -5.960  8.487150.829107.108 12.943 -1.275
   2.316-10.622-23.692-26.378 54.352 96.477 15.330  3.788  -0.49
12 635 745 1 3 4 2 7644.6772 7645.7051
 13.167  0.031-27.524-16.461 -3.938 19.072  2.893 -0.113 -0.292
 -16.016-16.742-27.525-27.524  7.386 11.685 -3.817 -4.096  45.41
12 735 7 4 1 3 414 7645.7051 7646.6758
 15.808  0.523 -8.601 10.159 24.551  4.367 13.895 -9.159  1.138
  12.573  8.073 -8.985 -8.268  2.025  2.342 26.631 20.961   1.81
12 735 7 4 1 1 2 2 7645.7051 7646.6758
 13.542 -0.053-27.557 -3.938  8.255  2.893 10.809 45.298  0.306
  -3.817 -4.096-27.448-27.698  1.636  1.256  8.429  7.796 -13.96
12 735 7 4 2 1 315 7645.7051 7646.6758
 15.922  0.488-11.997 -7.213  7.290  0.531 28.610  8.587  2.568
  -7.062 -8.665-11.974-12.211  0.481  0.050  7.697  3.602   7.16
12 735 7 4 2 1 3 5 7645.7051 7646.6758
 13.258  0.001-21.172-58.243-46.325 38.375 43.404 23.317  0.151
 -57.992-58.836-21.071-21.410 26.970 11.406-46.019-46.976   4.41
12 835 746 41014 7 7646.6758 7647.6709
 13.105  0.014 -9.108 24.551 36.615 13.895  5.461 -7.353  1.073
  26.631 20.961 -9.373 -8.651  8.798  5.097 40.896 34.224  -3.97
12 835 746 41115 2 7646.6758 7647.6709
 16.243  0.119-12.471  7.290 22.476 28.610 11.966 15.746 -3.644
   7.697  3.602-12.359-13.486 25.771  2.840 22.783 22.475  38.07
12 835 746 1 1 2 1 7646.6758 7647.6709
 13.061  0.200-27.505  8.255 20.275 10.809 11.814 31.335 -0.658
   8.429  7.796-27.411-27.753  7.843  2.966  0.000  0.000   0.00
12 835 746 1 1 2 1 7646.6758 7647.6709
 13.365  0.417-25.343-25.578-13.256  5.988  4.963-86.984 -0.391
 -25.566-25.589-25.555-25.165  2.734  3.255  0.000  0.000   0.00
12 835 746 3 2 5 2 7646.6758 7647.6709
 13.568  0.442-21.173-46.325-33.801 43.404 48.601 27.730  0.713
 -46.019-46.976-21.023-21.492 29.525 13.879-33.442-34.997   5.14
12 835 746 2 3 5 4 7646.6758 7647.6709
 12.519  0.031-22.979-58.163-46.683  6.110 16.294 34.921 -1.301
 -56.665-58.698-22.016-23.323  1.607  4.502-46.381-46.781  33.01
121435 739 6 3 9 4 7652.6812 7653.6665
 16.357  0.440-15.786-44.132-28.982  8.888  0.745  8.109  0.153
 -42.278-46.376-15.532-16.094  4.866  4.022-28.694-32.988  -3.58
121435 739 0 0 1 2 7652.6812 7653.6665
 14.025  0.642-13.324-58.854-46.001 16.451 17.468  0.000  0.000
   0.000  0.000  0.000  0.000  0.000  0.000  0.000-46.091   0.00
121535 8 0 2 3 5 3 7653.6665 7654.6797
 14.269 -0.785-22.555 45.017 58.480 16.832 19.880 50.469 -0.087
  45.239 43.547-22.307-24.201 14.628  2.205 58.507 56.754  -3.89
121535 8 0 31114 6 7653.6665 7654.6797
 14.481 -0.670-24.085 29.494 43.171 34.844 24.687 27.236 -2.593
  30.396 26.688-23.662-25.404 26.367  8.477 43.319 42.323  13.90
121535 8 0 3 1 4 3 7653.6665 7654.6797
 14.665  0.139-16.219-28.982-15.118  0.745  3.106  4.525 -2.921
 -28.694-32.988-16.197-16.524  0.695  0.050-14.508-15.756 -14.48
121535 8 0 1 1 2 1 7653.6665 7654.6797
 14.150  0.438-13.957-46.001-32.659 17.468 16.685 62.759 -0.650
 -45.785-46.091-13.550-14.128  5.153 12.315  0.000  0.000   0.00
121535 8 0 4 5 9 3 7653.6665 7654.6797
 14.888 -0.690 21.476 -7.811  6.279  6.177  7.590  6.887  2.928
  -6.709 -8.526 21.352 21.556  2.433  3.744  7.743  2.967   8.46
121635 740 1 5 6 4 7654.6797 7655.7085
 13.756 -0.707-23.407 43.171 56.310 24.687 13.611 41.131 -0.180
  43.319 42.323-23.288-24.087 21.022  3.665 56.609 55.929  11.47
121635 740 0 0 1 1 7654.6797 7655.7085
 14.608  0.853-14.401-32.659-18.644 16.685 20.555  0.000  0.000
   0.000  0.000  0.000  0.000  0.000  0.000  0.000  0.000   0.00
121635 740 1 2 3 5 7654.6797 7655.7085
 15.838  0.020 20.777  6.279 21.559  7.590  3.531 15.345 -4.044
   7.743  2.967 20.402 21.627  5.264  2.326 21.688 21.096   3.93
121735 7 0 0 0 1 1 7655.7085 7656.6758
 13.435 -0.638-15.278-18.644 -6.596 20.555 25.860  0.000  0.000
   0.000  0.000  0.000  0.000  0.000  0.000  0.000  0.000   0.00
121735 7 0 3 811 2 7655.7085 7656.6758
 15.075 -1.465-29.041-45.330-31.696 19.343  1.979  8.157 -4.961
 -43.933-50.157-28.866-29.646 15.002  4.341-31.438-31.947 -40.98
121735 7 0 2 3 5 6 7655.7085 7656.6758
 12.661 -0.308 20.797 21.559 32.857  3.531  1.071 19.276  3.433
  21.688 21.096 20.755 20.949  2.758  0.773 35.654 31.559  -1.87
122235 7 2 0 0 1 1 7660.7061 7661.7334
 14.036 -0.174-14.095 46.116 59.525 14.111 22.847  0.000  0.000
   0.000  0.000  0.000  0.000  0.000  0.000  0.000  0.000   0.00
122235 7 2 3 4 717 7660.7061 7661.7334
 14.304 -0.853-27.670 21.566 35.250 16.115 19.257  4.825  0.413
  21.958 19.627-27.640-27.815 13.402  2.713 36.142 33.531 -25.02
122235 7 2 2 3 5 4 7660.7061 7661.7334
 14.582  0.709 12.941-52.378-38.409 11.456 12.154-53.860 -1.461
 -52.147-53.422 13.250 11.548  9.380  2.076-38.282-38.930  66.88
122335 62311 61715 7661.7334 7662.6777
 12.911  1.084-26.794 35.250 46.518 19.257 33.537-20.199  1.001
  36.142 33.531-27.087-26.229 12.677  6.580 48.750 44.849  12.08
122335 623 2 2 4 4 7661.7334 7662.6777
 14.328  0.970 13.670-38.409-25.803 12.154 21.108 13.021  0.175
 -38.282-38.930 13.642 13.787  9.777  2.378-25.536-26.172 -54.46
