 1 519 430 0 0 1 2 1465.8125 1466.6736
 13.957 -1.411 -9.830-39.306-28.131 14.772  5.338  0.000  0.000
   0.000  0.000  0.000  0.000  0.000  0.000  0.000-28.282   0.00
 1 619 749 1 1 2 2 1466.6736 1467.6639
 13.440 -1.119 -8.615-28.131-15.792  5.338  4.364 56.898 -0.235
 -28.070-28.282 -8.522 -8.844  3.792  1.546-15.780-15.801-138.70
 1 619 749 3 1 425 1466.6736 1467.6639
 15.444  1.576 10.873-53.658-39.334  4.641 49.229-62.203  2.215
 -53.408-53.946 11.339 10.336  2.484  2.157-36.831-40.249  57.79
 1 719 8 3 1 1 2 1 1467.6639 1468.7188
 13.985  0.715 -7.508-15.792 -2.073  4.364 12.697-81.805 -0.149
 -15.780-15.801 -7.594 -7.446  1.814  2.550  0.000  0.000   0.00
 11019 4 0 3 0 3 3 1470.8334 1471.7986
 16.775  0.130 -8.924 23.021 38.268  3.921  7.117-15.837-48.329
  47.402  0.000-13.284  0.000  4.025  1.000 38.275 37.955  39.81
 11119 449 1 3 4 1 1471.7986 1472.7236
 14.585  0.892-17.618-52.142-39.556  6.668  5.262-13.789 -3.517
 -52.061-55.645-17.636-16.798  6.518  0.150  0.000  0.000   0.00
 11119 449 81523 9 1471.7986 1472.7236
 12.948  0.246 10.698 17.651 28.722 89.600 35.881 13.829  0.608
  22.437 15.424  9.540 11.236 28.448 61.152 35.158 27.636   2.72
 11219 637 0 0 1 1 1472.7236 1473.6625
 13.763  0.700-18.443-39.556-27.553  5.262  0.032  0.000  0.000
   0.000  0.000  0.000  0.000  0.000  0.000  0.000  0.000   0.00
 11219 637 0 0 1 1 1472.7236 1473.6625
 13.016  0.832 -8.693-55.945-44.643 46.651 25.903  0.000  0.000
   0.000  0.000  0.000  0.000  0.000  0.000  0.000  0.000   0.00
 11219 637 1 1 2 5 1472.7236 1473.6625
 14.702  0.291 15.783 11.309 24.193 15.984 11.176-14.135  3.665
  12.490 11.259 16.070 15.771  0.646 15.338 27.284 22.308  26.03
 11219 637 4 5 910 1472.7236 1473.6625
 17.160  0.179 10.925 28.722 43.914 35.881 56.769 16.552  1.437
  35.158 27.636  9.047 11.242  5.179 30.702 48.611 39.687   0.13
 11319 8 5 0 0 1 3 1473.6625 1474.6708
 14.138 -0.438 -9.474-44.643-31.375 25.903 22.670  0.000  0.000
   0.000  0.000  0.000  0.000  0.000  0.000  0.000-31.648   0.00
 11319 8 5 3 2 5 7 1473.6625 1474.6708
 14.254  0.728 16.057 24.193 37.579 11.176  7.381 11.891  0.083
  27.284 22.308 15.431 16.438  4.234  6.942 40.695 35.527  -6.51
 11319 8 5 3 710 1 1473.6625 1474.6708
 16.487  0.863 11.093 43.914 59.551 56.769  4.328 16.680 -9.142
  48.611 39.687  9.712 12.336 26.890 29.880  0.000  0.000   0.00
 11419 753 1 2 3 6 1474.6708 1475.7813
 14.640 -1.443 -9.032-31.375-16.205 22.670 14.969 13.085  0.005
 -30.803-31.648 -8.901 -9.095  7.319 15.350-15.873-16.712 -28.01
 11419 753 2 1 3 5 1474.6708 1475.7813
 12.298  2.598 10.911-55.219-42.650 10.243 13.541  0.471 -0.201
 -52.840-58.254 10.892 10.935  5.742  4.501-37.929-43.154   6.84
 11419 753 4 3 7 4 1474.6708 1475.7813
 14.020 -1.573 16.791 37.579 52.060  7.381 30.013  5.379 -2.627
  40.695 35.527 16.510 16.976  2.930  4.451 53.275 50.876 -14.08
 11819 8 4 2 2 4 5 1478.6632 1479.6945
 13.753 -1.305 -6.813 22.380 35.554  3.270  4.735 -6.774 -0.559
  23.316 22.032 -6.924 -6.772  0.886  2.384 35.892 35.175  -3.54
 11819 8 4 0 0 1 1 1478.6632 1479.6945
 14.366  0.718 12.191  2.117 15.923  5.832  9.268  0.000  0.000
   0.000  0.000  0.000  0.000  0.000  0.000  0.000  0.000   0.00
 12319 757 0 0 1 1 1483.6681 1484.6666
 14.464  0.485-13.480-43.547-30.080  3.225  1.958  0.000  0.000
   0.000  0.000  0.000  0.000  0.000  0.000  0.000  0.000   0.00
 12419 8 0 0 0 1 1 1484.6666 1485.7479
 14.561 -0.035-13.964-30.080-15.394  1.958  2.394  0.000  0.000
   0.000  0.000  0.000  0.000  0.000  0.000  0.000  0.000   0.00
 12519 6 2 0 0 1 3 1485.7479 1486.7042
 14.703 -0.239-13.926-15.394 -2.270  2.394  3.148  0.000  0.000
   0.000  0.000  0.000  0.000  0.000  0.000  0.000 -2.388   0.00
 12619 7 6 1 2 3 2 1486.7042 1487.7952
 14.527 -0.890-13.698 -2.270 12.511  3.148  4.347 80.199  0.170
  -1.994 -2.388-12.144-14.360  0.941  2.207 13.705 11.855 -38.45
 12619 7 6 2 91112 1486.7042 1487.7952
 14.061 -0.913 -6.149 11.348 25.620 27.181 26.335  7.957  3.801
  11.998  8.229 -6.059 -6.583 22.495  4.686 28.796 21.216  -2.48
 12719 454 4 81216 1487.7952 1488.6868
 16.636  0.215 -5.153 25.620 39.581 26.335 23.505  5.475  1.394
  28.796 21.216 -4.850 -5.573 15.301 11.034 42.857 33.917   2.09
 12719 454 1 1 2 2 1487.7952 1488.6868
 15.456 -0.403-12.727 12.511 25.420  4.347  5.043 41.747  0.569
  13.705 11.855-11.687-13.298  1.541  2.805 26.431 23.659 -16.71
 12819 730 2 2 4 1 1488.6868 1489.7084
 16.893  0.077-11.827 39.551 55.808  3.928  9.419 18.291 -2.879
  41.859 39.066-11.080-11.983  0.681  3.247  0.000  0.000   0.00
 12819 730 1 1 2 2 1488.6868 1489.7084
 12.124  0.966-12.367 25.420 36.805  5.043  5.037 25.033 -2.648
  26.431 23.659-11.906-13.171  3.204  1.839 36.815 36.728  50.51
 12819 730 5111618 1488.6868 1489.7084
 13.801  0.294 -5.344 39.581 52.679 23.505 45.382  7.561  0.875
  42.857 33.917 -4.911 -6.093 14.893  8.613 57.267 47.382  -4.28
 2 419 749 4 4 8 2 1495.6736 1496.7534
 16.594  0.407 -6.487-10.248  6.614  9.446  3.927 -2.951 -5.654
  -5.462-11.650 -6.732 -6.415  2.140  7.306  7.004  6.508  14.51
 21319 737 4 3 7 8 1504.6826 1505.7444
 15.641  0.373  9.447-17.130 -1.563 12.175 12.730 14.311  0.361
 -16.668-17.673  9.330  9.583  6.575  5.599 -0.738 -2.142 -13.91
 21319 737 1 2 3 4 1504.6826 1505.7444
 15.640  0.340  8.862 -7.311  8.255 20.537 53.776-43.407  0.314
  -6.473 -7.558  9.645  8.631  4.682 15.854  8.818  7.493   0.38
 21319 737 1 1 2 3 1504.6826 1505.7444
 15.596 -2.224 12.584 20.389 35.909  6.785  7.496 -0.523  1.391
  20.693 19.904 12.586 12.579  4.169  2.616 36.027 33.892  14.07
 21419 6 7 6 2 814 1505.7444 1506.6785
 11.578 -0.447  9.843 -1.563  8.337 12.730 19.475  0.403  1.913
  -0.738 -2.142  9.837  9.847  5.251  7.480  9.640  6.318  -6.62
 21419 6 7 1 3 4 6 1505.7444 1506.6785
 13.092  0.754  9.223  8.255 19.569 53.776 48.593-43.026  0.206
   8.818  7.493  9.742  8.521 30.936 22.840 20.291 18.409  21.27
 21419 6 7 2 1 3 1 1505.7444 1506.6785
 14.018  2.281 10.222 35.909 48.088  7.496  1.695 13.548 -2.161
  36.027 33.892 10.194 10.700  7.082  0.414  0.000  0.000   0.00
 21519 742 9 514 2 1506.6785 1507.7167
 14.557 -0.451  9.426  8.337 22.432 19.475  6.713 -6.216 -2.625
   9.640  6.318  9.566  9.209 11.835  7.640 23.040 22.371  16.70
 21519 742 1 5 6 4 1506.6785 1507.7167
 13.984  0.034  9.927 19.569 33.069 48.593 32.969-21.752 -0.678
  20.291 18.409 10.211  9.471 29.952 18.641 33.743 32.603  -9.81
 21919 756 0 0 1 1 1510.6687 1511.9500
 13.699 -0.343 -5.287-18.459 -2.163 10.180 13.180  0.000  0.000
   0.000  0.000  0.000  0.000  0.000  0.000  0.000  0.000   0.00
 21919 756 1 1 2 1 1510.6687 1511.9500
 14.804  0.085  8.797-35.873-18.161  0.780  0.886  5.987 -3.784
 -34.945-38.754  8.700  9.095  0.590  0.190  0.000  0.000   0.00
 22019 111 1 1 2 3 1511.9500 1512.6841
 14.931  2.572-10.105 16.422 26.662  2.099  0.896-18.709 -0.013
  16.988 15.076-10.293 -9.656  1.479  0.621 27.228 25.281   3.39
 22019 111 0 0 1 1 1511.9500 1512.6841
 14.674  1.228 -4.847 -2.163  7.888 13.180 18.474  0.000  0.000
   0.000  0.000  0.000  0.000  0.000  0.000  0.000  0.000   0.00
 22019 111 0 0 1 1 1511.9500 1512.6841
 15.987  0.475  8.905-18.161 -7.146  0.886  4.373  0.000  0.000
   0.000  0.000  0.000  0.000  0.000  0.000  0.000  0.000   0.00
 22619 737 1 4 5 3 1517.6826 1518.6611
 15.696 -0.435  7.084-54.553-40.155 27.823 51.283 19.752 -2.307
 -53.070-56.352  6.555  7.725 15.251 12.572-39.929-41.071  -9.52
 22619 737 0 0 1 1 1517.6826 1518.6611
 14.502  0.849 12.018-23.123 -9.893 23.254 19.981  0.000  0.000
   0.000  0.000  0.000  0.000  0.000  0.000  0.000  0.000   0.00
 3 419 7 0 0 0 1 1 1523.7084 1524.6632
 14.842 -1.050-17.842 22.514 35.749  7.894  1.513  0.000  0.000
   0.000  0.000  0.000  0.000  0.000  0.000  0.000  0.000   0.00
 3 419 7 0 0 0 1 3 1523.7084 1524.6632
 14.094  1.040  6.044 27.116 39.636 12.476 20.911  0.000  0.000
   0.000  0.000  0.000  0.000  0.000  0.000  0.000 38.335   0.00
 3 519 8 4 2 1 3 1 1524.6632 1525.6979
 14.217  0.259  7.037 39.636 53.331 20.911 10.078 -1.551 -1.295
  39.639 38.335  7.037  7.002 20.861  0.050  0.000  0.000   0.00
 3 719 8 7 6131927 1526.6611 1527.6666
 17.094 -2.542 10.249-38.654-22.452148.049 72.132  5.844  0.496
 -34.817-42.075  9.862 10.593 69.792 78.258-18.851-26.578  -9.80
 3 819 8 0 3 6 913 1527.6666 1528.7653
 11.612  1.234  6.456-54.724-43.045 24.588 49.786  2.363  4.926
 -53.369-58.014  6.401  6.591 17.418  7.171-38.186-47.514  12.12
 3 819 8 012152718 1527.6666 1528.7653
 16.528  0.117  7.693-22.452 -5.373 72.132 82.041 -3.958 -0.454
 -18.851-26.578  7.940  7.410 38.518 33.614 -2.800 -9.727  22.13
 3 919 537 3151819 1528.7653 1529.7104
 14.587 -0.707  7.821 -5.373  7.485 82.041 28.441 18.170  2.816
  -2.800 -9.727  6.985  9.237 51.567 30.475 10.049  0.239  -4.02
 31019 656 2 2 410 1529.7104 1530.9812
 15.327 -0.857  9.929-35.833-17.603 21.038 46.533 24.723  5.623
 -32.065-36.191  8.220 10.091  1.827 19.211-10.754-20.646 -10.19
 32719 554 1 3 4 3 1546.7534 1547.6459
 13.332  0.775-17.890-20.892 -9.874 35.283 49.285 12.302  1.305
 -20.809-22.565-17.872-18.237 33.605  1.678 -8.498 -9.934  50.87
 32719 554 2 2 4 3 1546.7534 1547.6459
 12.753  0.685-15.615-30.536-20.034  5.167  9.528 -3.386 -0.885
 -29.576-31.828-15.670-15.541  2.966  2.201-19.066-20.407   2.64
 32719 554 0 0 1 1 1546.7534 1547.6459
 13.951  0.206 -0.806-34.027-22.457  2.077  2.875  0.000  0.000
   0.000  0.000  0.000  0.000  0.000  0.000  0.000  0.000   0.00
 32819 830 1 2 3 6 1547.6459 1548.6653
 14.233  0.424-18.582 -9.874  3.632 49.285 39.220 63.174  0.015
  -8.498 -9.934-16.003-18.694  2.060 47.225  6.292  3.579 -95.36
 32819 830 2 1 3 3 1547.6459 1548.6653
 14.919 -0.031-16.227-20.034 -5.829  9.528  9.729 -0.749  0.493
 -19.066-20.407-16.239-16.222  2.652  6.876 -5.789 -7.578 -14.52
 32819 830 2 1 3 2 1547.6459 1548.6653
 14.008 -0.586-20.340-57.556-44.280  8.806  6.965 23.451 -2.295
 -57.460-60.266-20.301-21.443  8.503  0.303-44.262-44.283-111.43
 32819 830 0 0 1 1 1547.6459 1548.6653
 15.374  0.385 -0.990-22.457 -7.788  2.875  6.456  0.000  0.000
   0.000  0.000  0.000  0.000  0.000  0.000  0.000  0.000   0.00
 4 119 815 1 1 2 1 1551.6563 1552.6263
 14.721  0.731-18.899 29.474 42.800 37.832 45.440 40.101 -4.447
  29.587 25.991-18.809-21.674 36.648  1.184  0.000  0.000   0.00
 4 119 815 1 1 2 2 1551.6563 1552.6263
 13.890  0.135-20.130-18.959 -6.439  9.067 13.891-89.182  0.216
 -18.953-18.961-20.531-19.988  2.372  6.695 -6.100 -6.479 151.18
 4 119 815 2 3 5 3 1551.6563 1552.6263
 17.109 -0.829  6.712 10.414 26.056  1.060 10.852-30.891 -0.911
  10.962  8.948  7.037  5.841  0.772  0.288 27.132 25.858  57.62
 4 219 857 0 0 1 1 1552.6263 1553.6909
 12.456 -0.070-19.608 42.800 55.011 45.440 44.520  0.000  0.000
   0.000  0.000  0.000  0.000  0.000  0.000  0.000  0.000   0.00
 4 219 857 1 1 2 3 1552.6263 1553.6909
 12.538 -0.441-20.261 -6.439  5.860 13.891  6.124 62.003 -0.107
  -6.100 -6.479-19.661-20.331  1.457 12.434  6.002  5.671  -0.56
 4 219 857 2 1 3 3 1552.6263 1553.6909
 12.541  0.265  6.416-54.126-41.824 43.371 32.514-10.171 -0.091
 -53.747-54.742  6.484  6.307 26.841 16.530-41.605-42.524  12.78
 4 219 857 1 2 3 4 1552.6263 1553.6909
 12.672 -0.223  5.908 26.056 38.498 10.852  2.634 26.725  2.109
  27.132 25.858  5.369  6.007  1.687  9.165 39.850 36.306 -28.42
 4 319 724 3 3 6 2 1553.6909 1554.8104
 12.437  0.548-13.602-44.409-31.589 13.635  2.948 -9.613 -4.230
 -40.595-45.313-14.230-13.453  2.613 11.022-31.269-31.687  25.18
 4 319 724 1 2 3 6 1553.6909 1554.8104
 13.382 -1.052  6.699-41.824-27.946 32.514 36.664  2.608  1.278
 -41.605-42.524  6.689  6.730 24.762  7.752-26.987-29.100 -18.96
 4 919 8 4 5 61116 1559.6632 1560.6619
 13.689 -0.140 14.088 -5.776  6.910 46.027 29.010  3.288  0.471
  -4.527 -9.326 14.019 14.286 34.051 11.977  9.853  4.581   1.24
 41019 8 7 51116 8 1560.6619 1561.6805
 15.123  1.230 13.949  6.910 21.313 29.010 34.082  4.528  0.725
   9.853  4.581 13.722 14.128 12.817 16.193 22.640 16.602   1.47
 41119 739 3 5 815 1561.6805 1562.6528
 14.497 -1.007 15.202 21.313 34.449 34.082 43.131  5.997 -0.541
  22.640 16.602 15.067 15.679 26.593  7.489 36.189 30.705  -4.78
 41219 819 6 915 7 1562.6528 1563.6798
 15.794  0.212 14.223 34.449 49.658 43.131 21.241  1.222 -3.143
  36.189 30.705 14.187 14.300 29.445 13.686 50.600 49.318  53.98
 41319 740 2 2 416 1563.6798 1564.6666
 15.658 -0.915  2.575-40.099-25.621  7.728 20.904-39.985 -0.418
 -39.692-41.976  2.916  1.002  6.351  1.377-24.874-27.418  46.76
 41519 537 2 6 812 1565.7653 1566.6263
 12.314  1.648 -0.529 -6.447  3.308  4.684 12.211-14.932  0.668
  -5.448 -7.512 -0.795 -0.245  2.417  2.267  4.724  2.048  32.45
 41619 857 5 712 6 1566.6263 1567.6021
 12.394  0.526  1.948  3.308 14.438 12.211  9.539 17.516  1.111
   4.724  2.048  1.501  2.345  5.747  6.464 16.707 12.796 -21.23
 42219 811 8 81613 1572.6591 1573.6271
 15.305 -0.234-14.742-18.358 -4.496 16.933 20.435 16.444  0.585
 -15.218-19.829-13.846-15.162  5.402 11.531 -2.083 -7.458 -10.24
 42219 811 0 0 1 1 1572.6591 1573.6271
 13.487 -1.006-18.939-39.910-27.808 39.240 30.418  0.000  0.000
   0.000  0.000  0.000  0.000  0.000  0.000  0.000  0.000   0.00
 42819 9 1 1 1 2 2 1578.6237 1579.6180
 13.789 -1.392-18.129 37.356 50.088 21.908 21.394 38.800  0.062
  37.452 36.822-18.055-18.537 18.574  3.334 50.139 49.459  -0.43
 42819 9 1 7 61316 1578.6237 1579.6180
 15.784 -0.346-12.196-31.069-16.353 14.610 29.037  6.204  0.501
 -28.047-37.028-11.875-12.829  9.694  4.916-14.117-23.526   3.08
 42819 9 1 0 0 1 1 1578.6237 1579.6180
 13.129 -0.586  5.659-55.612-43.536 19.726 15.709  0.000  0.000
   0.000  0.000  0.000  0.000  0.000  0.000  0.000  0.000   0.00
 42919 9 9 5111614 1579.6180 1580.5938
 13.446 -0.629-11.852-16.353 -4.196 29.037 30.876  9.285 -0.217
 -14.117-23.526-11.495-13.000 22.138  6.899 -1.581-10.787  -1.49
 42919 9 9 7 51219 1579.6180 1580.5938
 14.036 -0.889-21.187-49.780-37.048 20.494 34.993 29.458  0.661
 -46.053-52.216-19.224-22.469  8.100 12.394-32.869-39.747  -2.13
 42919 9 9 0 0 1 3 1579.6180 1580.5938
 13.967  1.085  5.076-43.536-30.872 15.709 22.062  0.000  0.000
   0.000  0.000  0.000  0.000  0.000  0.000  0.000-30.897   0.00
 43019 945 7 714 6 1580.5938 1581.5972
 16.483 -0.087-11.239 -4.196 11.355 30.876  9.729  7.799 -6.248
  -1.581-10.787-10.888-12.124 22.106  8.770 12.355  9.460  -0.15
 43019 945 2 1 3 1 1580.5938 1581.5972
 14.897  0.547  6.134-30.872-16.913 22.062  9.608 70.565 -2.625
 -30.019-30.897  3.730  6.206  0.643 21.420  0.000  0.000   0.00
 5 119 939 2 4 610 1581.5972 1582.5972
 14.014 -0.139-11.152 11.355 24.384  9.729 15.600  7.653 -0.772
  12.355  9.460-11.020-11.402  6.369  3.360 24.962 22.835 -11.66
 5 119 939 5 3 8 5 1581.5972 1582.5972
 14.548 -0.365-17.782-18.525 -4.964 17.856 19.154 -3.731 -1.395
 -17.431-19.839-17.850-17.701  9.739  8.117 -4.799 -5.276 -56.02
 5 119 939 1 2 3 8 1581.5972 1582.5972
 13.827 -0.559-20.920-26.892-14.051 15.468 23.979 -2.181  1.830
 -26.338-27.221-20.939-20.908  5.764  9.704-12.005-14.373  35.45
 5 119 939 0 0 1 1 1581.5972 1582.5972
 13.866  0.493  6.683-16.913 -4.033  9.608 11.182  0.000  0.000
   0.000  0.000  0.000  0.000  0.000  0.000  0.000  0.000   0.00
 5 219 939 2 810 7 1582.5972 1583.6000
 11.583 -0.457-11.013 24.384 35.010 15.600 12.307 -4.008  2.839
  24.962 22.835-11.053-10.906 11.355  4.245 38.248 33.474  21.94
 5 219 939 0 0 1 4 1582.5972 1583.6000
 13.863 -0.072  7.177 -4.033  8.880 11.182 21.747  0.000  0.000
   0.000  0.000  0.000  0.000  0.000  0.000  0.000  8.870   0.00
 5 319 935 3 4 7 6 1583.6000 1584.5994
 17.273  0.252-10.555 35.010 51.286 12.307 13.418 17.929 -3.542
  38.248 33.474 -9.525-11.043  3.959  8.348 52.179 50.913 -44.45
 5 319 935 6101616 1583.6000 1584.5994
 16.153 -1.494-19.715  2.742 17.898 45.081 17.910 25.093 -0.430
   8.804  0.209-17.042-20.832 13.284 31.797 21.613 13.267  -3.86
 5 319 935 1 1 2 2 1583.6000 1584.5994
 13.842 -1.487 -7.168-56.800-43.953 10.395 17.735 -3.788  0.235
 -56.694-57.355 -7.175 -7.132  8.735  1.660-43.623-44.517   7.97
 5 319 935 1 3 4 5 1583.6000 1584.5994
 14.781 -0.613  7.104  8.880 22.665 21.747 15.969 49.668  0.525
  10.148  8.870  5.622  7.116  0.169 21.578 24.721 22.565 -19.24
 5 419 937 51116 7 1584.5994 1585.5924
 14.092 -0.613-18.222 17.898 30.913 17.910 36.112 21.238 -3.358
  21.613 13.267-16.851-19.932  9.938  7.972 33.356 28.224  -3.12
 5 419 937 1 1 2 5 1584.5994 1585.5924
 13.568 -0.717 -5.682-43.953-31.458 17.735 15.522  4.182  0.427
 -43.623-44.517 -5.658 -5.723 11.200  6.535-31.149-32.388 -24.81
 5 419 937 2 3 5 1 1584.5994 1585.5924
 14.033  0.184  6.492 22.665 35.621 15.969 16.291 30.425 -2.485
  24.721 22.565  5.292  6.550  0.738 15.231  0.000  0.000   0.00
 5 519 946 2 5 7 3 1585.5924 1586.6041
 16.111 -0.058-17.613 30.913 46.217 36.112 17.072 18.115 -3.315
  33.356 28.224-16.852-18.452 18.925 17.187 46.722 44.999   8.17
 5 519 946 2 3 5 8 1585.5924 1586.6041
 14.860  0.942 -4.970-31.458-17.421 15.522 12.481-20.623 -0.533
 -31.149-32.388 -5.086 -4.622 11.648  3.873-16.933-17.713  29.47
 5 519 946 3 1 4 8 1585.5924 1586.6041
 15.693 -0.630 13.746-53.098-38.217  1.166 28.382 15.858  0.157
 -51.504-55.222 13.307 14.333  0.666  0.500-36.695-40.588  -1.57
 5 519 946 0 0 1 1 1585.5924 1586.6041
 14.088 -0.681  6.674 35.621 48.878 16.291 28.825  0.000  0.000
   0.000  0.000  0.000  0.000  0.000  0.000  0.000  0.000   0.00
 5 619 930 2 1 3 3 1586.6041 1587.5806
 15.072 -1.839-17.555 46.217 59.971 17.072 22.233 26.282 -0.234
  46.722 44.999-17.317-18.128 12.074  4.998 60.001 58.630   8.02
 5 619 930 1 7 8 2 1586.6041 1587.5806
 14.047 -0.063 -5.924-17.421 -4.668 12.481 18.782  8.851  0.019
 -16.933-17.713 -5.848 -5.969  4.674  7.807 -4.467 -5.246 -24.43
 5 619 930 1 7 8 3 1586.6041 1587.5806
 11.794 -0.629 13.109-38.217-27.664 28.382 11.015 14.287 -0.432
 -36.695-40.588 12.732 13.697 17.282 11.100-26.274-29.584   7.52
 5 71910 3 1 1 2 3 1587.5806 1588.5951
 14.354 -0.258 -5.862 -4.668  8.896 18.782  7.997-15.584 -0.106
  -4.467 -5.246 -5.918 -5.701 13.941  4.841  9.014  8.347  -2.65
 5 71910 3 2 1 3 3 1587.5806 1588.5951
 13.454 -2.013-17.669-59.863-47.213  9.088  6.123 64.286 -0.064
 -59.391-59.924-16.735-17.790  1.040  8.049-46.670-47.237  -3.87
 5 71910 3 6 814 6 1587.5806 1588.5951
 16.982  0.803  6.415-20.958 -4.729 70.937 51.170  3.094 -5.054
 -19.426-26.040  6.333  6.688 54.506 16.431 -4.238 -5.757 -12.84
 5 71910 3 1 1 2 2 1587.5806 1588.5951
 14.454  1.489  2.572-29.842-16.177  8.799  6.631 25.873  0.244
 -29.650-30.382  2.480  2.834  6.498  2.301-15.722-16.474  18.90
 5 71910 3 1 2 3 3 1587.5806 1588.5951
 13.726  1.729 12.495-27.664-14.738 11.015  1.962 21.805 -0.786
 -26.274-29.584 11.952 13.245  6.388  4.626-12.143-14.806  -5.17
 5 71910 3 0 0 1 1 1587.5806 1588.5951
 15.750  1.026 12.318-22.702 -7.722 13.961  2.343  0.000  0.000
   0.000  0.000  0.000  0.000  0.000  0.000  0.000  0.000   0.00
 5 819 942 2 1 3 3 1588.5951 1589.5938
 14.190 -0.758 -5.601  8.896 22.081  7.997 17.265-18.239  0.818
   9.014  8.347 -5.639 -5.421  6.583  1.414 22.789 21.310   4.34
 5 819 942 1 2 3 6 1588.5951 1589.5938
 15.007  2.192-15.627-47.213-33.211  6.123 18.032 60.413 -0.205
 -46.670-47.237-14.706-15.669  0.265  5.858-33.133-34.065 -50.03
 5 819 942 2 2 4 7 1588.5951 1589.5938
 14.663  2.638 -8.464-55.375-41.717 21.168 23.251-15.207  0.478
 -54.503-57.423 -8.699 -7.913 14.845  6.323-40.481-43.925   1.99
 5 819 942 1 1 2 1 1588.5951 1589.5938
 14.098 -0.920  4.083-16.177 -3.083  6.631  6.806 44.774 -1.056
 -15.722-16.474  3.633  4.377  2.618  4.013  0.000  0.000   0.00
 5 819 942 2 1 3 4 1588.5951 1589.5938
 13.859 -0.871  9.334-14.112 -1.257  6.114  6.162 -8.812  0.133
 -13.727-14.366  9.393  9.296  2.430  3.684 -0.568 -1.294 -12.41
 5 819 942 1 2 3 8 1588.5951 1589.5938
 17.225 -0.953 14.249-14.738  1.479  1.962 29.798 16.630  3.425
 -12.143-14.806 13.498 14.269  0.050  1.912  4.398 -1.882 -19.43
 5 819 942 1 5 6 3 1588.5951 1589.5938
 13.315  0.119  7.229 -4.729  7.583 51.170 56.659 -9.741 -0.363
  -4.238 -5.757  7.313  7.054 34.633 16.537  8.157  7.027  -6.17
 5 919 945 2 1 3 2 1589.5938 1590.5868
 14.404  0.271 -4.843 22.081 35.407 17.265 20.376-13.902 -0.257
  22.789 21.310 -5.018 -4.653  9.007  8.258 35.551 34.424 -13.12
 5 919 945 2 4 6 3 1589.5938 1590.5868
 14.184 -0.915-17.816-33.211-20.104 18.032 19.506 10.378 -0.050
 -33.133-34.065-17.803-17.965 16.518  1.514-19.764-20.212  49.45
 5 919 945 2 5 7 7 1589.5938 1590.5868
 15.081 -1.007-11.098-41.717-27.719 23.251 15.354-13.217  1.138
 -40.481-43.925-11.383-10.589 14.909  8.342-27.105-31.670   0.32
 5 919 945 0 0 1 1 1589.5938 1590.5868
 14.157  0.643  3.164 -3.083  9.997  6.806  1.598  0.000  0.000
   0.000  0.000  0.000  0.000  0.000  0.000  0.000  0.000   0.00
 5 919 945 3 1 4 4 1589.5938 1590.5868
 14.434  0.186  8.465 -1.257 12.099  6.162  1.204-21.218  1.662
  -0.568 -1.294  8.729  8.450  0.313  5.849 12.223 10.721 -31.14
 5 919 945 1 2 3 4 1589.5938 1590.5868
 14.944  0.056  7.348  7.583 21.445 56.659 54.556-15.912  0.030
   8.157  7.027  7.510  7.191 27.883 28.776 22.080 21.067 -16.86
 51019 954 1 2 3 3 1590.5868 1591.5917
 14.898 -2.705-16.908-20.104 -6.125 19.506 19.194 59.831 -0.107
 -19.764-20.212-16.348-17.085  4.684 14.821 -5.858 -6.213   2.63
 51019 954 2 5 711 1590.5868 1591.5917
 15.838 -1.828-10.098-27.719-12.794 15.354  5.578-12.897 -1.340
 -27.105-31.670-10.236 -9.207 13.290  2.064-11.597-14.669  -8.70
 51019 954 2 2 4 2 1590.5868 1591.5917
 13.537  1.286  8.649 12.099 24.711  1.204  1.260-52.359 -2.151
  12.223 10.721  8.809  6.883  1.104  0.100 24.857 24.667 100.56
 51119 948 1 2 3 4 1591.5917 1592.5770
 11.595 -0.131-14.189 -6.125  4.330 19.194 11.197 62.462  0.161
  -5.858 -6.213-13.693-14.353  4.770 14.425  4.526  4.209   7.70
 51119 948 0 0 1 3 1591.5917 1592.5770
 14.062  0.053 10.113 18.548 31.434  3.535  2.504  0.000  0.000
   0.000  0.000  0.000  0.000  0.000  0.000  0.000 27.910   0.00
 5131910 9 2 6 8 1 1593.5764 1594.5875
 16.662  2.686 -6.648  4.743 20.594  1.780  2.053-45.136 -2.823
   5.225  3.220 -7.128 -5.127  1.353  0.427  0.000  0.000   0.00
 515191015 1 1 2 2 1595.5729 1596.5958
 13.153  0.722-16.554 44.590 57.036 19.921  7.859 59.092  0.441
  45.036 44.578-15.839-16.573  0.501 19.420 58.086 57.029 -20.19
 51519101512 82012 1595.5729 1596.5958
 14.235  0.513 13.897-48.047-34.494100.660 93.276-20.439  3.247
 -47.584-49.535 14.064 13.359 76.749 23.911-29.959-35.389  23.86
 51619 941 0 0 1 2 1596.5958 1597.5674
 13.812 -1.856 -6.463 43.801 56.262  0.050  0.318  0.000  0.000
   0.000  0.000  0.000  0.000  0.000  0.000  0.000 54.212   0.00
 51619 941 7 51243 1596.5958 1597.5674
 13.791 -1.894 14.422-34.494-22.052 93.276 83.995  3.421  0.368
 -29.959-35.389 14.159 14.474 15.377 77.899-18.090-23.826   3.32
 517191022 5152015 1597.5674 1598.5819
 12.090  2.280 -8.161-47.488-36.221 44.807 17.516 28.191  0.146
 -46.220-51.553 -7.488-10.317 34.154 10.654-33.724-39.925 -34.53
 51719102221224341 1597.5674 1598.5819
 12.683  1.005 12.582-22.052-10.183 83.995 85.993  6.746 -0.824
 -18.090-23.826 12.124 12.786 25.979 58.016 -6.720-11.652  -1.70
 5181910 1 2 4 6 9 1598.5819 1599.5625
 14.971  0.775 -7.956-32.643-18.929 14.084 13.897  4.209  1.355
 -32.408-34.597 -7.939 -8.098 12.572  1.512-18.245-21.520 -27.67
 5181910 124174129 1598.5819 1599.5625
 15.926  0.720 13.602-10.183  4.468 85.993 59.803  5.044  1.696
  -6.720-11.652 13.305 13.728 25.617 60.376  9.088  2.755  14.41
 519191030 3 6 9 2 1599.5625 1600.6306
 15.608 -0.050 -8.715-18.929 -3.310 13.897  8.057-23.464  1.375
 -18.245-21.520 -9.009 -7.604 10.997  2.900 -3.112 -7.575  -2.42
 519191030 2 7 9 1 1599.5625 1600.6306
 16.157  0.616 -4.735-20.424 -4.218 15.478 11.484  4.502 -8.564
 -18.867-27.434 -4.613 -5.285 12.666  2.813  0.000  0.000   0.00
 519191030111829 5 1599.5625 1600.6306
 11.477  2.435 14.308  4.468 15.674 59.803 30.255 19.455 -3.615
   9.088  2.755 12.726 14.894 16.175 43.627 16.354 14.605 -74.13
 52019 852 1 1 2 3 1600.6306 1601.6459
 13.900 -0.856 -8.662 -3.310  9.803  8.057 22.789-25.888 -0.445
  -3.112 -7.575 -8.757 -6.616  7.700  0.357 10.364  6.419  -2.89
 52019 852 0 0 1 3 1600.6306 1601.6459
 14.795  2.364 -5.393 -4.218  9.803 11.484 22.789  0.000  0.000
   0.000  0.000  0.000  0.000  0.000  0.000  0.000  6.419   0.00
 52019 852 2 1 3 2 1600.6306 1601.6459
 12.734 -2.662-17.113-48.519-36.590  2.328  7.650  9.298 -4.460
 -42.732-48.778-16.208-17.154  0.100  2.228-35.173-36.613 -10.02
 52119 830 1 2 329 1601.6459 1602.6909
 13.486 -2.260 -7.793  9.803 22.868 22.789 44.041-28.777  1.996
  10.364  6.419 -8.099 -5.952 19.546  3.243 25.089 18.607  30.35
 52119 830 1 4 529 1601.6459 1602.6909
 14.017  0.531 -4.876  9.248 22.868  7.214 44.041 -2.243  4.683
   9.806  8.029 -4.898 -4.829  4.949  2.265 25.089 18.607   3.81
 52119 830 0 0 1 1 1601.6459 1602.6909
 14.505  0.286-19.452-24.452-10.322  8.818 10.621  0.000  0.000
   0.000  0.000  0.000  0.000  0.000  0.000  0.000  0.000   0.00
 52119 830 1 4 511 1601.6459 1602.6909
 12.752  0.339-13.612-29.720-17.422 12.763 14.194-29.112  1.973
 -28.860-31.972-14.077-12.393  9.235  3.527-15.174-20.624  42.45
 52119 83013102323 1601.6459 1602.6909
 12.774  1.249 14.678 32.522 44.843 70.473 72.268 15.069  1.086
  36.339 30.255 13.684 15.269 26.264 44.210 50.917 43.555  -5.30
 52219 724 72229 3 1602.6909 1603.5591
 17.470  0.063 -5.431 22.868 37.179 44.041 10.807  1.569 -3.049
  25.089 18.607 -5.370 -5.547 28.953 15.088 37.999 36.158 -59.03
 52219 724 0 0 1 1 1602.6909 1603.5591
 13.795  0.261-19.752-10.322  0.798 10.621  1.405  0.000  0.000
   0.000  0.000  0.000  0.000  0.000  0.000  0.000  0.000   0.00
 52219 724 5 61111 1602.6909 1603.5591
 16.323 -0.415-13.967-17.422 -4.107 14.194 19.311 13.338 -0.558
 -15.174-20.624-13.450-14.703  8.340  5.854 -3.421 -8.265 -28.47
 52219 72411122319 1602.6909 1603.5591
 13.218  0.023 15.983 44.843 55.463 72.268 76.448  9.767 -3.442
  50.917 43.555 14.978 16.196 12.644 59.624 58.172 54.367   2.25
 523191034 1 2 3 8 1603.5591 1604.5834
 14.861  0.761 -5.485 37.179 51.393 10.807 27.173-57.460  0.344
  37.999 36.158 -6.765 -3.893  5.992  4.816 51.544 48.029  78.79
 523191034 1 2 3 4 1603.5591 1604.5834
 13.895 -0.743 -2.777 34.850 48.075  2.266  5.750  1.056  0.955
  35.367 34.014 -2.767 -2.792  1.400  0.866 49.752 47.523  13.91
 523191034 1 1 2 4 1603.5591 1604.5834
 13.706  0.249 -1.761 35.044 48.075  9.706  5.750  3.189  1.104
  35.596 34.395 -1.730 -1.797  5.246  4.460 49.752 47.523  11.78
 523191034 0 0 1 1 1603.5591 1604.5834
 13.531 -0.562 -6.227 26.004 38.856  0.050  0.050  0.000  0.000
   0.000  0.000  0.000  0.000  0.000  0.000  0.000  0.000   0.00
 523191034 4 4 8 7 1603.5591 1604.5834
 12.260  0.022-18.279 16.360 27.910  2.008 18.035-12.317  1.383
  17.131 15.587-18.439-18.119  1.005  1.002 29.041 26.101  26.80
 523191034 0 0 1 1 1603.5591 1604.5834
 13.199 -0.807-19.978  0.798 13.309  1.405  5.551  0.000  0.000
   0.000  0.000  0.000  0.000  0.000  0.000  0.000  0.000   0.00
 523191034 3 811 5 1603.5591 1604.5834
 14.214 -0.542-13.606 -4.107  9.445 19.311  2.440-15.132  0.803
  -3.421 -8.265-13.786-12.513 16.579  2.732  9.791  4.167  -0.15
 5241910 0 0 0 1 1 1604.5834 1605.5625
 13.845  0.696-19.151 13.309 25.902  5.551  2.147  0.000  0.000
   0.000  0.000  0.000  0.000  0.000  0.000  0.000  0.000   0.00
 5241910 0 2 3 5 1 1604.5834 1605.5625
 14.752  0.200-13.051  9.445 22.926  2.440  1.859-15.280 -5.680
   9.791  4.167-13.143-11.647  2.290  0.150  0.000  0.000   0.00
 525191030 3 6 913 1605.5625 1606.5667
 14.409 -1.280-17.792 44.691 58.172 24.856 34.919 18.939  0.892
  45.627 41.723-17.486-18.762 18.896  5.960 59.535 54.624  -6.40
 525191030 0 0 1 1 1605.5625 1606.5667
 13.674 -0.972  9.355-58.346-45.603 11.207  6.954  0.000  0.000
   0.000  0.000  0.000  0.000  0.000  0.000  0.000  0.000   0.00
 6 219 958 8 51310 1613.5840 1614.5674
 15.525  0.778 -5.544 30.777 45.076 26.273 12.591  0.909  0.297
  32.740 27.679 -5.513 -5.593 16.085 10.189 46.779 41.413  -2.33
 6 219 958 1 2 3 8 1613.5840 1614.5674
 12.760 -1.095 -8.094-58.854-47.274 14.824 20.124 31.718  4.520
 -58.354-59.004 -7.788 -8.186  3.430 11.394-45.987-50.794 -57.00
 6 219 958 1 1 2 2 1613.5840 1614.5674
 14.189  0.507  6.926-30.740-17.754 53.807 27.252  9.200 -2.755
 -27.388-30.794  6.387  6.935  0.841 52.966-17.735-18.326 -38.14
 6 219 958 1 1 2 1 1613.5840 1614.5674
 14.438  0.150 16.005-33.564-20.333  1.881  0.592 -3.183 -0.804
 -33.512-34.347 16.008 15.963  1.765  0.116  0.000  0.000   0.00
 6 219 958 0 0 1 6 1613.5840 1614.5674
 13.950  0.711 22.902-37.125-24.374  1.181  8.115  0.000  0.000
   0.000  0.000  0.000  0.000  0.000  0.000  0.000-27.892   0.00
 6 219 958 1 1 2 6 1613.5840 1614.5674
 13.601 -0.129 12.489 11.347 23.754  1.798  5.077-87.858  2.913
  11.353 11.340 12.650 12.324  0.909  0.889 24.875 21.559  89.00
 6 219 958 3 3 6 4 1613.5840 1614.5674
 11.711  0.042 14.958 20.936 31.485 13.722  3.640 13.419 -3.634
  23.303 18.911 14.413 15.425  6.327  7.395 32.168 31.443 -29.44
 6 3191022 4 61010 1614.5674 1615.5729
 13.515  0.053 -6.310 45.076 57.678 12.591 25.889 -1.421  1.682
  46.779 41.413 -6.352 -6.219  8.596  3.996 61.530 54.471   2.70
 6 3191022 3 5 8 9 1614.5674 1615.5729
 14.692  0.890 -7.018-47.274-33.488 20.124 17.325-25.277 -0.660
 -45.987-50.794 -7.621 -5.368 14.737  5.387-32.409-36.749   3.88
 6 3191022 1 1 2 2 1614.5674 1615.5729
 14.286 -0.047  7.425-17.754 -4.377 27.252 24.913-28.935  3.257
 -17.735-18.326  7.435  7.111 26.352  0.899 -4.342 -8.069   9.21
 6 3191022 0 0 1 1 1614.5674 1615.5729
 14.056 -0.155 16.153-20.333 -7.188  0.592  0.965  0.000  0.000
   0.000  0.000  0.000  0.000  0.000  0.000  0.000  0.000   0.00
 6 3191022 2 4 616 1614.5674 1615.5729
 11.410  0.499 23.601-24.374-13.889  8.115 22.824  7.043  1.410
 -23.877-27.892 23.545 23.999  7.111  1.004-10.686-16.072   9.10
 6 3191022 3 3 6 2 1614.5674 1615.5729
 15.575  0.785 12.363 23.754 38.428  5.077  0.775  1.143 -2.739
  24.875 21.559 12.341 12.405  3.361  1.716 38.470 38.425  83.74
 6 6191019 6 41010 1617.5695 1618.6389
 12.649 -1.358 -7.832  6.187 18.664  9.478  8.631-12.916 -0.252
   8.314  4.787 -8.315 -7.514  3.762  5.716 20.200 16.867   6.65
 6 6191019 2 2 4 2 1617.5695 1618.6389
 12.387 -0.860 -8.299 -5.615  6.582  9.987  1.239 36.620 -0.666
  -5.389 -6.633 -8.134 -9.049  8.177  1.810  6.770  6.536  37.85
 6 719 839 7172415 1618.6389 1619.6423
 11.392 -0.635 18.932 21.268 31.714 16.513 23.407 28.840 -0.064
  24.202 18.037 17.404 20.615  8.655  7.858 34.006 27.857  -1.15
 610191018 1 2 3 9 1621.5708 1622.5743
 14.445 -0.869-16.022 24.314 37.824  3.540 10.247-23.141  2.456
  24.443 24.055-16.075-15.915  2.363  1.178 38.135 35.198  30.93
 610191018 2 4 6 7 1621.5708 1622.5743
 12.987  0.544 14.378 17.496 29.543 14.619 17.219 16.558  1.518
  18.585 15.108 14.064 15.065 10.042  4.577 33.531 28.371  -8.78
 610191018 1 1 2 1 1621.5708 1622.5743
 14.214 -0.845 10.892-57.315-44.037  3.102  2.178-30.501 -1.128
 -56.342-57.331 11.455 10.883  0.050  3.052  0.000  0.000   0.00
 611191012 0 0 110 1622.5743 1623.5764
 15.870  1.132 10.044-44.037-29.118  2.178 21.393  0.000  0.000
   0.000  0.000  0.000  0.000  0.000  0.000  0.000-32.006   0.00
 6131910 3 3 3 6 3 1624.5806 1625.5764
 15.014  1.283-16.778-32.425-18.451 10.977 16.943-33.517  0.044
 -31.982-32.829-17.059-16.523  5.233  5.744-18.395-19.201  -7.54
 6131910 3 0 0 1 1 1624.5806 1625.5764
 14.359  0.885 -6.785-35.553-22.231  3.962  2.694  0.000  0.000
   0.000  0.000  0.000  0.000  0.000  0.000  0.000  0.000   0.00
 6131910 3 5 1 6 6 1624.5806 1625.5764
 15.075  1.034 -3.702-49.233-35.199 14.317  7.282 -6.997  0.138
 -46.151-49.850 -4.079 -3.626  2.388 11.930-31.984-35.842   2.40
 6131910 3 7 51215 1624.5806 1625.5764
 14.517 -0.444 13.259-25.505-12.026 78.702 60.705 10.725 -0.864
 -22.906-28.409 12.780 13.794 41.536 37.166-10.296-14.870   2.84
 6131910 3 0 0 1 2 1624.5806 1625.5764
 15.544  0.105 12.322 -3.638 10.863  0.206  0.685  0.000  0.000
   0.000  0.000  0.000  0.000  0.000  0.000  0.000 10.554   0.00
 6141910 9 1 2 3 2 1625.5764 1626.5583
 12.520 -0.037-18.056-18.451 -7.120 16.943 10.120-41.061 -0.352
 -18.395-19.201-18.102-17.435 15.775  1.167 -6.866 -7.485  13.49
 6141910 9 3 81116 1625.5764 1626.5583
 12.153 -2.061-17.876-49.403-38.434 63.802102.255-45.081  2.050
 -49.309-49.945-17.966-17.359 54.343  9.459-37.882-40.890  50.72
 6141910 9 0 0 1 2 1625.5764 1626.5583
 13.612 -0.286 -7.666-22.231 -9.829  2.694  1.794  0.000  0.000
   0.000  0.000  0.000  0.000  0.000  0.000  0.000 -9.918   0.00
 6141910 9 2 4 6 2 1625.5764 1626.5583
 13.239 -1.404 -4.731-35.199-23.163  7.282  0.501 -4.595 -3.029
 -31.984-35.842 -4.988 -4.679  1.215  6.067-23.006-23.267  76.30
 6141910 9 6 91520 1625.5764 1626.5583
 14.733  0.217 12.816-12.026  1.477 60.705 70.968 13.565  0.230
 -10.296-14.870 12.409 13.485 37.741 22.964  3.369 -1.124  11.09
 615191035 1 1 2 2 1626.5583 1627.6563
 14.441  0.068-18.020 -7.120  7.657 10.120  3.204-27.571  0.129
  -6.866 -7.485-18.146-17.839  5.963  4.157  7.667  6.998  -8.95
 615191035 5111611 1626.5583 1627.6563
 14.834  1.167-15.853-38.434-23.225102.255 42.547  5.638 -1.387
 -37.882-40.890-15.800-16.086 83.487 18.768-22.682-24.178  14.26
 61519103512 820 9 1626.5583 1627.6563
 13.636  0.416 13.029  1.477 15.371 70.968 98.037 24.656  0.127
   3.369 -1.124 12.183 14.193 41.076 29.891 16.977 12.449   2.40
 61619 815 1 1 2 2 1627.6563 1628.5674
 13.172  1.370-18.095  7.657 18.764  3.204  4.597-36.516  0.336
   7.667  6.998-18.102-17.631  3.154  0.050 18.775 17.729   7.51
 61619 815 4 71121 1627.6563 1628.5674
 12.808 -0.497-17.134-23.225-12.449 42.547124.689 19.898  1.205
 -22.682-24.178-16.946-17.463 27.102 15.445-11.762-14.584 -27.18
 61619 815 3 4 716 1627.6563 1628.5674
 12.766  2.504  7.696-51.320-40.582 28.346 43.112-11.489  1.954
 -49.337-54.553  8.095  7.045 17.572 10.774-36.097-43.433  12.85
 61619 815 5 4 910 1627.6563 1628.5674
 14.459 -0.979 13.487 15.371 27.651 98.037 56.070 27.060 -0.472
  16.977 12.449 12.689 14.938 63.268 34.769 29.799 25.762   1.17
 617191022 1 1 2 1 1628.5674 1629.5618
 15.483 -2.753-19.343 18.764 33.185  4.597  5.232-29.003 -1.129
  18.775 17.729-19.349-18.802  4.547  0.050  0.000  0.000   0.00
 617191022 9122115 1628.5674 1629.5618
 16.309  0.085-16.681-12.449  2.794124.689 67.334 -7.278 -1.664
 -11.762-14.584-16.765-16.420 94.329 30.359  3.109  2.090  30.49
 617191022 7 91618 1628.5674 1629.5618
 16.156 -2.345  9.978-40.582-25.492 43.112 11.769  1.363 -2.743
 -36.097-43.433  9.873 10.045 16.753 26.359-23.274-27.790  -4.77
 618191030 8 71519 1629.5618 1630.5695
 12.156  0.497-16.766  2.794 14.055 67.334 59.389 23.214  0.192
   3.109  2.090-16.636-17.055 46.503 20.831 14.886 13.643  -4.56
 618191030 7111818 1629.5618 1630.5695
 11.624  1.164  7.646-25.492-14.767 11.769 36.025 -3.404  6.798
 -23.274-27.790  7.776  7.510  5.990  5.779-10.420-21.697  12.38
 618191030 4 2 611 1629.5618 1630.5695
 16.211 -1.310 14.163  5.609 20.956 14.754 21.471 -1.772  1.391
   9.330  3.998 14.275 14.115  4.456 10.297 24.869 18.137   1.40
 619191019 6 511 1 1630.5695 1631.5729
 15.520 -2.723 12.844 20.956 35.545 21.471  2.933 -0.372 -6.563
  24.869 18.137 12.868 12.826  8.991 12.480  0.000  0.000   0.00
 620191015 3 3 615 1631.5729 1632.5715
 14.296  2.323  5.417  2.083 15.380  9.910 23.005 49.278  2.338
   2.174  1.430  5.313  6.173  8.707  1.203 16.588 13.251 -31.44
 62119101613 92223 1632.5715 1633.5638
 14.799  0.709-16.718 41.371 55.084 88.229 88.772-18.806  0.280
  42.433 40.117-17.064-16.309 47.769 40.460 56.687 54.002  31.24
 621191016 0 0 1 4 1632.5715 1633.5638
 11.380  0.212-16.285  2.386 12.705  2.256  8.677  0.000  0.000
   0.000  0.000  0.000  0.000  0.000  0.000  0.000 11.575   0.00
 621191016 6 61212 1632.5715 1633.5638
 14.427  0.480 -7.531 -9.619  3.725 13.936 14.301 10.972  1.033
  -7.876-11.584 -7.196 -7.909  7.387  6.550  5.789  1.044  -0.63
 621191016 3 4 7 2 1632.5715 1633.5638
 15.874 -0.587 10.339  3.005 17.785  4.910  0.515-12.279  3.246
   3.749  1.821 10.498 10.085  3.015  1.895 21.614 16.716  33.77
 621191016 41115 6 1632.5715 1633.5638
 15.470 -0.996  7.737 15.380 29.759 23.005 16.713 17.833 -2.911
  16.588 13.251  7.352  8.416 14.679  8.326 29.982 29.611  31.11
 622191027 2 2 4 3 1633.5638 1634.5736
 15.256  0.025-16.495 12.705 27.120  8.677  7.478  9.872  1.747
  13.605 11.575-16.345-16.684  4.832  3.846 27.961 24.077  -9.81
 622191027 5 71215 1633.5638 1634.5736
 14.289  0.329 -8.008  3.725 17.164 14.301 29.385 10.342  1.348
   5.789  1.044 -7.635 -8.492  8.081  6.220 19.619 13.552   1.14
 622191027 1 1 2 9 1633.5638 1634.5736
 17.337 -0.615 13.511-20.583 -4.067  8.819 11.487 56.750  3.998
 -20.509-20.617 13.400 13.561  2.741  6.078 -1.601 -5.851 -48.14
 622191027 2 4 6 5 1633.5638 1634.5736
 14.170 -0.017  6.748 29.759 43.077 16.713 14.414 48.944  0.356
  29.982 29.611  6.494  6.918  6.675 10.038 43.148 42.390 -14.03
 623191013 2 1 3 6 1634.5736 1635.5729
 14.294 -1.424-16.521 27.120 40.425  7.478 17.887  0.063 -0.547
  27.961 24.077-16.520-16.524  5.860  1.619 42.065 38.775  -0.13
 623191013 7 81515 1634.5736 1635.5729
 16.497 -1.343 -8.340 17.164 32.670 29.385 17.028 11.484 -1.033
  19.619 13.552 -7.847 -9.066 17.493 11.891 34.012 28.979  -0.29
 623191013 3 2 514 1634.5736 1635.5729
 16.902 -0.009-12.079-15.016  0.894  6.288  8.964  5.731  0.056
 -13.584-17.460-11.938-12.319  3.965  2.323  2.070 -1.803   5.79
 623191013 6 71311 1634.5736 1635.5729
 15.936  1.175 -7.975-50.424-35.478 30.068 24.097 -8.354 -0.227
 -47.632-55.455 -8.381 -7.243 19.339 10.728-33.957-41.586   0.50
 623191013 3 6 911 1634.5736 1635.5729
 13.959  0.319 12.890 -4.067  8.902 11.487 51.294  8.612 -1.786
  -1.601 -5.851 12.526 13.153  4.821  6.665 10.069  7.648   2.72
 623191013 1 4 5 4 1634.5736 1635.5729
 14.183  1.469  6.731 43.077 56.270 14.414 11.309 34.917 -0.146
  43.148 42.390  6.682  7.207 13.064  1.350 56.459 55.805  -2.01
 624191015 1 5 6 3 1635.5729 1636.5681
 16.028  1.857-15.098 40.425 55.400 17.887  4.616 -0.064  1.293
  42.065 38.775-15.100-15.096  8.971  8.916 55.675 51.024   5.46
 624191015 41115 4 1635.5729 1636.5681
 15.760  1.402 -6.999 32.670 47.377 17.028 16.869 11.196 -4.060
  34.012 28.979 -6.735 -7.724 12.488  4.540 47.623 46.580  -9.80
 624191015 4101414 1635.5729 1636.5681
 13.049 -0.001-12.070  0.894 12.905  8.964 41.222 11.523  0.580
   2.070 -1.803-11.835-12.608  6.243  2.721 15.861 11.319 -13.79
 624191015 4 71112 1635.5729 1636.5681
 14.723 -0.851 -9.149-35.478-21.802 24.097 26.305 -7.849 -1.554
 -33.957-41.586 -9.356 -8.318 19.290  4.806-20.126-26.170  -0.80
 624191015 0 0 1 2 1635.5729 1636.5681
 13.887  0.790  3.085-48.063-35.219 11.179 19.309  0.000  0.000
   0.000  0.000  0.000  0.000  0.000  0.000  0.000-37.187   0.00
 624191015 4 71110 1635.5729 1636.5681
 14.197 -0.619 13.209  8.902 22.055 51.294 17.407 11.331  3.584
  10.069  7.648 12.981 13.453 26.575 24.719 25.545 19.482  -2.46
 625191022 2 3 5 9 1636.5681 1637.5687
 13.943  0.075 -6.991 18.876 31.848  8.353  5.827-21.360  0.400
  20.010 16.777 -7.431 -6.176  5.424  2.929 34.069 30.212  15.70
 625191022 6 81414 1636.5681 1637.5687
 15.349  0.467-12.069 12.905 27.283 41.222 30.477 -2.270  2.272
  15.861 11.319-12.184-12.007 14.392 26.830 29.761 22.880   2.92
 625191022 11112 3 1636.5681 1637.5687
 16.500  0.088 -8.302-21.802 -6.272 26.305 14.362 -8.646 -5.698
 -20.126-26.170 -8.554 -7.645 19.007  7.298 -6.248 -6.352 -64.33
 625191022 1 1 2 1 1636.5681 1637.5687
 14.314  0.114  3.871-35.219-21.875 19.309  1.900 27.712 -2.242
 -35.197-37.187  3.860  4.902 19.102  0.207  0.000  0.000   0.00
 625191022 5 51013 1636.5681 1637.5687
 14.235  0.090 12.592 22.055 35.319 17.407 42.108  8.867 -1.417
  25.545 19.482 12.061 12.984  7.387 10.019 38.599 34.136   8.85
 625191022 4 5 911 1636.5681 1637.5687
 16.041 -1.014  7.593 22.234 37.306 19.850 20.788 25.297  0.289
  23.863 20.779  6.830  8.274  9.365 10.485 38.355 34.689 -18.08
 626191020 6 3 9 9 1637.5687 1638.5681
 15.705 -1.966 -7.066 31.848 46.563  5.827 33.851 -5.659  0.848
  34.069 30.212 -7.284 -6.905  2.471  3.355 47.725 43.011   5.23
 626191020 6 81411 1637.5687 1638.5681
 16.897 -1.350-12.536 27.283 43.190 30.477 40.198  0.653 -1.897
  29.761 22.880-12.508-12.585 19.504 10.973 43.649 38.737  -1.62
 626191020 1 2 3 5 1637.5687 1638.5681
 14.273 -0.118 -8.390 -6.272  7.012 14.362 23.329-72.981  2.887
  -6.248 -6.352 -8.468 -8.132 11.045  3.317  7.891  4.668  82.95
 626191020 3 1 4 1 1637.5687 1638.5681
 14.386  0.543 -7.101-16.426 -3.029  3.715  0.299 17.667 -0.661
 -15.829-16.464 -6.913 -7.113  0.222  3.493  0.000  0.000   0.00
 626191020 0 0 1 1 1637.5687 1638.5681
 14.037 -0.577  3.985-21.875 -8.827  1.900 13.263  0.000  0.000
   0.000  0.000  0.000  0.000  0.000  0.000  0.000  0.000   0.00
 626191020 6 71311 1637.5687 1638.5681
 13.712  1.361 12.682 35.319 48.042 42.108 13.552 17.719 -0.242
  38.599 34.136 11.660 13.051 11.160 30.948 49.934 45.677  -0.26
 626191020 3 81111 1637.5687 1638.5681
 14.477  2.116  6.578 37.306 50.793 20.788 23.324  7.213  0.506
  38.355 34.689  6.446  6.907 14.838  5.949 52.074 47.897 -15.84
 627191022 1 1 2 6 1638.5681 1639.5695
 16.270  2.885 -3.592  0.219 15.531  0.156 17.470 66.299  1.559
   0.711 -0.013 -2.474 -4.119  0.050  0.106 16.841 13.467 -64.01
 627191022 0 0 1 1 1638.5681 1639.5695
 13.423 -0.056  3.408 -8.827  3.634 13.263 11.569  0.000  0.000
   0.000  0.000  0.000  0.000  0.000  0.000  0.000  0.000   0.00
 628191019 0 0 1 2 1639.5695 1640.5695
 15.037  0.759  3.352  3.634 17.691 11.569  5.406  0.000  0.000
   0.000  0.000  0.000  0.000  0.000  0.000  0.000 17.417   0.00
 629191019 1 8 9 4 1640.5695 1641.5764
 15.311 -0.190 -8.006 34.632 49.063 27.745 20.937  9.382  2.303
  35.122 30.870 -7.926 -8.622 24.548  3.197 49.111 42.477  -9.52
 629191019 1 1 2 1 1640.5695 1641.5764
 14.793  0.595  4.111 17.691 31.601  5.406 25.865 27.337 -0.425
  17.796 17.417  4.057  4.252  3.916  1.490  0.000  0.000   0.00
 6301910 9 0 0 1 1 1641.5764 1642.5764
 13.998 -1.054  4.710 31.601 44.619 25.865 15.135  0.000  0.000
   0.000  0.000  0.000  0.000  0.000  0.000  0.000  0.000   0.00
 7 3191015 0 0 1 7 1644.5723 1645.5729
 15.104  2.017 -4.940 17.202 31.337  1.531  2.115  0.000  0.000
   0.000  0.000  0.000  0.000  0.000  0.000  0.000 30.448   0.00
 7 519 946 4 913 3 1646.5924 1647.5903
 15.790 -0.275  7.771-29.437-14.657  8.794 21.650 -7.392 -4.550
 -27.885-32.877  7.971  7.329  6.060  2.734-14.327-14.767  11.34
 7 519 946 4 5 9 2 1646.5924 1647.5903
 16.214 -2.739  8.842-44.023-28.820 19.463  3.030 15.817 -5.029
 -40.844-48.348  7.952 10.053 11.218  8.245-28.347-30.782   9.47
 7 619 949 1 2 3 3 1647.5903 1648.5909
 13.873  1.607  7.497-14.657 -1.753 21.650  3.485  3.951  0.583
 -14.327-14.767  7.474  7.504  5.440 16.210 -1.725 -2.722 -19.13
 7 619 949 0 0 1 2 1647.5903 1648.5909
 14.073  1.558  5.287-21.613 -8.510  2.807  4.511  0.000  0.000
   0.000  0.000  0.000  0.000  0.000  0.000  0.000 -8.551   0.00
 7 619 949 1 1 2 1 1647.5903 1648.5909
 14.444  1.833  6.109-28.820-15.345  3.030  0.682 25.288 -2.678
 -28.347-30.782  5.887  7.030  2.442  0.588  0.000  0.000   0.00
 7 619 949 1 1 2 2 1647.5903 1648.5909
 13.316  2.688  7.456-36.313-23.967  3.698  6.860 63.745 -0.300
 -35.958-36.326  6.741  7.483  0.135  3.563-23.657-23.982 -11.10
 7121910 4 5101534 1653.5798 1654.5938
 13.697  1.181 -5.171-16.273 -3.377 21.776 86.070 31.863  4.581
 -14.913-17.977 -4.330 -6.226 12.111  9.664 -0.216 -7.446  -3.39
 7121910 4 2 3 5 7 1653.5798 1654.5938
 13.244 -0.877-13.764-37.988-25.552  1.924  5.618 21.323 -1.681
 -35.935-40.809-12.986-14.834  1.113  0.810-23.033-26.521 -20.11
 71319 94513213418 1654.5938 1655.5736
 14.083  1.368 -6.368 -3.377  9.463 86.070 98.343 28.469  2.638
  -0.216 -7.446 -4.664 -8.561 48.431 37.639 14.276  4.334  -4.14
 71319 945 3 4 7 6 1654.5938 1655.5736
 15.570 -0.258-12.875-25.552-11.254  5.618  3.280  1.213 -0.411
 -23.033-26.521-12.823-12.895  1.560  4.057-10.423-13.407 -14.28
 71319 945 1 1 2 1 1654.5938 1655.5736
 14.114  0.510  7.256-48.869-35.998  6.261 13.879 85.661 -0.336
 -48.846-48.871  6.953  7.288  0.584  5.677  0.000  0.000   0.00
 714191013 51318 3 1655.5736 1656.5861
 13.338 -2.828 -7.708  9.463 21.977 98.343  4.127 24.331 -9.229
  14.276  4.334 -5.552-10.006 50.731 47.612 23.485 21.908 -31.11
 714191013 4 3 7 2 1655.5736 1656.5861
 11.960 -2.685-16.049-12.447 -1.328  3.664  0.656-18.844 -4.798
 -10.677-15.726-16.630-14.974  2.379  1.285 -1.325 -1.367 101.56
 714191013 0 0 1 1 1655.5736 1656.5861
 14.124 -0.331  7.756-35.998-22.687 13.879  0.935  0.000  0.000
   0.000  0.000  0.000  0.000  0.000  0.000  0.000  0.000   0.00
 714191013 0 0 1 1 1655.5736 1656.5861
 12.470  1.205  8.931-22.555-10.919  0.050  0.171  0.000  0.000
   0.000  0.000  0.000  0.000  0.000  0.000  0.000  0.000   0.00
 71819 930 1 1 2 2 1659.6035 1660.6021
 13.783 -0.131-12.176-36.905-24.118 24.532 28.958 41.494  0.132
 -36.882-37.485-12.156-12.677 23.610  0.922-23.984-24.786 -10.11
 71819 930 0 0 1 2 1659.6035 1660.6021
 14.329 -0.030  7.729-25.268-11.936 10.489  4.662  0.000  0.000
   0.000  0.000  0.000  0.000  0.000  0.000  0.000-11.940   0.00
 71919 933 1 1 2 2 1660.6021 1661.5875
 14.903  0.944-12.045-24.118-10.396 28.958  7.112 31.380 -0.014
 -23.984-24.786-11.965-12.444 24.126  4.832-10.197-10.923   7.08
 71919 933 1 1 2 1 1660.6021 1661.5875
 14.428  1.887 -8.552-54.006-40.752  1.225  0.347-13.779 -0.522
 -53.721-54.233 -8.621 -8.497  0.544  0.681  0.000  0.000   0.00
 71919 933 1 1 2 2 1660.6021 1661.5875
 13.657 -0.162  7.699-11.936  0.558  4.662  4.913-88.040  0.233
 -11.931-11.940  7.844  7.585  2.051  2.610  0.819  0.460 131.78
 72019 953 2 2 4 2 1661.5875 1662.6410
 15.180 -0.170 -7.066 -2.721 12.240  5.698  1.998-43.137  0.073
  -1.756 -3.306 -7.963 -6.522  2.150  3.548 12.610 11.312 -10.66
 72019 953 1 1 2 2 1661.5875 1662.6410
 13.932 -0.597-12.976-10.396  3.251  7.112 23.814 38.460 -0.157
 -10.197-10.923-12.821-13.384  5.161  1.950  3.254  2.595  -7.88
 72019 953 2 1 3 2 1661.5875 1662.6410
 14.770 -0.665 -9.276-48.583-34.054 18.898 19.237 13.174 -0.288
 -48.035-48.866 -9.150 -9.342  6.432 12.466-34.046-34.546  13.79
 72019 953 1 1 2 1 1661.5875 1662.6410
 14.191  0.376  7.539  0.558 14.477  4.913  2.259 43.742 -0.493
   0.819  0.460  7.291  7.631  1.336  3.576  0.000  0.000   0.00
 72119 837 1 1 2 2 1662.6410 1663.5785
 14.244 -0.070-12.347  3.251 15.687 23.814 28.219 30.581 -0.006
   3.254  2.595-12.345-12.726 23.703  0.110 15.704 15.077   3.72
 72119 837 1 1 2 2 1662.6410 1663.5785
 14.542 -0.017 -8.576-34.054-21.338 19.237  8.660 26.968 -0.139
 -34.046-34.546 -8.572 -8.823 18.920  0.317-21.293-21.627  10.62
 72119 837 1 1 2 3 1662.6410 1663.5785
 14.364 -0.631-11.899-59.185-46.636  9.110  6.313 69.675  0.504
 -58.208-59.289 -9.318-12.172  0.872  8.238-44.687-47.071 -20.89
 72119 837 0 0 1 1 1662.6410 1663.5785
 14.309 -0.086  7.935 14.477 26.975  2.259  8.090  0.000  0.000
   0.000  0.000  0.000  0.000  0.000  0.000  0.000  0.000   0.00
 7221910 7 1 1 2 2 1663.5785 1664.5770
 14.289  0.354-12.281 15.687 28.979 28.219 28.011 34.305 -0.213
  15.704 15.077-12.270-12.688 27.461  0.759 28.982 28.638  16.30
 7221910 7 0 0 1 4 1663.5785 1664.5770
 14.115 -0.569  7.854 26.975 40.093  8.090  9.508  0.000  0.000
   0.000  0.000  0.000  0.000  0.000  0.000  0.000 39.658   0.00
 7221910 7 1 1 2 2 1663.5785 1664.5770
 14.201  0.418 -8.560-21.338 -8.133  8.660 10.639 37.583 -0.056
 -21.293-21.627 -8.526 -8.780  7.508  1.152 -8.101 -8.464 -43.32
 7221910 7 1 2 3 2 1663.5785 1664.5770
 13.256  0.687-11.308-46.636-34.375  6.313  7.529 48.787 -2.786
 -44.687-47.071 -9.125-11.794  1.150  5.163-34.261-35.037 -44.73
 7221910 7 3 3 6 5 1663.5785 1664.5770
 12.452  0.332-12.156-56.116-44.658  3.007 13.725 10.609 -1.352
 -53.645-56.686-11.703-12.260  0.563  2.443-43.882-44.739 -70.59
 7231910 8 1 1 2 1 1664.5770 1665.5764
 14.485 -0.431-12.635 28.979 42.476 28.011 27.256 50.601 -0.529
  28.982 28.638-12.631-13.040 27.792  0.219  0.000  0.000   0.00
 7231910 8 2 2 4 2 1664.5770 1665.5764
 14.435  0.839  7.286 40.093 53.541  9.508 10.983 28.107 -0.292
  40.115 39.658  7.275  7.517  9.047  0.462 53.630 53.428  -1.90
 7231910 8 4 4 8 5 1664.5770 1665.5764
 14.267  0.389-17.229 22.140 35.419  9.105 17.544 53.715  1.520
  23.230 21.732-15.811-17.759  2.478  6.627 37.352 34.595  -5.58
 7231910 8 1 1 2 1 1664.5770 1665.5764
 14.418  0.094 -8.977 -8.133  5.297 10.639 11.390 -5.739 -0.361
  -8.101 -8.464 -8.981 -8.944  9.681  0.958  0.000  0.000   0.00
 7231910 8 1 1 2 3 1664.5770 1665.5764
 13.867 -0.172-11.994-34.375-21.496  7.529  4.901  4.061  0.930
 -34.261-35.037-11.986-12.040  6.416  1.113-21.098-22.231 -53.09
 7231910 8 3 2 5 8 1664.5770 1665.5764
 13.453  0.014-12.487-44.658-32.192 13.725 22.409-59.977 -1.117
 -43.882-44.739-13.798-12.350  1.295 12.429-32.051-32.610  70.49
 7231910 8 1 1 2 5 1664.5770 1665.5764
 11.420 -0.550 12.873-11.646 -1.211  0.925  3.658-13.812  2.252
 -11.599-12.466 12.884 12.676  0.875  0.050  1.352 -1.843  12.05
 7241910 9 0 0 1 2 1665.5764 1666.5764
 14.222  0.168-12.204 42.476 55.721 27.256 19.157  0.000  0.000
   0.000  0.000  0.000  0.000  0.000  0.000  0.000 55.650   0.00
 7241910 9 3 2 5 1 1665.5764 1666.5764
 12.555  0.970-17.617 35.419 46.997 17.544  2.168 48.130 -3.937
  37.352 34.595-15.562-18.494  5.246 12.298  0.000  0.000   0.00
 7241910 9 0 0 1 2 1665.5764 1666.5764
 14.463 -0.332 -9.071  5.297 18.782 11.390 18.209  0.000  0.000
   0.000  0.000  0.000  0.000  0.000  0.000  0.000 18.083   0.00
 7241910 9 1 2 3 1 1665.5764 1666.5764
 14.383  0.011-11.822-21.496 -8.091  4.901 11.441-49.030 -1.692
 -21.098-22.231-12.271-10.993  3.182  1.719  0.000  0.000   0.00
 7241910 9 3 5 8 7 1665.5764 1666.5764
 14.044 -0.633-12.501-32.192-19.127 22.409 26.225 10.514  0.426
 -32.051-32.610-12.475-12.576 16.746  5.663-18.803-19.805 -13.00
 7251910 9 1 1 2 3 1666.5764 1667.5875
 14.114  0.005 -8.739 18.782 32.064 18.209  2.459 14.316  0.026
  18.865 18.083 -8.718 -8.915 16.269  1.940 32.145 31.354   4.31
 7251910 9 0 0 1 1 1666.5764 1667.5875
 14.091 -0.048-11.833 -8.091  5.168 11.441  1.792  0.000  0.000
   0.000  0.000  0.000  0.000  0.000  0.000  0.000  0.000   0.00
 7251910 9 2 5 7 7 1666.5764 1667.5875
 14.188  0.122-11.868-19.127 -5.770 26.225 12.385 -2.491  0.099
 -18.803-19.805-11.881-11.839 17.755  8.470 -5.480 -6.417 -29.45
 7251910 9 2 6 8 4 1666.5764 1667.5875
 14.382  0.030 12.475 15.846 29.400  6.734  0.408  3.631  0.040
  16.569 12.765 12.430 12.666  5.455  1.279 30.816 26.963  -5.12
 72619 953 1 2 3 2 1667.5875 1668.6000
 14.424 -0.204 -8.744 32.064 45.677  2.459  8.573 18.630 -0.203
  32.145 31.354 -8.717 -8.980  2.207  0.252 45.681 45.071  -4.65
 72619 953 0 0 1 1 1667.5875 1668.6000
 14.271 -0.512-11.784  5.168 18.627  1.792  7.836  0.000  0.000
   0.000  0.000  0.000  0.000  0.000  0.000  0.000  0.000   0.00
 72619 953 1 6 7 3 1667.5875 1668.6000
 13.658 -0.856-11.991 -5.770  7.069 12.385  3.615-31.940  1.418
  -5.480 -6.417-12.168-11.597  8.551  3.834  7.181  6.083 -32.51
 72619 953 2 1 3 1 1667.5875 1668.6000
 15.037 -0.037-18.022-57.036-42.801 16.565  0.738  7.976 -2.284
 -55.258-57.636-17.785-18.102  4.179 12.386  0.000  0.000   0.00
 72619 953 1 3 4 5 1667.5875 1668.6000
 12.971  0.193 12.505 29.400 41.543  0.408  5.873 -1.485 -1.130
  30.816 26.963 12.540 12.443  0.258  0.150 42.083 39.397   6.95
 72719 935 1 1 2 1 1668.6000 1669.6306
 14.371  0.466 -8.538 45.677 59.480  8.573  9.018 13.980 -0.622
  45.681 45.071 -8.537 -8.687  8.523  0.050  0.000  0.000   0.00
 72719 935 0 0 1 2 1668.6000 1669.6306
 13.733 -0.503-11.266 18.627 31.771  7.836  1.533  0.000  0.000
   0.000  0.000  0.000  0.000  0.000  0.000  0.000 31.337   0.00
 72719 935 2 1 3 2 1668.6000 1669.6306
 14.198 -0.049-11.125  7.069 20.693  3.615  6.217-64.450 -0.694
   7.181  6.083-11.356 -9.102  3.245  0.371 20.997 20.690 144.83
 72719 935 0 0 1 2 1668.6000 1669.6306
 13.717 -0.762-17.984-42.801-29.673  0.738  1.131  0.000  0.000
   0.000  0.000  0.000  0.000  0.000  0.000  0.000-29.959   0.00
 72819 852 1 1 2 3 1669.6306 1670.5861
 14.548 -0.177-11.074 20.693 33.659  6.217 10.091 80.385  0.643
  20.997 20.690 -9.310-11.089  0.050  6.167 35.054 33.618-135.20
 72919 956 2 1 3 1 1670.5861 1671.5917
 13.713 -0.167-10.905 33.659 46.465 10.091  9.790-54.819 -2.447
  35.054 33.618-12.847-10.848  0.290  9.801  0.000  0.000   0.00
 73019 948 0 0 1 2 1671.5917 1672.5903
 14.398  0.546-10.737 46.465 59.865  9.790  7.352  0.000  0.000
   0.000  0.000  0.000  0.000  0.000  0.000  0.000 59.852   0.00
 73019 948 2 2 4 4 1671.5917 1672.5903
 14.093  0.416  6.394-53.169-40.073  4.149  2.665-22.806  0.100
 -52.458-53.310  6.691  6.335  0.684  3.465-39.695-40.720  19.64
 73119 949 1 2 3 3 1672.5903 1673.5875
 13.130  1.970 -5.800-18.326 -6.208  1.910  1.367 20.294  1.481
 -17.839-19.712 -5.621 -6.310  1.413  0.497 -3.887 -6.318  25.71
 8 119 953 0 0 1 2 1673.5875 1674.5847
 14.341  0.883-15.712-52.092-38.767  5.581  2.877  0.000  0.000
   0.000  0.000  0.000  0.000  0.000  0.000  0.000-38.939   0.00
 8 219 957 1 1 2 7 1674.5847 1675.5881
 13.121 -0.460-16.592-38.767-26.582  2.877  2.309-39.151  0.734
 -38.614-38.939-16.712-16.458  1.525  1.352-26.269-27.384  19.87
 8 319 952 2 2 4 3 1675.5881 1676.5938
 15.657 -0.845 -6.510 20.898 35.658  0.904  3.087 61.529  0.708
  21.422 20.387 -5.550 -7.444  0.446  0.458 35.957 34.027 -13.65
 8 319 952 2 5 7 7 1675.5881 1676.5938
 13.561 -0.528-16.131-26.582-13.929  2.309  2.799-19.281  0.005
 -26.269-27.384-16.236-15.861  1.661  0.648-13.803-14.024 -59.97
 8 419 945 1 2 3 5 1676.5938 1677.5958
 15.829 -0.293 -5.659 35.658 50.539  3.087  3.160 47.879 -0.151
  35.957 34.027 -5.330 -7.454  2.607  0.479 50.817 48.284 -26.29
 8 419 945 1 1 2 5 1676.5938 1677.5958
 13.839  0.681 -6.891-59.285-46.397 10.690 68.212 69.426  0.575
 -58.971-59.337 -6.061 -7.030  1.531  9.159-45.497-46.403 -13.35
 8 519 941 2 3 5 2 1677.5958 1678.5875
 13.701 -0.570 -7.574-46.397-33.781 68.212 68.532 56.079  0.984
 -45.497-46.403 -6.247 -7.582  0.454 67.758-33.779-35.859 -93.32
 8 819 946 2 0 2 1 1680.5924 1681.5938
 11.636  0.077 -7.008-33.781-23.108 68.532  1.264-40.446-10.053
  -7.708  0.000 -6.522  0.000 42.498  1.000  0.000  0.000   0.00
 8 919 945 4 610 5 1681.5938 1682.6333
 14.350  0.207 -5.829  5.335 19.236 41.442 37.371-59.869 -1.220
   5.632  3.747 -6.339 -3.108 34.898  6.543 20.889 19.203 108.09
 8 919 945 4 2 6 6 1681.5938 1682.6333
 11.746 -0.971 -9.548 -7.952  3.242  5.450 12.666 59.489  1.222
  -7.857 -9.466 -9.389-12.082  5.129  0.322  4.517  2.651-124.38
 8 919 945 0 0 1 1 1681.5938 1682.6333
 13.994 -0.085 -7.085-23.108 -9.578  1.264  1.104  0.000  0.000
   0.000  0.000  0.000  0.000  0.000  0.000  0.000  0.000   0.00
 8 919 945 4 3 7 3 1681.5938 1682.6333
 13.871 -0.311 -6.918-44.563-31.160 15.852 11.224-43.641 -2.770
 -42.370-44.762 -8.994 -6.730  1.319 14.533-31.095-31.600  54.01
 81019 848 4 1 5 1 1682.6333 1683.5917
 14.754  0.088 -6.044 19.236 32.437 37.371 66.810 48.220 -2.516
  20.889 19.203 -4.204 -6.080  0.714 36.656  0.000  0.000   0.00
 81019 848 3 3 6 8 1682.6333 1683.5917
 14.614 -0.628 -8.539  3.242 16.309 12.666 15.698-64.891 -1.054
   4.517  2.651-11.230 -7.293  4.010  8.657 18.715 15.631  42.91
 81019 848 0 0 1 1 1682.6333 1683.5917
 14.536  0.332 -6.997 -9.578  3.415  1.104  0.974  0.000  0.000
   0.000  0.000  0.000  0.000  0.000  0.000  0.000  0.000   0.00
 81019 848 2 1 3 8 1682.6333 1683.5917
 14.973  0.324 -6.595-31.160-17.749 11.224 10.926 10.369  0.259
 -31.095-31.600 -6.583 -6.675  9.766  1.458-17.201-17.974 -15.38
 81119 948 0 0 1 2 1683.5917 1684.5930
 13.806 -0.325 -6.129 32.437 45.282 66.810 34.960  0.000  0.000
   0.000  0.000  0.000  0.000  0.000  0.000  0.000 44.879   0.00
 81119 948 1 7 8 8 1683.5917 1684.5930
 15.645 -0.156 -7.937 16.309 30.996 15.698  8.078-21.976 -0.934
  18.715 15.631 -8.898 -7.666  3.453 12.245 31.892 29.828  -7.95
 81119 948 4 4 8 6 1683.5917 1684.5930
 13.609 -0.430 -6.905-17.749 -5.102 10.926 24.524 -5.015 -0.026
 -17.201-17.974 -6.953 -6.886  3.178  7.749 -4.781 -5.529   3.71
 81219 945 1 1 2 2 1684.5930 1685.5938
 14.910  0.613 -5.803 45.282 59.222 34.960 25.169 30.593  0.246
  45.557 44.879 -5.642 -6.040 20.808 14.152 59.311 58.353  -8.17
 81219 945 2 6 8 3 1684.5930 1685.5938
 14.448  0.290 -7.781 30.996 44.475  8.078  9.782-29.924 -0.890
  31.892 29.828 -8.292 -7.115  4.572  3.506 45.062 43.813  -2.84
 81219 945 3 3 6 7 1684.5930 1685.5938
 14.136  0.025 -6.475 -5.102  8.065 24.524  9.808 -1.302  0.275
  -4.781 -5.529 -6.482 -6.465 14.013 10.511  8.541  7.529  -7.82
 81319 945 2 1 3 2 1685.5938 1686.6361
 14.446  1.030 -8.071 44.475 58.512  9.782  5.195-32.761  0.186
  45.062 43.813 -8.445 -7.649  5.184  4.598 58.832 57.993 -27.24
 81319 945 3 4 7 2 1685.5938 1686.6361
 14.351  0.313 -6.500  8.065 22.003  9.808  6.932 -9.122 -0.261
   8.541  7.529 -6.576 -6.414  5.195  4.613 22.168 21.444  27.52
 81319 945 1 1 2 1 1685.5938 1686.6361
 13.282  0.200-13.326-52.358-39.534  2.675  7.189 47.799 -0.337
 -52.354-52.587-13.321-13.571  2.625  0.050  0.000  0.000   0.00
 81419 843 1 1 2 4 1686.6361 1687.5917
 13.924  0.777 -6.827 22.003 34.372  6.932 33.676 18.403 -0.091
  22.168 21.444 -6.772 -7.011  5.348  1.584 34.671 34.005 -10.83
 81419 843 0 0 1 1 1686.6361 1687.5917
 13.155 -0.071-13.534-39.534-27.899  7.189 13.629  0.000  0.000
   0.000  0.000  0.000  0.000  0.000  0.000  0.000  0.000   0.00
 81819 939 0 0 1 2 1690.5972 1691.5972
 14.458 -0.621-14.316 11.754 25.233  5.006  2.114  0.000  0.000
   0.000  0.000  0.000  0.000  0.000  0.000  0.000 25.191   0.00
 81819 939 8 81613 1690.5972 1691.5972
 15.933 -1.101 -2.591 -7.158  7.796 42.341 98.092 12.248 -6.062
  -3.991-12.932 -1.904 -3.843 27.346 14.995  9.671  6.616  -5.33
 81819 939 2 5 7 3 1690.5972 1691.5972
 14.419  0.006  3.647 -6.463  6.976 52.100 57.823-54.501  0.056
  -5.868 -6.584  4.480  3.478  8.782 43.318  7.889  6.952  11.13
 81819 939 2 6 810 1690.5972 1691.5972
 14.181 -0.058  5.778-19.523 -6.321 13.416 26.623 19.297 -0.458
 -16.654-20.638  4.779  6.167  3.755  9.662 -4.581 -8.037   3.96
 81819 939 0 0 1 2 1690.5972 1691.5972
 14.614  0.641 -9.515-37.557-23.922  6.770 10.637  0.000  0.000
   0.000  0.000  0.000  0.000  0.000  0.000  0.000-23.923   0.00
 81919 939 1 1 2 1 1691.5972 1692.6000
 12.985  1.138-13.696 25.233 37.271  2.114 12.063 75.180 -0.353
  25.284 25.191-13.508-13.849  0.951  1.163  0.000  0.000   0.00
 81919 939 5 81313 1691.5972 1692.6000
 13.671  0.437 -1.490  7.796 20.522 98.092 58.090  6.915  2.939
   9.671  6.616 -1.263 -1.633 37.893 60.198 22.515 16.501  -4.30
 81919 939 1 1 2 1 1691.5972 1692.6000
 13.397 -1.662-10.156-23.922-11.471 10.637  5.802-89.375 -0.225
 -23.921-23.923-10.311-10.086  3.311  7.326  0.000  0.000   0.00
 81919 939 0 0 1 1 1691.5972 1692.6000
 13.068 -1.349-11.437-34.013-21.891  2.394  0.546  0.000  0.000
   0.000  0.000  0.000  0.000  0.000  0.000  0.000  0.000   0.00
 81919 939 2 6 8 6 1691.5972 1692.6000
 14.611  0.312 10.309  1.287 14.957  9.330 28.748 16.623  1.746
   1.729 -1.759 10.180 11.204  8.149  1.182 16.849 11.554  -4.35
 82019 935 4 913 9 1692.6000 1693.5951
 12.183  0.661 -1.928 20.522 31.671 58.090112.638  2.610  3.973
  22.515 16.501 -1.837 -2.111 38.841 19.249 36.553 26.745   8.58
 82019 935 9213016 1692.6000 1693.5951
 15.461 -0.365  4.206 16.805 31.215116.481 88.887 13.608  2.136
  20.383  8.207  3.342  6.282 82.247 34.234 34.381 20.133   0.06
 82019 935 0 0 1 1 1692.6000 1693.5951
 14.748  0.181 -8.489-11.471  2.231  5.802  4.891  0.000  0.000
   0.000  0.000  0.000  0.000  0.000  0.000  0.000  0.000   0.00
 82119 942 2 3 5 3 1693.5951 1694.5875
 13.299  1.708 11.170 24.702 36.927  7.198 11.222 48.331 -0.563
  25.377 24.292 10.426 11.622  2.718  4.480 37.614 36.921   1.05
 82119 942 0 0 1 2 1693.5951 1694.5875
 14.876  0.613  9.964 31.387 45.176 25.379 29.066  0.000  0.000
   0.000  0.000  0.000  0.000  0.000  0.000  0.000 45.104   0.00
 82119 942 0 0 1 3 1693.5951 1694.5875
 14.686 -0.726 -8.669  2.231 15.833  4.891 19.019  0.000  0.000
   0.000  0.000  0.000  0.000  0.000  0.000  0.000 15.812   0.00
 82219 953 2 1 3 6 1694.5875 1695.5945
 14.288  0.208 -7.948 15.833 29.234 19.019  5.405-15.572  0.272
  16.926 15.812 -8.250 -7.943  0.346 18.673 30.082 29.170 -34.87
 82219 953 6 410 6 1694.5875 1695.5945
 14.268 -0.316  7.802 32.920 46.300  4.802  0.400 16.637 -0.211
  34.753 32.103  7.259  8.044  1.481  3.322 47.758 45.814  23.72
 82219 953 1 1 2 3 1694.5875 1695.5945
 14.158  0.367-14.944-54.682-41.412 12.113  2.499 14.040 -3.251
 -54.666-58.537-14.940-15.875 12.063  0.050-41.329-41.932 -29.44
 82319 943 3 3 6 4 1695.5945 1696.6805
 14.162  0.363 -8.158 29.234 43.550  5.405 28.459-50.443 -0.347
  30.082 29.170 -9.174 -8.082  0.376  5.029 43.601 43.430 -30.45
 82319 943 1 2 3 3 1695.5945 1696.6805
 13.037  0.158-15.313-41.412-28.317  2.499  3.876-15.404  0.075
 -41.329-41.932-15.335-15.175  2.154  0.345-27.758-28.398  -9.31
 82319 943 2 2 4 4 1695.5945 1696.6805
 14.156 -0.470 -6.671-39.713-25.403  0.656  8.554-14.659  3.072
 -39.299-40.390 -6.778 -6.495  0.407  0.249-23.189-27.404  13.21
 82419 739 2 2 4 1 1696.6805 1697.6597
 13.637  1.216 -8.552 43.550 55.943 28.459  1.809-80.896 -1.069
  43.601 43.430 -8.863 -7.807 20.077  8.382  0.000  0.000   0.00
 82419 739 2 1 3 2 1696.6805 1697.6597
 12.954 -0.990-15.485-28.317-16.593  3.876  4.020-24.716 -0.012
 -27.758-28.398-15.733-15.449  0.488  3.388-16.413-16.628 -47.10
 82419 739 2 2 414 1696.6805 1697.6597
 14.161 -0.483 -6.160-25.403-12.497  8.554 28.237 -1.447  0.309
 -23.189-27.404 -6.216 -6.110  4.061  4.493-10.053-14.574  -0.54
 82519 8 9 1 1 2 1 1697.6597 1698.8889
 12.572  0.543-14.516-16.593 -2.345  4.020  1.809-71.818 -0.667
 -16.413-16.628-15.047-14.413  0.649  3.371  0.000  0.000   0.00
 82519 8 9 6 81416 1697.6597 1698.8889
 13.880  0.911 -5.688-12.497  3.359 28.237 13.895 -1.985  0.891
 -10.053-14.574 -5.772 -5.616 12.974 15.263  5.595  0.175  -1.41
 82619 239 0 0 1 1 1698.8889 1699.6472
 14.264  1.076-15.183 -2.345  7.728  1.809  0.050  0.000  0.000
   0.000  0.000  0.000  0.000  0.000  0.000  0.000  0.000   0.00
 82719 827 0 0 1 1 1699.6472 1700.6041
 16.827 -1.205-15.999  7.728 22.893  0.050 10.260  0.000  0.000
   0.000  0.000  0.000  0.000  0.000  0.000  0.000  0.000   0.00
 82819 930 0 0 1 2 1700.6041 1701.5972
 14.088 -0.094-14.846 22.893 35.909 10.260  2.181  0.000  0.000
   0.000  0.000  0.000  0.000  0.000  0.000  0.000 35.752   0.00
 82919 939 1 1 2 2 1701.5972 1702.6125
 15.029 -0.062 -5.818 44.325 58.588 11.450 23.797 82.750  0.746
  44.340 44.289 -5.698 -6.101  8.052  3.397 58.590 57.470 -68.09
 82919 939 4 3 7 2 1701.5972 1702.6125
 14.894  0.498 -7.333 36.909 51.036  4.444  0.100 68.147 -0.096
  37.047 36.841 -6.992 -7.502  1.477  2.967 51.077 50.994  11.35
 83019 918 6 61214 1702.6125 1703.6931
 13.872 -0.314-15.292-31.393-17.463  2.655 37.308-18.682  1.446
 -29.906-32.491-15.777-14.934  1.128  1.527-14.904-19.121  15.98
 83119 722 6 81414 1703.6931 1704.6007
 15.826 -0.696-14.953-17.463 -3.990 37.308 22.755 -2.703  0.552
 -14.904-19.121-15.069-14.877 14.667 22.641 -1.504 -6.257  -3.08
 83119 722 0 0 1 1 1703.6931 1704.6007
 14.189  0.535 -7.183-57.616-45.628  0.896  4.284  0.000  0.000
   0.000  0.000  0.000  0.000  0.000  0.000  0.000  0.000   0.00
 83119 722 1 1 2 2 1703.6931 1704.6007
 14.390 -0.663 16.799-30.936-18.766  4.419  0.570 -1.039 -2.876
 -30.899-34.216 16.800 16.742  4.369  0.050-18.510-18.791 -24.85
 9 119 934 6 81412 1704.6007 1705.6014
 15.416  0.594-14.321 -3.990 10.455 22.755 43.406 -5.779  0.121
  -1.504 -6.257-14.565-14.099 10.855 11.900 11.843  6.927   5.77
 9 119 934 0 0 1 1 1704.6007 1705.6014
 13.957 -0.365 -7.668-45.628-32.643  4.284  1.315  0.000  0.000
   0.000  0.000  0.000  0.000  0.000  0.000  0.000  0.000   0.00
 9 219 933 4 81214 1705.6014 1706.6090
 12.346 -0.892-14.915 10.455 21.906 43.406 38.710 -0.010 -0.023
  11.843  6.927-14.915-14.914 31.148 12.258 24.801 19.995   9.50
 9 219 933 0 0 1 2 1705.6014 1706.6090
 14.013 -0.725 -7.303-32.643-19.511  1.315  3.721  0.000  0.000
   0.000  0.000  0.000  0.000  0.000  0.000  0.000-19.515   0.00
 9 319 922 7 71412 1706.6090 1707.6111
 13.532  0.454-14.016 21.906 34.482 38.710 40.348  9.494 -0.660
  24.801 19.995-13.546-14.326 15.392 23.318 36.888 32.754   0.83
 9 319 922 1 1 2 2 1706.6090 1707.6111
 14.717 -0.013 -6.573-19.511 -5.747  3.721  1.793-88.235 -0.068
 -19.507-19.515 -6.716 -6.461  1.623  2.098 -5.737 -5.753   2.88
 9 319 922 1 1 2 6 1706.6090 1707.6111
 14.103  0.583 11.555  2.407 15.556  7.428  0.403 54.453  2.463
   2.464  2.319 11.476 11.675  4.489  2.938 16.945 14.186 -49.58
 9 419 919 6 61215 1707.6111 1708.6125
 14.109 -1.182-14.471 34.482 47.628 40.348 50.851 10.323  1.098
  36.888 32.754-14.047-14.776 16.864 23.483 50.585 45.441   3.97
 9 419 919 4 2 6 8 1707.6111 1708.6125
 14.958  0.569 12.139 15.556 29.552  0.403  2.243  4.875 -0.347
  16.945 14.186 12.023 12.253  0.200  0.203 30.146 27.741   1.41
 9 519 91812 315 6 1708.6125 1709.6125
 11.779  0.534-13.287 47.628 58.426 50.851 37.726 14.289 -1.112
  50.585 45.441-12.554-13.829 21.619 29.232 60.071 57.218  32.60
 9 519 918 4 4 8 3 1708.6125 1709.6125
 17.184  0.042 12.709 29.552 45.754  2.243  6.248  6.285 -1.941
  30.146 27.741 12.645 12.903  1.689  0.554 45.922 45.731  57.27
 9 619 918 1 2 3 2 1709.6125 1710.6035
 15.036 -1.087 12.751 45.754 59.681  6.248  6.722 63.552 -0.085
  45.922 45.731 12.421 12.797  0.766  5.482 59.682 59.567   6.76
 9 919 8 3 3 4 711 1712.6646 1713.6167
 13.848  0.455-15.600-39.180-26.931 15.559 23.406 19.623 -1.444
 -38.493-42.867-15.363-16.865 13.113  2.446-26.006-28.171  26.97
 91019 911 3 81110 1713.6167 1714.6146
 14.539  1.189-16.033-26.931-13.403 23.406 21.923 46.594 -0.071
 -26.006-28.171-15.093-17.293 13.407  9.999-12.008-15.104 -46.29
 91019 911 1 1 2 4 1713.6167 1714.6146
 12.053 -0.880 -1.440-52.417-41.369 39.108102.385-70.126  2.818
 -51.823-52.451 -3.081 -1.346  2.119 36.989-39.622-42.549 121.25
 91019 911 2 1 3 4 1713.6167 1714.6146
 15.151 -1.637  2.196-55.508-41.369 72.895102.385 74.685  3.856
 -55.468-55.681  2.050  2.828 59.181 13.714-39.622-42.549 -23.56
 91119 915 4 61013 1714.6146 1715.6160
 13.995 -0.586-17.220-13.403 -0.373 21.923 33.136  0.309  2.062
 -12.008-15.104-17.212-17.228 12.045  9.878  1.334 -2.959  34.67
 91119 915 2 2 4 2 1714.6146 1715.6160
 16.146  0.927  0.562-41.369-26.184102.385 19.445 51.125 -3.954
 -39.622-42.549 -1.605  2.026 41.270 61.114-25.996-26.438   0.38
 91219 912 4 913 3 1715.6160 1716.6146
 11.736  1.460-16.633 -0.373 10.365 33.136  0.320 34.979 -4.292
   1.334 -2.959-15.489-18.367 19.963 13.173 10.805 10.166 -68.23
 91219 912 1 1 2 2 1715.6160 1716.6146
 15.186 -0.087 -1.491-26.184-12.000 19.445 34.169 51.507 -0.195
 -25.996-26.438 -1.255 -1.810 11.178  8.268-11.789-12.187 -12.11
 91219 912 1 2 3 1 1715.6160 1716.6146
 15.613  0.142  1.892-29.375-14.766 56.552 27.369 20.516 -3.190
 -29.361-32.350  1.887  3.004 56.277  0.276  0.000  0.000   0.00
 91319 915 2 1 3 5 1716.6146 1717.6083
 12.899 -1.347-15.306 17.268 29.110 17.789 28.302-21.592  0.353
  18.499 14.517-15.775-14.255 12.293  5.496 31.261 26.804   6.33
 91319 915 2 1 3 3 1716.6146 1717.6083
 13.682 -0.590-18.091 10.365 22.985  0.320  0.284-33.248  1.274
  10.805 10.166-18.365-17.967  0.100  0.220 23.305 21.486   3.37
 91319 915 1 1 2 2 1716.6146 1717.6083
 13.256 -0.135 -1.404-12.000  0.197 34.169 26.320 39.398  0.077
 -11.789-12.187 -1.231 -1.558 16.043 18.126  0.480  0.056   4.88
 91319 915 0 0 1 1 1716.6146 1717.6083
 13.290  0.156  2.034-14.766 -2.535 27.369 47.238  0.000  0.000
   0.000  0.000  0.000  0.000  0.000  0.000  0.000  0.000   0.00
 91419 923 1 4 5 2 1717.6083 1718.6306
 15.155 -0.692-13.967 29.110 43.597 28.302 14.284-15.262  0.301
  31.261 26.804-14.536-13.356 14.641 13.661 44.886 40.251  -4.19
 91419 923 2 1 3 1 1717.6083 1718.6306
 14.580 -0.637-17.505 22.985 36.884  0.284  0.145-29.879 -2.002
  23.305 21.486-17.681-16.684  0.234  0.050  0.000  0.000   0.00
 91419 923 1 1 2 3 1717.6083 1718.6306
 12.759  0.003 -1.271  0.197 12.235 26.320 86.395 44.274  3.514
   0.480  0.056 -0.994 -1.407  8.716 17.604 13.837 11.222   6.18
 91419 923 0 0 1 3 1717.6083 1718.6306
 15.432 -0.896  2.189 -2.535 12.235 47.238 86.395  0.000  0.000
   0.000  0.000  0.000  0.000  0.000  0.000  0.000 11.222   0.00
 91519 852 1 1 2 2 1718.6306 1719.6049
 12.749  2.022-13.259 43.597 55.060 14.284 28.803-19.456 -0.128
  44.886 40.251-13.702-12.109 10.311  3.973 56.759 52.308  -3.33
 91519 852 2 1 3 3 1718.6306 1719.6049
 15.440  0.168  1.273 12.235 26.320 86.395 30.935 50.450 -3.470
  13.837 11.222 -0.666  2.499 33.464 52.931 26.545 26.007 -18.22
 91919 850 1 1 2 6 1722.6312 1723.6493
 11.762 -0.876-14.045-56.830-45.857 16.114 13.572 20.123  3.977
 -56.815-57.935-14.039-14.438 15.898  0.215-44.436-49.687 -25.44
 92019 824 2 4 6 9 1723.6493 1724.6320
 14.028  0.939-13.153-45.857-33.039 13.572 16.805 -5.319  0.843
 -44.436-49.687-13.282-12.806  9.900  3.672-31.579-37.727   1.25
 92019 824 1 5 6 7 1723.6493 1724.6320
 12.139  0.553 -4.659-36.405-25.444 18.233 12.755 -1.667  1.495
 -36.166-39.215 -4.666 -4.578 16.804  1.430-22.886-27.405   8.76
10 719 843 0 0 1 1 1740.6361 1741.6348
 14.063  0.583  3.334-55.348-42.289 30.704 39.592  0.000  0.000
   0.000  0.000  0.000  0.000  0.000  0.000  0.000  0.000   0.00
101119 642 4 5 910 1744.7201 1745.6348
 15.539 -1.292-15.053-12.999  0.311 48.994 24.208 -5.224  2.067
  -9.971-15.808-15.320-14.805 23.578 25.416  4.135 -3.823   6.41
101119 642 0 0 1 4 1744.7201 1745.6348
 14.831  0.638  2.054 -1.403 11.259 43.007 61.338  0.000  0.000
   0.000  0.000  0.000  0.000  0.000  0.000  0.000 11.215   0.00
101119 642 4 1 5 4 1744.7201 1745.6348
 15.178 -1.034 -5.721-21.527 -8.548 21.856 13.339 18.666  0.556
 -21.293-21.879 -5.642 -5.839 13.122  8.734 -8.115 -9.065  17.41
101119 642 6 410 3 1744.7201 1745.6348
 14.448  0.685 10.365-29.506-17.194 60.048 40.540  7.980 -0.615
 -25.562-31.522  9.821 10.643 20.307 39.740-13.326-18.693  -1.39
101119 642 1 1 2 2 1744.7201 1745.6348
 15.709  1.065  9.097 27.563 41.029 11.741 18.998-67.882  1.999
  27.828 27.521  9.741  8.993  1.630 10.111 41.404 38.561  64.11
101219 845 3 1 4 5 1745.6348 1746.6312
 14.156 -0.102  2.637 11.259 24.383 61.338 48.537-42.594  0.219
  13.495 11.215  4.690  2.597  1.183 60.155 27.365 24.301  20.11
101219 845 4 61021 1745.6348 1746.6312
 15.496 -0.038-13.871  0.311 14.771 24.208 45.504  1.189 -1.845
   4.135 -3.823-13.794-13.954 12.576 11.632 17.030 11.222  15.35
101219 845 3 1 4 4 1745.6348 1746.6312
 14.207 -0.082 -4.775 -8.548  4.628 13.339  8.046 36.074 -0.038
  -8.115 -9.065 -4.461 -5.151  7.268  6.070  5.186  4.323   4.57
101219 845 2 1 3 7 1745.6348 1746.6312
 16.092 -0.072 10.992-17.194 -2.140 40.540 10.050  6.592  0.004
 -13.326-18.693 10.553 11.162 11.325 29.216 -0.021 -5.392  -0.04
101219 845 1 1 2 6 1745.6348 1746.6312
 13.321 -1.017 10.071 41.029 53.321 18.998 20.596 -3.771  1.110
  41.404 38.561 10.096  9.911 16.488  2.510 55.425 51.537  15.16
101319 850 4 1 5 2 1746.6312 1747.6354
 13.716 -0.536  2.535 24.383 37.166 48.537 25.469-22.488 -2.827
  27.365 24.301  3.768  2.501  1.307 47.230 37.233 36.993 -37.98
101319 85010112119 1746.6312 1747.6354
 13.147  0.578-13.834 14.771 26.983 45.504 59.288 16.540  0.668
  17.030 11.222-13.182-14.857 27.808 17.696 29.175 22.464  -9.32
101319 850 3 1 4 4 1746.6312 1747.6354
 14.195 -0.074 -4.693  4.628 17.892  8.046  1.410 40.643  0.353
   5.186  4.323 -4.216 -4.954  2.844  5.202 18.679 17.237 -25.91
101319 850 2 5 7 2 1746.6312 1747.6354
 15.810  0.426 10.920 -2.140 12.746 10.050  7.428  6.551 -2.912
  -0.021 -5.392 10.682 11.287  6.085  3.965 13.149 11.810  50.24
101419 845 9101915 1747.6354 1748.6542
 13.932  0.003-14.414 26.983 40.172 59.288 27.145  7.221 -1.223
  29.175 22.464-14.145-14.968 39.925 19.363 43.703 38.311   4.28
101419 845 1 1 2 1 1747.6354 1748.6542
 14.478  0.918  1.996 37.166 50.911 25.469 28.636-60.464 -0.486
  37.233 36.993  2.114  1.691 18.397  7.072  0.000  0.000   0.00
101419 845 1 1 2 2 1747.6354 1748.6542
 14.865 -0.044 11.348 12.746 26.885  7.428  3.867 56.794  0.015
  13.149 11.810 10.745 12.750  5.192  2.235 26.923 25.953   9.98
101519 818 6 91510 1748.6542 1749.6389
 16.931 -1.298-14.417 40.172 55.873 27.145 20.687 11.500  1.555
  43.703 38.311-13.721-14.783  9.365 17.780 57.107 50.164  -0.68
101519 818 1 1 2 1 1748.6542 1749.6389
 14.387  0.701 11.303 26.885 40.080  3.867  1.808 66.775 -2.411
  26.923 25.953 11.216 13.431  3.714  0.153  0.000  0.000   0.00
101519 818 4 1 5 4 1748.6542 1749.6389
 15.635 -0.945-16.948-48.249-33.824 10.168  7.135 22.845  1.579
 -45.197-48.484-15.718-17.043  0.727  9.441-31.611-36.608  -7.07
101619 839 0 0 1 1 1749.6389 1750.8125
 14.168 -0.571 11.994 40.080 55.551  1.808  0.623  0.000  0.000
   0.000  0.000  0.000  0.000  0.000  0.000  0.000  0.000   0.00
101919 845 1 4 5 4 1752.6348 1753.6354
 16.318 -1.051-15.977 10.471 25.814  2.893  5.891 -1.419 -0.939
  10.698  8.698-15.983-15.935  2.564  0.329 25.875 24.859  -2.89
102619 839 1 1 2 1 1759.6389 1760.7570
 14.018 -0.012 -9.527  5.062 19.632  7.459 12.594 51.537 -0.702
   5.078  4.635 -9.508-10.058  7.196  0.263  0.000  0.000   0.00
102619 839 0 0 1 1 1759.6389 1760.7570
 13.929 -1.097-14.358-46.755-32.285  9.926 13.163  0.000  0.000
   0.000  0.000  0.000  0.000  0.000  0.000  0.000  0.000   0.00
102719 549 0 0 1 1 1760.7570 1761.7118
 13.588  0.639 -9.514 19.632 31.666 12.594 10.648  0.000  0.000
   0.000  0.000  0.000  0.000  0.000  0.000  0.000  0.000   0.00
102719 549 0 0 1 1 1760.7570 1761.7118
 13.652  0.415-13.132-32.285-20.191 13.163 11.796  0.000  0.000
   0.000  0.000  0.000  0.000  0.000  0.000  0.000  0.000   0.00
102819 654 0 0 1 1 1761.7118 1762.6320
 13.907  1.155-10.124 31.666 43.554 10.648  5.146  0.000  0.000
   0.000  0.000  0.000  0.000  0.000  0.000  0.000  0.000   0.00
102819 654 0 0 1 1 1761.7118 1762.6320
 13.344  0.044-13.528-20.191 -8.820 11.796 12.674  0.000  0.000
   0.000  0.000  0.000  0.000  0.000  0.000  0.000  0.000   0.00
102819 654 1 1 2 1 1761.7118 1762.6320
 12.520 -0.640-19.883-40.183-29.570  1.112  8.377 26.610 -1.405
 -38.907-40.243-19.282-19.911  0.050  1.062  0.000  0.000   0.00
102819 654 5 3 816 1761.7118 1762.6320
 13.574  1.167 13.003-52.510-40.928 99.525 79.086-11.114  2.740
 -50.869-52.980 13.318 12.913 22.147 77.379-39.623-43.903  41.98
102819 654 2 3 5 6 1761.7118 1762.6320
 14.458 -0.540 12.104 30.519 42.915  4.853 19.267  2.411 -0.307
  31.939 27.048 12.045 12.246  3.444  1.409 44.481 39.912  -4.58
102919 849 0 0 1 1 1762.6320 1763.6750
 14.411 -0.942-11.187 43.554 57.557  5.146  2.105  0.000  0.000
   0.000  0.000  0.000  0.000  0.000  0.000  0.000  0.000   0.00
102919 849 0 0 1 1 1762.6320 1763.6750
 14.203  0.499-13.569 -8.820  4.966 12.674 16.064  0.000  0.000
   0.000  0.000  0.000  0.000  0.000  0.000  0.000  0.000   0.00
102919 84910 61619 1762.6320 1763.6750
 13.206 -1.633 14.077-40.928-28.182 79.086 69.261 30.862 -0.722
 -39.623-43.903 13.321 15.802 54.970 24.116-25.816-29.994 -38.24
102919 849 0 0 1 2 1762.6320 1763.6750
 13.192 -0.429 12.959-52.728-39.996  0.100 10.020  0.000  0.000
   0.000  0.000  0.000  0.000  0.000  0.000  0.000-41.403   0.00
102919 849 4 2 610 1762.6320 1763.6750
 12.251  1.340 11.606 42.915 54.664 19.267 21.829 -2.167  0.167
  44.481 39.912 11.664 11.495 12.660  6.606 58.079 53.435  15.32
103019 747 0 0 1 1 1763.6750 1764.7396
 15.520 -2.498-14.090  4.966 20.438 16.064  4.162  0.000  0.000
   0.000  0.000  0.000  0.000  0.000  0.000  0.000  0.000   0.00
103019 74710 919 8 1763.6750 1764.7396
 14.461 -0.674 12.374-28.182-13.837 69.261 58.691 -7.379  0.672
 -25.816-29.994 12.674 12.145 30.038 39.223-10.988-15.835  -0.06
103119 615 3 5 831 1764.7396 1765.6403
 15.960  1.518 11.657-13.837 -0.350 58.691 87.544 -7.443  1.579
 -10.988-15.835 12.021 11.401 24.193 34.498  3.382 -3.093  15.12
11 119 837 4 812 1 1765.6403 1766.6528
 14.483  1.433-23.492 11.129 24.794 30.930  4.510 28.556 -3.810
  12.935  9.286-22.590-24.412 15.618 15.312  0.000  0.000   0.00
11 119 83717143124 1765.6403 1766.6528
 13.392  0.107 13.024 -0.350 12.211 87.544 69.287  7.675  0.444
   3.382 -3.093 12.533 13.384 37.081 50.463 16.610  9.630  -4.20
11 219 819 1 1 2 1 1766.6528 1767.6410
 13.901  0.307-13.451 43.657 56.419 16.067  7.663-15.943 -0.933
  43.660 42.737-13.452-13.195 16.017  0.050  0.000  0.000   0.00
11 219 819 0 0 1 2 1766.6528 1767.6410
 13.869  0.588-20.529 30.625 43.355 17.874  0.249  0.000  0.000
   0.000  0.000  0.000  0.000  0.000  0.000  0.000 43.276   0.00
11 219 819 0 0 1 1 1766.6528 1767.6410
 12.505  0.184-24.943 24.794 36.176  4.510  2.397  0.000  0.000
   0.000  0.000  0.000  0.000  0.000  0.000  0.000  0.000   0.00
11 219 819 6 2 8 7 1766.6528 1767.6410
 12.158  0.229-15.060-34.986-23.945  8.810 10.163  2.617  1.757
 -33.296-37.138-14.985-15.155  4.936  3.874-19.852-25.505   1.98
11 219 81912122424 1766.6528 1767.6410
 14.758 -0.492 13.132 12.211 25.819 69.287 83.999  3.480  1.123
  16.610  9.630 12.871 13.285 25.617 43.670 31.247 23.165  -9.73
11 319 837 1 1 2 5 1767.6410 1768.6702
 13.942 -0.416-21.110 43.355 56.689  0.249 16.303 50.600  0.869
  43.672 43.276-20.751-21.200  0.050  0.199 57.286 56.139 -92.84
11 319 837 1 1 2 2 1767.6410 1768.6702
 14.196  0.394-20.340 36.913 50.508  0.694  3.087 45.896 -0.509
  37.670 36.693-19.608-20.553  0.156  0.538 50.593 49.799 -22.69
11 319 837 4 3 714 1767.6410 1768.6702
 16.590 -1.200-15.286-23.945 -7.886 10.163 30.238  4.598 -1.610
 -19.852-25.505-14.968-15.407  2.804  7.359 -6.146-10.113  -0.35
11 319 837 0 0 1 1 1767.6410 1768.6702
 14.019  0.783  3.569-58.131-44.718 35.348 11.049  0.000  0.000
   0.000  0.000  0.000  0.000  0.000  0.000  0.000  0.000   0.00
11 319 837121224 5 1767.6410 1768.6702
 12.516 -0.142 12.646 25.819 37.685 83.999 22.175 -6.249 -1.908
  31.247 23.165 13.226 12.362 27.587 56.412 38.849 32.778  16.62
11 419 754 6 814 6 1768.6702 1769.6945
 13.779  0.336-14.051 -7.886  5.218 30.238  8.712  4.249  0.419
  -6.146-10.113-13.925-14.211 16.974 13.263  7.025  2.669   5.32
11 419 754 0 0 1 1 1768.6702 1769.6945
 13.528  0.030  4.376-44.718-31.871 11.049 12.701  0.000  0.000
   0.000  0.000  0.000  0.000  0.000  0.000  0.000  0.000   0.00
11 419 754 3 1 4 8 1768.6702 1769.6945
 17.358  1.378 11.482 39.470 56.240  1.268 55.193-27.239  3.526
  42.669 37.830 13.096 10.655  0.430  0.838 59.856 50.822  20.95
11 519 719 2 4 6 7 1769.6945 1770.6486
 14.488  0.313-14.395  5.218 18.101  8.712 23.228  9.572  1.596
   7.025  2.669-14.099-14.811  5.099  3.614 19.586 13.515  -8.11
11 519 719 0 0 1 2 1769.6945 1770.6486
 14.803  0.208  4.406-31.871-18.688 12.701 30.506  0.000  0.000
   0.000  0.000  0.000  0.000  0.000  0.000  0.000-21.411   0.00
11 519 719 0 0 1 1 1769.6945 1770.6486
 14.835 -1.721 14.299 45.245 58.459 10.104  6.943  0.000  0.000
   0.000  0.000  0.000  0.000  0.000  0.000  0.000  0.000   0.00
11 619 826 1 6 7 2 1770.6486 1771.7118
 15.455  0.491-14.694 18.101 33.484 23.228 17.528  1.461 -5.272
  19.586 13.515-14.657-14.807 17.548  5.680 33.531 32.914  -9.76
11 619 826 1 1 2 1 1770.6486 1771.7118
 13.923 -0.262  4.604-18.688 -4.933 30.506 22.776 -7.610 -2.742
 -18.683-21.411  4.605  4.242 30.456  0.050  0.000  0.000   0.00
11 719 654 1 1 2 1 1771.7118 1772.6958
 14.669 -2.543-15.216 33.484 46.949 17.528 21.905 -8.296 -0.602
  33.531 32.914-15.223-15.136 16.205  1.323  0.000  0.000   0.00
11 719 654 0 0 1 2 1771.7118 1772.6958
 14.179  0.466  4.326 -4.933  8.049 22.776 18.782  0.000  0.000
   0.000  0.000  0.000  0.000  0.000  0.000  0.000  5.417   0.00
11 819 717 1 3 4 2 1772.6958 1773.7048
 11.756  0.390  4.785-17.861 -6.994 14.578 16.711 -8.798 -1.423
 -16.367-19.610  5.015  4.515  7.863  6.715 -6.988 -8.807  -2.71
11 819 717 0 0 1 1 1772.6958 1773.7048
 15.738  0.931 11.061-44.832-29.947  1.037  2.888  0.000  0.000
   0.000  0.000  0.000  0.000  0.000  0.000  0.000  0.000   0.00
11 819 717 1 1 2 1 1772.6958 1773.7048
 14.469 -0.293  4.785  8.049 21.654 18.782 15.914 -9.611 -2.667
   8.056  5.417  4.786  4.341 18.732  0.050  0.000  0.000   0.00
11 919 7 4 0 0 1 2 1773.7048 1774.6444
 14.022  1.023  4.489 21.654 33.902 15.914 18.959  0.000  0.000
   0.000  0.000  0.000  0.000  0.000  0.000  0.000 33.887   0.00
11 919 7 4 1 1 2 1 1773.7048 1774.6444
 13.853  0.193  5.178 -6.994  5.096 16.711 21.564-11.508 -1.848
  -6.988 -8.807  5.179  4.810 16.661  0.050  0.000  0.000   0.00
11 919 7 4 0 0 1 1 1773.7048 1774.6444
 14.278  0.247  5.259 -1.974 10.516 15.366  8.574  0.000  0.000
   0.000  0.000  0.000  0.000  0.000  0.000  0.000  0.000   0.00
11 919 7 4 0 0 1 2 1773.7048 1774.6444
 14.240 -0.538 12.000-29.947-17.493  2.888  4.371  0.000  0.000
   0.000  0.000  0.000  0.000  0.000  0.000  0.000-17.511   0.00
111019 831 1 1 2 1 1774.6444 1775.6945
 14.242  1.744  5.450 33.902 47.822 18.959 14.593-85.138 -0.393
  33.921 33.887  5.666  5.275  8.494 10.465  0.000  0.000   0.00
111019 831 0 0 1 1 1774.6444 1775.6945
 14.361  1.089  5.491 10.516 24.560  8.574  1.624  0.000  0.000
   0.000  0.000  0.000  0.000  0.000  0.000  0.000  0.000   0.00
111019 831 0 0 1 2 1774.6444 1775.6945
 14.109  1.399  5.360  5.096 18.875 21.564  3.538  0.000  0.000
   0.000  0.000  0.000  0.000  0.000  0.000  0.000 18.777   0.00
111019 831 1 1 2 1 1774.6444 1775.6945
 14.179  0.261 11.494-17.493 -3.640  4.371  6.771-80.728 -0.117
 -17.491-17.511 11.506 11.390  3.942  0.429  0.000  0.000   0.00
112419 749 3 1 422 1788.6736 1789.6702
 13.196  1.544 11.669-47.931-35.761 35.965 54.551  0.805  2.041
 -47.325-49.435 11.661 11.690 25.640 10.325-34.156-38.336   6.95
112919 756 1 1 2 2 1793.6687 1794.6653
 13.589  0.353-13.638-38.947-26.386 11.923  7.924-10.285 -2.504
 -38.913-41.786-13.644-13.137 11.782  0.142-26.216-26.486  48.52
112919 756 2 4 6 1 1793.6687 1794.6653
 15.828  0.005 15.591 -5.974  8.819  2.410  0.050 36.733 -2.536
  -4.922 -7.032 14.835 16.352  1.208  1.202  0.000  0.000   0.00
112919 756 41317 9 1793.6687 1794.6653
 15.603 -0.435 13.731 17.447 32.015 58.094 21.055 10.590 -3.918
  18.771 13.273 13.491 14.489 44.110 13.984 32.587 31.361  27.46
113019 8 1 1 1 2 1 1794.6653 1795.7813
 13.775 -0.159-13.990-26.386-12.111  7.924  8.072 38.230 -0.334
 -26.216-26.486-13.860-14.067  2.935  4.990  0.000  0.000   0.00
113019 8 1 0 0 1 5 1794.6653 1795.7813
 14.808 -1.259 15.596  8.819 24.246  0.050  6.178  0.000  0.000
   0.000  0.000  0.000  0.000  0.000  0.000  0.000 21.041   0.00
113019 8 1 2 2 4 1 1794.6653 1795.7813
 12.921 -0.617 16.134 22.525 35.847  2.413  0.050 15.068 -0.892
  22.723 21.826 16.083 16.314  1.882  0.531  0.000  0.000   0.00
113019 8 1 1 8 9 4 1794.6653 1795.7813
 14.453 -0.225 13.297 32.015 47.047 21.055 23.045 38.053  0.114
  32.587 31.361 12.862 13.796 11.238  9.817 47.745 46.383  -2.58
12 119 515 0 0 1 1 1795.7813 1796.9264
 14.494  0.991-13.813-12.111  3.360  8.072  4.344  0.000  0.000
   0.000  0.000  0.000  0.000  0.000  0.000  0.000  0.000   0.00
12 119 515 3 2 5 3 1795.7813 1796.9264
 14.459  1.799-15.488-53.874-38.443 11.544 13.775-62.622 -1.440
 -53.495-54.748-16.194-13.862  8.047  3.497-38.214-39.276  31.38
12 119 515 1 1 2 1 1795.7813 1796.9264
 14.296 -1.197  4.443-45.420-30.175  2.420  7.826-40.478 -0.501
 -45.046-45.428  4.762  4.437  0.050  2.370  0.000  0.000   0.00
12 219 145 0 0 1 2 1796.9264 1797.7291
 13.942 -0.473-14.947  3.360 13.763  4.344  6.242  0.000  0.000
   0.000  0.000  0.000  0.000  0.000  0.000  0.000 13.322   0.00
12 219 145 1 2 3 7 1796.9264 1797.7291
 13.572 -0.435-17.548-38.443-28.337 13.775 20.399-31.243  0.822
 -38.214-39.276-17.681-17.066 10.802  2.973-27.871-29.203 -19.40
12 219 145 0 0 1 1 1796.9264 1797.7291
 13.939 -0.429  3.073-30.175-19.775  7.826  4.347  0.000  0.000
   0.000  0.000  0.000  0.000  0.000  0.000  0.000  0.000   0.00
12 219 145 1 4 5 6 1796.9264 1797.7291
 13.093  0.583 12.508 44.821 54.543  9.387 16.144 11.512  2.375
  44.869 42.650 12.499 12.940  9.187  0.200 56.414 51.767  -2.41
12 819 739 1 1 2 2 1802.6805 1803.6632
 13.707  0.923-16.533 36.968 49.472  2.354  4.992 32.647 -0.306
  37.040 36.354-16.489-16.910  2.108  0.246 49.949 49.454 -28.16
12 819 739 1 2 3 1 1802.6805 1803.6632
 14.002 -0.226-12.229 22.551 35.345  1.989  2.687-26.870 -1.255
  23.018 21.873-12.461-11.893  1.179  0.810  0.000  0.000   0.00
12 819 739 2 2 4 1 1802.6805 1803.6632
 15.560  1.200 -4.535 29.159 43.483  4.283  0.147 12.113 -2.386
  31.340 29.000 -4.068 -4.569  0.292  3.991  0.000  0.000   0.00
12 919 8 4 0 0 1 1 1803.6632 1804.7084
 14.653  0.243-12.007 35.345 49.633  2.687  3.842  0.000  0.000
   0.000  0.000  0.000  0.000  0.000  0.000  0.000  0.000   0.00
12 919 8 4 1 1 2 2 1803.6632 1804.7084
 15.336  0.064  6.653-48.840-33.839  0.666  0.213 30.869 -3.536
 -48.583-52.016  6.500  8.538  0.616  0.050-33.707-33.879  35.99
121319 753 9 817 2 1807.6715 1808.9368
 14.849 -0.694  4.235-15.650  1.895 30.776  2.602 -3.072 -5.012
 -11.461-18.490  4.459  4.083 12.434 18.343  2.571  0.605  15.14
121319 753 1 1 2 1 1807.6715 1808.9368
 15.404  0.800 10.872-12.398  5.850  6.481  0.267-32.503 -1.796
 -11.116-12.658 11.675 10.710  1.090  5.390  0.000  0.000   0.00
121719 557 1 2 3 4 1811.7513 1812.6702
 17.165  2.147  5.319 38.835 53.704 20.777  5.351-31.222  1.554
  38.963 37.723  5.397  4.648 18.632  2.145 55.534 52.512  31.76
121719 557 0 0 1 2 1811.7513 1812.6702
 15.382 -1.598 16.918-18.662 -5.431  1.594  2.518  0.000  0.000
   0.000  0.000  0.000  0.000  0.000  0.000  0.000 -5.439   0.00
122219 630 1 4 5 1 1816.7291 1817.7645
 15.575 -0.818  4.175 13.481 28.592  6.710  2.400-25.745 -1.927
  13.736 11.995  4.297  3.460  5.728  0.982  0.000  0.000   0.00
122319 538 1 1 2 7 1817.7645 1818.7430
 14.898 -0.579-12.591-32.825-19.207  1.189  9.986  7.724 -1.617
 -29.688-32.962-12.176-12.609  0.050  1.139-18.909-19.656  55.27
122819 641 1 1 2 6 1822.7208 1823.6777
 14.135 -2.181-16.781 25.528 38.116  3.875  8.180 51.505  0.070
  26.949 25.240-15.070-17.126  0.651  3.224 38.910 36.733 -90.19
