 1 132 736 0 0 1 5 6209.6831 6210.6729
 14.190  0.550-12.704 24.986 38.059 12.512 24.428  0.000  0.000
   0.000  0.000  0.000  0.000  0.000  0.000  0.000 38.014   0.00
 1 132 736 2 2 4 4 6209.6831 6210.6729
 14.172 -0.424  5.719-30.324-17.269  3.574 10.575-11.764  0.241
 -30.039-31.999  5.778  5.372  3.054  0.520-15.844-18.007  27.06
 1 232 751 3 2 5 1 6210.6729 6211.7012
 14.114  0.203-13.248 38.059 51.568 24.428  9.401-79.701 -3.954
  38.740 38.014-16.896-13.006  1.524 22.904  0.000  0.000   0.00
 12332 712 1 1 2 1 6231.6992 6232.7388
 13.060 -0.087-12.712-45.066-32.507  4.450  6.361 33.667 -0.836
 -45.063-45.776-12.710-13.173  4.429  0.021  0.000  0.000   0.00
 12432 616 0 0 1 1 6232.7388 6233.6694
 14.208  0.094-12.621-32.507-20.196  6.361 10.502  0.000  0.000
   0.000  0.000  0.000  0.000  0.000  0.000  0.000  0.000   0.00
 22332 740 7 61311 6262.6797 6263.6797
 14.919  0.627  4.901-31.929-17.990 11.754 25.005 -1.154  1.427
 -30.421-33.848  4.932  4.863  6.583  5.171-14.968-19.807   7.09
 22532 740 4 61015 6264.6797 6265.6792
 15.301 -0.656  5.760-18.562 -4.252 25.091 45.673  8.299  0.131
 -15.520-20.009  5.318  5.970  8.087 17.004 -1.803 -6.264 -25.23
 22632 74110 51522 6265.6792 6266.6611
 14.126 -0.191  5.104 -4.252  8.656 45.673 24.811-16.936  2.350
  -1.803 -6.264  5.847  4.494 20.599 25.075 12.593  5.608  22.74
 22732 8 714 82219 6266.6611 6267.6680
 15.481 -0.003  4.917  8.656 23.257 24.811 27.416  5.808  1.141
  12.593  5.608  4.518  5.226 10.826 13.985 27.727 19.588  -1.04
 22832 757 7121910 6267.6680 6268.6904
 13.103  0.005  4.914 23.257 35.648 27.416 15.513  4.767  0.823
  27.727 19.588  4.543  5.219 12.358 15.058 41.234 32.326   3.11
 22932 725 5 3 8 3 6268.6904 6269.6777
 15.934 -0.100 12.964-48.475-33.710 22.177 15.839 -0.910 -3.133
 -47.721-51.452 12.976 12.918 17.691  4.486-33.519-33.768 -60.25
 22932 725 0 0 1 1 6268.6904 6269.6777
 13.673 -0.131 13.904-55.616-43.083 13.202  6.168  0.000  0.000
   0.000  0.000  0.000  0.000  0.000  0.000  0.000  0.000   0.00
 22932 725 5 510 7 6268.6904 6269.6777
 14.431  0.299  4.919 35.648 48.929 15.513 18.594  7.875 -1.275
  41.234 32.326  4.149  5.377  5.786  9.727 54.017 46.382   0.53
 3 132 744 1 1 2 1 6269.6777 6270.6743
 13.893 -0.002 -4.514-17.413 -4.547  7.632  0.050-14.988 -2.098
 -15.620-17.653 -4.993 -4.450  0.900  6.732  0.000  0.000   0.00
 3 132 744 0 0 1 4 6269.6777 6270.6743
 14.439 -0.896 13.775-43.083-29.672  6.168  5.925  0.000  0.000
   0.000  0.000  0.000  0.000  0.000  0.000  0.000-30.228   0.00
 3 132 744 1 2 3 3 6269.6777 6270.6743
 14.600 -0.120 12.866-33.710-20.139 15.839 13.921-61.160  0.847
 -33.519-33.768 13.204 12.762  3.711 12.128-20.102-21.486  58.42
 3 532 757 0 0 1 6 6273.6680 6274.6699
 13.082 -0.181 12.318 19.380 31.503 16.209 16.103  0.000  0.000
   0.000  0.000  0.000  0.000  0.000  0.000  0.000 26.993   0.00
 33032 8 5 0 0 1 1 6298.6626 6299.6147
 14.900 -0.257 13.215-10.473  2.775  1.958 12.380  0.000  0.000
   0.000  0.000  0.000  0.000  0.000  0.000  0.000  0.000   0.00
 33132 915 0 0 1 2 6299.6147 6300.6206
 13.604  0.022 12.971  2.775 15.473 12.380  2.254  0.000  0.000
   0.000  0.000  0.000  0.000  0.000  0.000  0.000 15.265   0.00
 4 132 9 5 1 1 2 1 6300.6206 6301.6401
 14.383 -0.407 12.993 15.473 29.131  2.254  6.599 -4.745 -0.352
  15.625 15.265 13.006 12.976  1.299  0.955  0.000  0.000   0.00
 4 232 837 0 0 1 2 6301.6401 6302.6758
 13.924  0.106 12.578 29.131 42.527  6.599  1.366  0.000  0.000
   0.000  0.000  0.000  0.000  0.000  0.000  0.000 42.444   0.00
 42232 741 2101216 6321.6792 6322.6104
 13.525  0.515  9.214-34.409-22.732 34.695 42.241  9.436  2.057
 -32.698-37.526  8.933  9.725 22.403 12.291-19.710-26.612  -0.47
 42332 920 7 916 9 6322.6104 6323.6689
 13.714  0.075  9.694-22.732 -9.262 42.241 29.943  8.967 -0.460
 -19.710-26.612  9.223 10.297 23.744 18.496 -5.858-12.329  -1.74
 51032 849 1 1 2 1 6339.6318 6340.5938
 13.836  0.436 -6.438-40.122-27.763  8.193 10.546-53.909 -0.363
 -39.927-40.142 -6.705 -6.412  0.743  7.449  0.000  0.000   0.00
 51132 945 0 0 1 3 6340.5938 6341.6001
 13.794  0.028 -6.858-27.763-14.874 10.546 10.024  0.000  0.000
   0.000  0.000  0.000  0.000  0.000  0.000  0.000-15.942   0.00
 51232 935 1 2 3 1 6341.6001 6342.6304
 14.191  0.600 -6.886-14.874 -1.265 10.024 14.851 -4.303 -1.084
 -14.853-15.942 -6.887 -6.806  9.834  0.190  0.000  0.000   0.00
 51332 852 0 0 1 1 6342.6304 6343.5952
 14.313  0.160 -7.504 -1.265 11.591 14.851 12.913  0.000  0.000
   0.000  0.000  0.000  0.000  0.000  0.000  0.000  0.000   0.00
 5173210 0 3 4 7 3 6346.5835 6347.6548
 16.758 -1.018  6.787-15.782  1.120 12.011  5.766  8.309 -5.640
 -13.556-19.700  6.464  7.355  7.660  4.351  1.257  1.047 -74.85
 51832 816 1 3 4 3 6347.6548 6348.5908
 14.248  0.480 10.868-46.144-33.728 21.827 11.259 10.399  0.700
 -45.319-46.785 10.720 10.984  9.544 12.284-33.176-35.227  11.22
 51832 816 1 1 2 5 6347.6548 6348.5908
 15.080  0.243  7.491 -5.549  7.646  0.453  3.779 41.280  6.040
  -5.357 -5.573  7.324  7.512  0.050  0.403 12.270  6.294 -20.71
 51832 816 1 2 3 2 6347.6548 6348.5908
 13.866  0.055  5.696  1.120 13.179  5.766  2.610-66.543 -0.203
   1.257  1.047  6.009  5.527  2.023  3.742 13.323 13.100  20.31
 52332 916 3 2 5 5 6352.6133 6353.5942
 14.058  0.276  4.166-36.933-24.104 34.024 31.846 51.547 -1.345
 -36.850-38.107  4.062  5.640 31.772  2.252-24.090-24.639 -16.26
 52332 916 2 2 4 5 6352.6133 6353.5942
 14.033  0.999 10.331 17.409 30.214 11.342 13.130  5.175 -1.834
  19.810 16.853 10.117 10.381  2.133  9.208 30.657 29.679 -33.13
 52432 943 3 2 5 1 6353.5942 6354.7896
 14.378  0.102  4.437-24.104 -8.096 31.846 23.851 35.286 -0.671
 -24.090-24.639  4.426  4.814 31.011  0.834  0.000  0.000   0.00
 52432 943 3 2 5 2 6353.5942 6354.7896
 14.642 -0.642 11.312 30.214 46.537 13.130  6.817-27.959  2.033
  30.657 29.679 11.542 11.033  7.178  5.952 48.730 45.560  29.81
 52532 5 2 0 0 1 8 6354.7896 6355.5938
 14.026 -0.253  4.559 -8.096  2.392 23.851 50.620  0.000  0.000
   0.000  0.000  0.000  0.000  0.000  0.000  0.000 -0.996   0.00
 52532 5 2 1 1 2 3 6354.7896 6355.5938
 14.827 -0.392 10.544 46.537 57.669  6.817 12.984  1.850 -0.194
  48.730 45.560 10.474 10.575  2.100  4.716 59.099 56.129   0.37
 52632 945 2 6 8 1 6355.5938 6356.6084
 15.368 -0.124  4.355  2.392 16.986 50.620 18.346-15.137 -3.828
   2.710 -0.996  4.441  3.442 46.268  4.352  0.000  0.000   0.00
 52732 923 0 0 1 1 6356.6084 6357.6016
 14.104  0.166  4.230 16.986 30.015 18.346 31.000  0.000  0.000
   0.000  0.000  0.000  0.000  0.000  0.000  0.000  0.000   0.00
 6 732 931 5 71212 6367.6025 6368.6118
 13.797  0.722 -6.039-15.484 -2.554 16.990 18.185  8.056  0.109
 -14.142-17.636 -5.850 -6.342 10.463  6.527 -0.599 -3.970  14.26
 6 732 931 1 1 2 4 6367.6025 6368.6118
 14.690  0.781 13.850-55.422-41.591  7.611  3.030-73.975  0.079
 -55.422-55.548 13.852 13.425  7.561  0.050-41.302-41.697 117.01
 6 832 918 5 712 9 6368.6118 6369.6025
 15.334 -0.489 -6.768 -2.554 11.669 18.185 10.290 22.317  0.727
  -0.599 -3.970 -5.971 -7.345  7.643 10.542 12.579  8.804   7.96
 6 832 918 2 2 4 1 6368.6118 6369.6025
 13.978 -0.554 14.638-41.591-28.713  3.030  2.892 43.035 -0.523
 -41.302-41.697 14.377 14.734  0.815  2.215  0.000  0.000   0.00
 6 932 931 6 3 9 4 6369.6025 6370.6006
 15.492 -0.542 -6.283 11.669 26.149 10.290 23.667 30.282  0.595
  12.579  8.804 -5.755 -7.946  7.808  2.481 26.158 21.555  -8.25
 6 932 931 0 0 1 1 6369.6025 6370.6006
 14.455 -0.062 14.089-28.713-15.268  2.892  0.050  0.000  0.000
   0.000  0.000  0.000  0.000  0.000  0.000  0.000  0.000   0.00
 61032 934 3 1 4 6 6370.6006 6371.5967
 14.219  0.357 -5.743 26.149 39.330 23.667 11.627 22.031 -3.005
  26.158 21.555 -5.739 -7.592 23.617  0.050 39.518 37.862   9.72
 61032 934 0 0 1 1 6370.6006 6371.5967
 13.963 -0.501 14.027-15.268 -2.341  0.050  1.714  0.000  0.000
   0.000  0.000  0.000  0.000  0.000  0.000  0.000  0.000   0.00
 61132 941 2 4 6 4 6371.5967 6372.6533
 14.165 -0.006 -6.099 39.330 53.264 11.627 16.537 31.748  0.123
  39.518 37.862 -5.983 -7.002 10.312  1.315 53.402 51.476 -53.29
 61832 942 0 0 1 2 6378.5952 6379.6279
 14.571 -0.336  1.271-47.662-33.628 12.066 20.096  0.000  0.000
   0.000  0.000  0.000  0.000  0.000  0.000  0.000-34.109   0.00
 61832 942 1 6 7 2 6378.5952 6379.6279
 14.007 -0.154  4.692-55.449-41.997 13.907 17.724  7.533 -4.452
 -55.259-60.324  4.667  5.334 13.386  0.520-41.486-42.049 -36.29
 61932 856 1 1 2 4 6379.6279 6380.6299
 14.290 -0.250  0.925-33.628-20.291 20.096  8.918  1.806 -0.158
 -33.414-34.109  0.918  0.940 13.901  6.195-20.186-20.723  -4.70
 61932 856 1 1 2 6 6379.6279 6380.6299
 13.629 -0.090  4.533-41.997-29.323 17.724 26.297-28.761  0.508
 -41.486-42.049  4.813  4.505  1.620 16.104-28.906-30.034  40.23
 61932 856 3 2 5 3 6379.6279 6380.6299
 13.630 -0.400  6.148-48.716-36.040  1.517  2.014-12.266  0.380
 -47.786-48.818  6.349  6.126  0.150  1.367-35.288-36.656  30.12
 62032 852 2 2 4 3 6380.6299 6381.6138
 14.035  0.050  0.675-20.291 -7.445  8.918 13.809 -2.895  0.806
 -20.186-20.723  0.680  0.653  7.186  1.732 -6.946 -8.183  25.84
 62032 852 2 4 612 6380.6299 6381.6138
 13.648  0.180  4.443-29.323-16.857 26.297 30.180 11.469  2.703
 -28.906-30.034  4.358  4.586 16.566  9.731-15.913-19.610   5.37
 62132 915 1 2 3 4 6381.6138 6382.5981
 15.107  0.095  0.724 -7.445  6.456 13.809  4.837 22.944 -0.819
  -6.946 -8.183  0.513  1.036  8.243  5.566  6.478  6.018 -51.73
 62132 915 3 912 8 6381.6138 6382.5981
 14.018  0.000  4.620-16.857 -4.028 30.180 10.753 16.838 -0.017
 -15.913-19.610  4.335  5.450 22.472  7.708 -2.927 -6.563   2.15
 62232 938 2 2 4 3 6382.5981 6383.6133
 14.125 -0.032  0.817  6.456 19.802  4.837  5.805-28.786 -0.061
   6.478  6.018  0.829  0.576  4.614  0.223 20.063 19.620  11.54
 62332 916 2 1 3 1 6383.6133 6384.6694
 14.830 -0.113  0.785 19.802 34.432  5.805  8.016-17.243 -0.463
  20.063 19.620  0.866  0.729  2.384  3.420  0.000  0.000   0.00
 62332 916 7 411 1 6383.6133 6384.6694
 12.501  0.449  5.924  5.531 17.700 10.199  1.002 11.408 -2.767
   7.148  4.421  5.599  6.146  4.150  6.049  0.000  0.000   0.00
 62632 749 1 2 3 4 6386.6738 6387.5713
 13.059 -0.035 11.742-52.666-41.821  8.879 17.541-78.832  2.027
 -52.565-52.784 12.243 11.158  4.780  4.099-41.674-44.721  96.57
 627321016 3 1 411 6387.5713 6388.5933
 15.491  0.403 11.711-41.821-26.997 17.541 22.724 17.742 -1.021
 -41.674-44.721 11.665 12.620 16.697  0.844-25.748-27.905 -20.92
 62832 945 4 71110 6388.5933 6389.6689
 13.677  0.027 12.122-26.997-13.339 22.724 18.077 -3.182 -0.090
 -25.748-27.905 12.190 12.073  9.565 13.159-11.956-13.987  -7.80
 62932 756 4 610 9 6389.6689 6390.5791
 14.777  0.038 12.151-13.339 -0.777 18.077 19.163-10.978 -0.216
 -11.956-13.987 12.413 12.028  5.772 12.306  0.394 -1.259  37.56
 6303210 5 5 4 9 7 6390.5791 6391.6831
 14.089  0.238 12.185 -0.777 13.698 19.163  7.561 26.579  0.459
   0.394 -1.259 11.612 12.421  5.584 13.580 14.890 13.439  24.71
 7 132 736 1 3 4 2 6391.6831 6392.6626
 13.475 -0.925 -7.268-52.024-39.789  2.380  0.791 44.275 -0.007
 -51.795-52.192 -7.046 -7.431  1.007  1.373-39.786-39.839  40.16
 7 132 736 1 6 7 4 6391.6831 6392.6626
 14.180  0.852 12.448 13.698 26.624  7.561  6.624 51.289 -1.252
  14.890 13.439 10.995 12.763  1.349  6.212 26.730 26.444-125.37
 7 232 8 5 1 1 2 3 6392.6626 6393.5825
 13.307  0.391 -6.362-39.789-28.445  0.791  6.798 84.432 -0.277
 -39.786-39.839 -6.333 -6.874  0.747  0.043-28.399-28.603 -43.92
 7 232 8 5 1 3 4 5 6392.6626 6393.5825
 13.649  0.260 -6.327-55.473-43.814  3.279 19.842 -7.157  1.987
 -52.649-56.254 -6.679 -6.229  0.711  2.568-40.872-46.368  -5.63
 7 33210 0 2 1 3 2 6393.5825 6394.5908
 14.070  0.571 -6.722-28.445-15.245  6.798  1.831 40.514  0.189
 -28.399-28.603 -6.682 -6.856  5.251  1.547-15.016-15.278  14.85
 7 33210 0 4 1 5 7 6393.5825 6394.5908
 16.911  0.906 -6.566-43.814-27.750 19.842 17.946-12.788 -0.095
 -40.872-46.368 -7.230 -5.990  9.219 10.623-26.462-31.998   8.68
 7 432 948 1 1 2 2 6394.5908 6395.5869
 14.599 -0.257 -7.297-15.245 -1.681  1.831  1.810 55.364  1.399
 -15.016-15.278 -6.969 -7.344  0.228  1.604 -1.631 -3.469 -65.82
 7 432 948 2 5 7 7 6394.5908 6395.5869
 14.091 -0.252 -7.480-27.750-14.692 17.946 11.836 -4.109  1.460
 -26.462-31.998 -7.572 -7.178 13.771  4.175-12.393-19.214  -9.52
 7 832 9 8 1 3 4 3 6398.6187 6399.7910
 14.615 -0.179 -8.036 28.786 44.771 19.677  5.502-18.484  3.687
  28.942 28.232 -8.088 -7.853 15.358  4.319 44.959 40.652   3.03
 7 932 5 0 1 2 3 2 6399.7910 6400.5708
 15.142  0.462 -7.826 44.771 55.816  5.502  7.759-15.450 -3.838
  44.959 40.652 -7.878 -6.699  5.261  0.241 55.966 55.526 -26.99
 72932 911 0 0 1 1 6419.6167 6420.6743
 13.456 -0.064 -7.768-49.053-35.856 23.744 10.049  0.000  0.000
   0.000  0.000  0.000  0.000  0.000  0.000  0.000  0.000   0.00
 73032 748 0 0 1 1 6420.6743 6421.6133
 13.488  0.260 -7.700-35.856-24.111 10.049 22.125  0.000  0.000
   0.000  0.000  0.000  0.000  0.000  0.000  0.000  0.000   0.00
 73132 916 0 0 1 1 6421.6133 6422.5908
 13.952 -0.115 -7.944-24.111-11.425 22.125 19.962  0.000  0.000
   0.000  0.000  0.000  0.000  0.000  0.000  0.000  0.000   0.00
 8 132 948 0 0 1 1 6422.5908 6423.5923
 13.740 -0.131 -7.832-11.425  1.354 19.962  6.064  0.000  0.000
   0.000  0.000  0.000  0.000  0.000  0.000  0.000  0.000   0.00
 8 232 946 0 0 1 1 6423.5923 6424.5938
 14.092  0.107 -7.701  1.354 14.486  6.064 21.966  0.000  0.000
   0.000  0.000  0.000  0.000  0.000  0.000  0.000  0.000   0.00
 8 332 945 0 0 1 1 6424.5938 6425.5742
 14.617  0.157 -7.808 14.486 27.859 21.966 17.880  0.000  0.000
   0.000  0.000  0.000  0.000  0.000  0.000  0.000  0.000   0.00
 8 4321012 0 0 1 2 6425.5742 6426.5742
 13.829  0.327 -7.962 27.859 40.710 17.880 22.560  0.000  0.000
   0.000  0.000  0.000  0.000  0.000  0.000  0.000 39.964   0.00
 8 5321012 1 1 2 1 6426.5742 6427.5981
 14.101 -0.151 -8.289 40.710 54.141 22.560 17.822 21.641 -0.796
  40.711 39.964 -8.288 -8.582 22.510  0.050  0.000  0.000   0.00
 83132 956 0 0 1 1 6452.5859 6453.6724
 13.669  0.120 -7.476 27.281 41.062  4.501  1.524  0.000  0.000
   0.000  0.000  0.000  0.000  0.000  0.000  0.000  0.000   0.00
102232 918 3 4 7 4 6504.6123 6505.6626
 14.453 -0.025 10.909-23.156 -9.015 34.634 16.735-36.572  0.234
 -22.586-23.548 11.324 10.623 14.123 20.511 -8.449 -9.540  -4.02
102332 8 5 1 3 4 2 6505.6626 6506.7300
 14.442 -0.505 10.882 -9.015  5.347 16.735  4.348-40.590  0.355
  -8.449 -9.540 11.359 10.441  8.044  8.692  5.648  4.124   8.75
102432 629 1 1 2 2 6506.7300 6507.7324
 14.898 -0.212 10.343  5.347 19.297  4.348  1.655-31.842 -1.385
   5.648  4.124 10.527  9.596  3.489  0.859 19.431 19.052  20.82
102532 624 1 1 2 3 6507.7324 6508.6650
 13.593  0.256 10.131 19.297 31.054  1.655  6.957-11.024  3.682
  19.431 19.052 10.157 10.085  1.067  0.588 31.290 27.172   6.90
102632 8 1 1 2 3 2 6508.6650 6509.6714
 14.693 -0.025 10.370 31.054 44.846  6.957  6.176 -4.122 -3.713
  31.290 27.172 10.387 10.095  6.558  0.399 44.899 44.816  80.61
102732 753 1 1 2 3 6509.6714 6510.6758
 13.737 -0.762 10.345 44.846 57.650  6.176  4.198 76.492  1.981
  44.899 44.816 10.128 10.467  2.220  3.956 57.819 55.467 -81.93
111732 734 3 1 410 6530.6841 6531.6641
 14.973  0.158  9.389 14.807 28.513 10.203 19.410  4.359  1.171
  18.802 14.319  9.088  9.426  1.112  9.091 32.964 27.281  -2.44
111932 518 5 81310 6532.7783 6533.6709
 11.708  0.781  8.542 48.052 57.622 26.881 43.493 -4.872  1.669
  49.758 43.518  8.686  8.160 19.533  7.348 61.867 53.922   0.68
12 232 644 5 2 7 1 6545.7192 6546.6812
 12.586 -0.531  6.166-32.562-21.401  6.695  0.174 -0.235 -6.206
 -28.584-34.826  6.182  6.157  2.429  4.267  0.000  0.000   0.00
