 1 132 736 0 0 1 5 6209.6831 6210.6729
 14.147  0.303-12.704-13.004 24.986 38.016 12.512 22.854-12.704
  24.986 12.512 24.428  0.000  3.954  0.000-79.701 14.190   0.55
 1 132 736 2 2 4 4 6209.6831 6210.6729
 15.085  0.039  5.562  5.600-30.032-16.073  1.326  1.413  5.719
 -30.324  3.574 10.575  1.992  0.241-11.764 15.298 14.172  -0.42
 1 132 736 2 2 4 4 6209.6831 6210.6729
 15.099 -0.349  5.945  5.600-30.045-16.073  1.728  1.413  5.719
 -30.324  3.574 10.575  1.992  0.241-11.764 15.298 14.172  -0.42
 1 232 751 3 2 5 1 6210.6729 6211.7012
 15.162 -0.361-13.828-13.457 36.982 51.568  0.050  9.401-13.248
  38.059 24.428  9.401  3.954 -3.954-79.701  0.000 14.114   0.20
 12332 712 1 1 2 1 6231.6992 6232.7388
 13.057 -0.085-12.710-12.621-45.063-32.507  4.429  6.361-12.712
 -45.066  4.450  6.361  0.836 -0.836 33.667  0.000 13.060  -0.09
 12432 616 0 0 1 1 6232.7388 6233.6694
 14.208  0.094-12.621-12.708-32.507-20.196  6.361 10.502-12.621
 -32.507  6.361 10.502  0.000  0.000  0.000  0.000 14.208   0.09
 22332 740 7 61311 6262.6797 6263.6797
 15.883  0.001  4.764  4.765-29.275-14.373  2.085  1.567  4.901
 -31.929 11.754 25.005  3.415  1.427 -1.154  5.934 14.919   0.63
 22332 740 7 61311 6262.6797 6263.6797
 16.208  0.309  5.097  5.406-30.020-14.793  0.437  4.825  4.901
 -31.929 11.754 25.005  3.415  1.427 -1.154  5.934 14.919   0.63
 22332 740 7 61311 6262.6797 6263.6797
 15.996  0.307  4.850  5.157-30.530-15.514  0.507  2.897  4.901
 -31.929 11.754 25.005  3.415  1.427 -1.154  5.934 14.919   0.63
 22332 740 7 61311 6262.6797 6263.6797
 16.108 -0.121  5.101  4.980-31.428-16.300  1.376  0.050  4.901
 -31.929 11.754 25.005  3.415  1.427 -1.154  5.934 14.919   0.63
 22332 740 7 61311 6262.6797 6263.6797
 15.764  0.322  4.657  4.980-31.083-16.300  0.050  0.050  4.901
 -31.929 11.754 25.005  3.415  1.427 -1.154  5.934 14.919   0.63
 22332 740 7 61311 6262.6797 6263.6797
 15.462  0.341  4.638  4.980-30.781-16.300  0.759  0.050  4.901
 -31.929 11.754 25.005  3.415  1.427 -1.154  5.934 14.919   0.63
 22332 740 7 61311 6262.6797 6263.6797
 15.534  0.223  4.827  5.050-33.901-19.348  3.474  2.886  4.901
 -31.929 11.754 25.005  3.415  1.427 -1.154  5.934 14.919   0.63
 22332 740 7 61311 6262.6797 6263.6797
 15.866  0.049  5.002  5.050-34.233-19.348  0.150  2.886  4.901
 -31.929 11.754 25.005  3.415  1.427 -1.154  5.934 14.919   0.63
 22332 740 7 61311 6262.6797 6263.6797
 15.775  0.147  4.683  4.830-34.731-19.936  0.284  1.851  4.901
 -31.929 11.754 25.005  3.415  1.427 -1.154  5.934 14.919   0.63
 22332 740 7 61311 6262.6797 6263.6797
 16.293  0.222  4.524  4.746-32.925-17.612  0.619  0.050  4.901
 -31.929 11.754 25.005  3.415  1.427 -1.154  5.934 14.919   0.63
 22532 740 4 61015 6264.6797 6265.6792
 15.692 -0.513  4.752  4.239-14.775 -0.075  0.280  0.050  5.760
 -18.562 25.091 45.673  4.514  0.131  8.299-16.936 15.301  -0.66
 22532 740 4 61015 6264.6797 6265.6792
 15.655 -0.392  5.443  5.051-15.146 -0.483  6.090  3.107  5.760
 -18.562 25.091 45.673  4.514  0.131  8.299-16.936 15.301  -0.66
 22532 740 4 61015 6264.6797 6265.6792
 16.394 -0.127  5.177  5.051-15.885 -0.483  0.757  3.107  5.760
 -18.562 25.091 45.673  4.514  0.131  8.299-16.936 15.301  -0.66
 22532 740 4 61015 6264.6797 6265.6792
 15.716 -0.445  5.281  4.836-20.761 -6.036  2.445  0.194  5.760
 -18.562 25.091 45.673  4.514  0.131  8.299-16.936 15.301  -0.66
 22532 740 4 61015 6264.6797 6265.6792
 15.568 -0.491  5.993  5.502-20.930 -6.353  0.206  0.050  5.760
 -18.562 25.091 45.673  4.514  0.131  8.299-16.936 15.301  -0.66
 22632 74110 51522 6265.6792 6266.6611
 14.182 -1.050  5.502  4.471 -6.353  6.610  0.050  1.241  5.104
  -4.252 45.673 24.811  4.645  2.350-16.936  5.808 14.126  -0.19
 22632 74110 51522 6265.6792 6266.6611
 13.555 -0.929  4.836  3.924 -6.036  6.311  0.194  0.944  5.104
  -4.252 45.673 24.811  4.645  2.350-16.936  5.808 14.126  -0.19
 22632 74110 51522 6265.6792 6266.6611
 14.426 -0.824  5.411  4.602 -2.669 10.533  0.050  0.571  5.104
  -4.252 45.673 24.811  4.645  2.350-16.936  5.808 14.126  -0.19
 22632 74110 51522 6265.6792 6266.6611
 14.358 -0.625  5.216  4.602 -2.602 10.533  0.407  0.571  5.104
  -4.252 45.673 24.811  4.645  2.350-16.936  5.808 14.126  -0.19
 22632 74110 51522 6265.6792 6266.6611
 13.889 -0.709  5.146  4.450 -2.092 10.582  1.139  0.256  5.104
  -4.252 45.673 24.811  4.645  2.350-16.936  5.808 14.126  -0.19
 22632 74110 51522 6265.6792 6266.6611
 14.079 -0.753  5.051  4.312 -0.483 12.379  3.107  0.447  5.104
  -4.252 45.673 24.811  4.645  2.350-16.936  5.808 14.126  -0.19
 22732 8 714 82219 6266.6611 6267.6680
 14.885  0.202  5.669  5.872  5.419 19.420  8.483  0.050  4.917
   8.656 24.811 27.416  6.995  1.141  5.808  4.767 15.481   0.00
 22732 8 714 82219 6266.6611 6267.6680
 14.572  0.168  5.314  5.483  4.987 18.672  0.620  0.050  4.917
   8.656 24.811 27.416  6.995  1.141  5.808  4.767 15.481   0.00
 22732 8 714 82219 6266.6611 6267.6680
 14.549 -0.034  4.356  4.322  5.752 19.413  0.327  4.204  4.917
   8.656 24.811 27.416  6.995  1.141  5.808  4.767 15.481   0.00
 22732 8 714 82219 6266.6611 6267.6680
 14.708  0.034  4.599  4.633  6.132 19.954  1.162  1.153  4.917
   8.656 24.811 27.416  6.995  1.141  5.808  4.767 15.481   0.00
 22732 8 714 82219 6266.6611 6267.6680
 14.610  0.121  4.133  4.254  6.077 19.801  0.414  0.181  4.917
   8.656 24.811 27.416  6.995  1.141  5.808  4.767 15.481   0.00
 22732 8 714 82219 6266.6611 6267.6680
 14.233  0.160  4.471  4.633  6.610 19.954  1.241  1.153  4.917
   8.656 24.811 27.416  6.995  1.141  5.808  4.767 15.481   0.00
 22732 8 714 82219 6266.6611 6267.6680
 14.378  0.328  3.924  4.254  6.311 19.801  0.944  0.181  4.917
   8.656 24.811 27.416  6.995  1.141  5.808  4.767 15.481   0.00
 22732 8 714 82219 6266.6611 6267.6680
 14.377  0.250  4.992  5.244  9.436 22.925  0.622  1.198  4.917
   8.656 24.811 27.416  6.995  1.141  5.808  4.767 15.481   0.00
 22732 8 714 82219 6266.6611 6267.6680
 14.849  0.340  6.697  7.039  8.973 22.936  0.050  0.197  4.917
   8.656 24.811 27.416  6.995  1.141  5.808  4.767 15.481   0.00
 22732 8 714 82219 6266.6611 6267.6680
 14.559  0.180  6.857  7.039  9.264 22.936  0.050  0.197  4.917
   8.656 24.811 27.416  6.995  1.141  5.808  4.767 15.481   0.00
 22732 8 714 82219 6266.6611 6267.6680
 14.843 -0.113  4.602  4.489 10.533 24.491  0.571  0.050  4.917
   8.656 24.811 27.416  6.995  1.141  5.808  4.767 15.481   0.00
 22732 8 714 82219 6266.6611 6267.6680
 14.794  0.038  4.450  4.489 10.582 24.491  0.256  0.050  4.917
   8.656 24.811 27.416  6.995  1.141  5.808  4.767 15.481   0.00
 22732 8 714 82219 6266.6611 6267.6680
 14.098  0.140  3.606  3.747 11.625 24.833  0.675  0.050  4.917
   8.656 24.811 27.416  6.995  1.141  5.808  4.767 15.481   0.00
 22732 8 714 82219 6266.6611 6267.6680
 15.069  0.007  4.312  4.319 12.379 26.565  0.447  0.050  4.917
   8.656 24.811 27.416  6.995  1.141  5.808  4.767 15.481   0.00
 22732 8 714 82219 6266.6611 6267.6680
 14.964  0.014  4.090  4.104 13.979 28.059  3.163  3.356  4.917
   8.656 24.811 27.416  6.995  1.141  5.808  4.767 15.481   0.00
 22732 8 714 82219 6266.6611 6267.6680
 14.737 -0.104  4.836  4.732 14.244 28.095  1.862  7.684  4.917
   8.656 24.811 27.416  6.995  1.141  5.808  4.767 15.481   0.00
 22732 8 714 82219 6266.6611 6267.6680
 14.700  0.164  4.566  4.732 14.281 28.095  0.356  7.684  4.917
   8.656 24.811 27.416  6.995  1.141  5.808  4.767 15.481   0.00
 22832 757 7121910 6267.6680 6268.6904
 13.891 -0.062  5.877  5.814 18.730 31.926  6.143  6.252  4.914
  23.257 27.416 15.513  8.136  0.823  4.767  7.875 13.103   0.00
 22832 757 7121910 6267.6680 6268.6904
 14.252 -0.291  4.878  4.581 18.988 32.554  0.542  0.050  4.914
  23.257 27.416 15.513  8.136  0.823  4.767  7.875 13.103   0.00
 22832 757 7121910 6267.6680 6268.6904
 14.370 -0.131  4.322  4.188 19.413 33.100  4.204  1.743  4.914
  23.257 27.416 15.513  8.136  0.823  4.767  7.875 13.103   0.00
 22832 757 7121910 6267.6680 6268.6904
 13.991 -0.065  4.254  4.188 19.801 33.100  0.181  1.743  4.914
  23.257 27.416 15.513  8.136  0.823  4.767  7.875 13.103   0.00
 22832 757 7121910 6267.6680 6268.6904
 13.841 -0.435  4.633  4.188 19.954 33.100  1.153  1.743  4.914
  23.257 27.416 15.513  8.136  0.823  4.767  7.875 13.103   0.00
 22832 757 7121910 6267.6680 6268.6904
 14.520 -0.342  5.244  4.894 22.925 36.764  1.198  0.242  4.914
  23.257 27.416 15.513  8.136  0.823  4.767  7.875 13.103   0.00
 22832 757 7121910 6267.6680 6268.6904
 14.408 -0.188  4.319  4.127 26.565 40.290  0.050  0.944  4.914
  23.257 27.416 15.513  8.136  0.823  4.767  7.875 13.103   0.00
 22832 757 7121910 6267.6680 6268.6904
 14.139 -0.229  4.104  3.870 28.059 41.510  3.356  1.161  4.914
  23.257 27.416 15.513  8.136  0.823  4.767  7.875 13.103   0.00
 22832 757 7121910 6267.6680 6268.6904
 14.280 -0.490  4.732  4.231 28.095 41.690  7.684  3.118  4.914
  23.257 27.416 15.513  8.136  0.823  4.767  7.875 13.103   0.00
 22932 725 5 3 8 3 6268.6904 6269.6777
 15.863  0.220 12.986 13.204-48.214-33.519  4.534  3.711 12.964
 -48.475 22.177 15.839  3.637 -3.133 -0.910-61.160 15.934  -0.10
 22932 725 5 3 8 3 6268.6904 6269.6777
 15.704  0.050 12.715 12.764-48.299-33.760  3.886 12.078 12.964
 -48.475 22.177 15.839  3.637 -3.133 -0.910-61.160 15.934  -0.10
 22932 725 5 3 8 3 6268.6904 6269.6777
 16.049 -0.195 12.587 12.395-50.566-35.687  3.369  0.050 12.964
 -48.475 22.177 15.839  3.637 -3.133 -0.910-61.160 15.934  -0.10
 22932 725 0 0 1 1 6268.6904 6269.6777
 13.673 -0.131 13.904 13.775-55.616-43.083 13.202  6.168 13.904
 -55.616 13.202  6.168  0.000  0.000  0.000  0.000 13.673  -0.13
 22932 725 5 510 7 6268.6904 6269.6777
 14.278 -0.124  5.814  5.691 31.926 45.056  6.252  7.243  4.919
  35.648 15.513 18.594  8.960 -1.275  7.875  8.400 14.431   0.30
 22932 725 5 510 7 6268.6904 6269.6777
 14.824 -0.056  4.188  4.133 33.100 46.770  1.743  0.050  4.919
  35.648 15.513 18.594  8.960 -1.275  7.875  8.400 14.431   0.30
 22932 725 5 510 7 6268.6904 6269.6777
 15.022 -0.040  5.247  5.207 33.258 47.124  1.041  0.050  4.919
  35.648 15.513 18.594  8.960 -1.275  7.875  8.400 14.431   0.30
 22932 725 5 510 7 6268.6904 6269.6777
 14.742 -0.138  4.127  3.991 40.290 53.878  0.944  0.351  4.919
  35.648 15.513 18.594  8.960 -1.275  7.875  8.400 14.431   0.30
 22932 725 5 510 7 6268.6904 6269.6777
 14.823 -0.103  4.231  4.129 41.690 55.359  3.118  4.090  4.919
  35.648 15.513 18.594  8.960 -1.275  7.875  8.400 14.431   0.30
 22932 725 5 510 7 6268.6904 6269.6777
 15.006  0.263  3.870  4.129 41.510 55.359  1.161  4.090  4.919
  35.648 15.513 18.594  8.960 -1.275  7.875  8.400 14.431   0.30
 22932 725 5 510 7 6268.6904 6269.6777
 14.552  0.257  3.875  4.129 41.957 55.359  0.321  4.090  4.919
  35.648 15.513 18.594  8.960 -1.275  7.875  8.400 14.431   0.30
 3 132 744 1 1 2 1 6269.6777 6270.6743
 14.133  0.062 -4.450 -4.512-17.653 -4.547  6.732  0.050 -4.514
 -17.413  7.632  0.050  2.098 -2.098-14.988  0.000 13.893   0.00
 3 132 744 0 0 1 4 6269.6777 6270.6743
 14.477 -0.102 13.775 13.674-43.083-29.634  6.168  4.247 13.775
 -43.083  6.168  5.925  0.000  2.839  0.000-75.471 14.439  -0.90
 3 132 744 1 2 3 3 6269.6777 6270.6743
 15.232  0.289 12.395 12.683-35.687-21.486  0.050  0.374 12.866
 -33.710 15.839 13.921  0.504  0.847-61.160 -2.737 14.600  -0.12
 3 132 744 1 2 3 3 6269.6777 6270.6743
 14.670 -0.054 12.764 12.710-33.760-20.119 12.078 12.537 12.866
 -33.710 15.839 13.921  0.504  0.847-61.160 -2.737 14.600  -0.12
 3 132 744 1 2 3 3 6269.6777 6270.6743
 14.659  0.018 13.204 13.221-33.519-19.889  3.711  1.011 12.866
 -33.710 15.839 13.921  0.504  0.847-61.160 -2.737 14.600  -0.12
 3 532 757 0 0 1 6 6273.6680 6274.6699
 14.029  0.354 12.318 12.673 19.380 32.452 16.209  1.583 12.318
  19.380 16.209 16.103  0.000  5.776  0.000-13.884 13.082  -0.18
 33032 8 5 0 0 1 1 6298.6626 6299.6147
 14.900 -0.257 13.215 12.971-10.473  2.775  1.958 12.380 13.215
 -10.473  1.958 12.380  0.000  0.000  0.000  0.000 14.900  -0.26
 33132 915 0 0 1 2 6299.6147 6300.6206
 13.756  0.034 12.971 13.006  2.775 15.625 12.380  1.299 12.971
   2.775 12.380  2.254  0.000  0.352  0.000 -4.745 13.604   0.02
 4 132 9 5 1 1 2 1 6300.6206 6301.6401
 14.587 -0.391 12.976 12.578 15.265 29.131  0.955  6.599 12.993
  15.473  2.254  6.599  0.352 -0.352 -4.745  0.000 14.383  -0.41
 4 132 9 5 1 1 2 1 6300.6206 6301.6401
 14.233 -0.420 13.006 12.578 15.625 29.131  1.299  6.599 12.993
  15.473  2.254  6.599  0.352 -0.352 -4.745  0.000 14.383  -0.41
 4 232 837 0 0 1 2 6301.6401 6302.6758
 13.843  0.157 12.578 12.741 29.131 42.444  6.599  1.076 12.578
  29.131  6.599  1.366  0.000  0.457  0.000 33.046 13.924   0.11
 42232 741 2101216 6321.6792 6322.6104
 13.746  0.958  8.226  9.118-33.315-21.432  0.050  0.050  9.214
 -34.409 34.695 42.241  4.831  2.057  9.436  8.967 13.525   0.51
 42232 741 2101216 6321.6792 6322.6104
 14.181  0.695  8.186  8.833-36.867-24.579  0.805  1.252  9.214
 -34.409 34.695 42.241  4.831  2.057  9.436  8.967 13.525   0.51
 42232 741 2101216 6321.6792 6322.6104
 13.902  1.010  9.199 10.140-38.218-26.190  0.108  0.796  9.214
 -34.409 34.695 42.241  4.831  2.057  9.436  8.967 13.525   0.51
 42232 741 2101216 6321.6792 6322.6104
 14.116  0.980  9.227 10.140-38.417-26.190  0.205  0.796  9.214
 -34.409 34.695 42.241  4.831  2.057  9.436  8.967 13.525   0.51
 42232 741 2101216 6321.6792 6322.6104
 14.327  0.643  9.857 10.456-38.938-26.515  5.941  3.352  9.214
 -34.409 34.695 42.241  4.831  2.057  9.436  8.967 13.525   0.51
 42232 741 2101216 6321.6792 6322.6104
 14.267  1.013 10.021 10.965-39.412-27.044  0.050  0.556  9.214
 -34.409 34.695 42.241  4.831  2.057  9.436  8.967 13.525   0.51
 42332 920 7 916 9 6322.6104 6323.6689
 14.810 -0.064  9.118  9.050-21.432 -6.802  0.050  6.121  9.694
 -22.732 42.241 29.943  6.888 -0.460  8.967  7.226 13.714   0.08
 42332 920 7 916 9 6322.6104 6323.6689
 14.188 -0.406  9.069  8.639-22.055 -8.083  0.050  0.368  9.694
 -22.732 42.241 29.943  6.888 -0.460  8.967  7.226 13.714   0.08
 42332 920 7 916 9 6322.6104 6323.6689
 14.066 -0.382  8.833  8.429-24.579-10.736  1.252  0.682  9.694
 -22.732 42.241 29.943  6.888 -0.460  8.967  7.226 13.714   0.08
 42332 920 7 916 9 6322.6104 6323.6689
 14.894 -0.255  8.699  8.429-25.455-10.736  0.762  0.682  9.694
 -22.732 42.241 29.943  6.888 -0.460  8.967  7.226 13.714   0.08
 42332 920 7 916 9 6322.6104 6323.6689
 14.881 -0.083  8.269  8.181-24.259 -9.554  0.795  0.988  9.694
 -22.732 42.241 29.943  6.888 -0.460  8.967  7.226 13.714   0.08
 42332 920 7 916 9 6322.6104 6323.6689
 14.834 -0.324 10.140  9.797-26.190-11.534  0.796  2.411  9.694
 -22.732 42.241 29.943  6.888 -0.460  8.967  7.226 13.714   0.08
 42332 920 7 916 9 6322.6104 6323.6689
 14.275 -0.208 10.456 10.236-26.515-12.451  3.352  5.045  9.694
 -22.732 42.241 29.943  6.888 -0.460  8.967  7.226 13.714   0.08
 42332 920 7 916 9 6322.6104 6323.6689
 14.027 -0.552 10.821 10.236-26.252-12.451  3.559  5.045  9.694
 -22.732 42.241 29.943  6.888 -0.460  8.967  7.226 13.714   0.08
 51032 849 1 1 2 1 6339.6318 6340.5938
 13.856  0.463 -6.412 -6.858-40.142-27.763  7.449 10.546 -6.438
 -40.122  8.193 10.546  0.363 -0.363-53.909  0.000 13.836   0.44
 51032 849 1 1 2 1 6339.6318 6340.5938
 13.632  0.158 -6.705 -6.858-39.927-27.763  0.743 10.546 -6.438
 -40.122  8.193 10.546  0.363 -0.363-53.909  0.000 13.836   0.44
 51132 945 0 0 1 3 6340.5938 6341.6001
 13.815  0.029 -6.858 -6.887-27.763-14.853 10.546  9.834 -6.858
 -27.763 10.546 10.024  0.000  1.084  0.000 -4.303 13.794   0.03
 51232 935 1 2 3 1 6341.6001 6342.6304
 14.200  0.213 -7.285 -7.504-14.884 -1.265  0.140 14.851 -6.886
 -14.874 10.024 14.851  1.084 -1.084 -4.303  0.000 14.191   0.60
 51232 935 1 2 3 1 6341.6001 6342.6304
 14.171  0.599 -6.887 -7.504-14.853 -1.265  9.834 14.851 -6.886
 -14.874 10.024 14.851  1.084 -1.084 -4.303  0.000 14.191   0.60
 51332 852 0 0 1 1 6342.6304 6343.5952
 14.313  0.160 -7.504 -7.659 -1.265 11.591 14.851 12.913 -7.504
  -1.265 14.851 12.913  0.000  0.000  0.000  0.000 14.313   0.16
 5173210 0 3 4 7 3 6346.5835 6347.6548
 14.572 -0.406  6.443  6.009-13.302  1.257  3.612  2.023  6.787
 -15.782 12.011  5.766  6.165 -5.640  8.309-66.543 16.758  -1.02
 5173210 0 3 4 7 3 6346.5835 6347.6548
 14.667 -0.707  6.249  5.491-13.542  1.119  3.015  2.743  6.787
 -15.782 12.011  5.766  6.165 -5.640  8.309-66.543 16.758  -1.02
 51832 816 1 3 4 3 6347.6548 6348.5908
 13.957  0.410 10.720 11.103-45.319-33.176  9.544  8.228 10.868
 -46.144 21.827 11.259  1.463  0.700 10.399 21.618 14.248   0.48
 51832 816 1 3 4 3 6347.6548 6348.5908
 13.535  0.353 10.984 11.314-46.790-35.042 12.077  2.070 10.868
 -46.144 21.827 11.259  1.463  0.700 10.399 21.618 14.248   0.48
 51832 816 1 3 4 3 6347.6548 6348.5908
 13.131  0.722 12.487 13.163-46.996-35.626  0.050  0.961 10.868
 -46.144 21.827 11.259  1.463  0.700 10.399 21.618 14.248   0.48
 51832 816 1 1 2 5 6347.6548 6348.5908
 14.632  0.589  7.324  7.876 -5.357  7.419  0.050  0.050  7.491
  -5.549  0.453  3.779  0.284  6.040 41.280 20.570 15.080   0.24
 51832 816 1 1 2 5 6347.6548 6348.5908
 14.863  0.389  7.512  7.876 -5.573  7.419  0.403  0.050  7.491
  -5.549  0.453  3.779  0.284  6.040 41.280 20.570 15.080   0.24
 51832 816 1 2 3 2 6347.6548 6348.5908
 13.875 -0.119  6.009  5.898  1.257 13.323  2.023  0.925  5.696
   1.120  5.766  2.610  0.525 -0.203-66.543-46.229 13.866   0.06
 51832 816 1 2 3 2 6347.6548 6348.5908
 13.783  0.186  5.491  5.665  1.119 13.100  2.743  1.685  5.696
   1.120  5.766  2.610  0.525 -0.203-66.543-46.229 13.866   0.06
 51832 816 1 2 3 2 6347.6548 6348.5908
 14.073  0.042  5.626  5.665  0.848 13.100  0.999  1.685  5.696
   1.120  5.766  2.610  0.525 -0.203-66.543-46.229 13.866   0.06
 52332 916 3 2 5 5 6352.6133 6353.5942
 16.631  1.314  5.293  6.582-38.004-22.651  0.495  0.050  4.166
 -36.933 34.024 31.846  2.016 -1.345 51.547 35.286 14.058   0.28
 52332 916 3 2 5 5 6352.6133 6353.5942
 15.832  1.182  5.738  6.898-38.136-23.567  1.757  0.050  4.166
 -36.933 34.024 31.846  2.016 -1.345 51.547 35.286 14.058   0.28
 52332 916 2 2 4 5 6352.6133 6353.5942
 14.105  0.345 10.453 10.792 16.906 29.781  8.701  5.396 10.331
  17.409 11.342 13.130  2.921 -1.834  5.175-27.959 14.033   1.00
 52332 916 2 2 4 5 6352.6133 6353.5942
 14.321  0.309 10.128 10.432 19.579 32.667  1.010  0.922 10.331
  17.409 11.342 13.130  2.921 -1.834  5.175-27.959 14.033   1.00
 52332 916 2 2 4 5 6352.6133 6353.5942
 13.876  0.330 10.108 10.432 20.017 32.667  1.124  0.922 10.331
  17.409 11.342 13.130  2.921 -1.834  5.175-27.959 14.033   1.00
 52432 943 3 2 5 1 6353.5942 6354.7896
 14.369  0.117  4.419  4.559-24.093 -8.096 30.911 23.851  4.437
 -24.104 31.846 23.851  0.671 -0.671 35.286  0.000 14.378   0.10
 52432 943 3 2 5 1 6353.5942 6354.7896
 14.781 -0.107  4.686  4.559-24.586 -8.096  0.784 23.851  4.437
 -24.104 31.846 23.851  0.671 -0.671 35.286  0.000 14.378   0.10
 52432 943 3 2 5 2 6353.5942 6354.7896
 14.186 -0.182 10.792 10.575 29.781 45.560  5.396  4.716 11.312
  30.214 13.130  6.817  1.086  2.033-27.959  1.850 14.642  -0.64
 52432 943 3 2 5 2 6353.5942 6354.7896
 14.425  0.036 10.432 10.474 32.667 48.730  0.922  2.100 11.312
  30.214 13.130  6.817  1.086  2.033-27.959  1.850 14.642  -0.64
 52532 5 2 0 0 1 8 6354.7896 6355.5938
 12.207  1.485  4.559  5.753 -8.096  0.929 23.851  0.518  4.559
  -8.096 23.851 50.620  0.000  3.828  0.000-15.137 14.026  -0.25
 52532 5 2 1 1 2 3 6354.7896 6355.5938
 14.104 -0.252 10.575 10.372 45.560 56.110  4.716  3.437 10.544
  46.537  6.817 12.984  3.119 -0.194  1.850  2.218 14.827  -0.39
 52532 5 2 1 1 2 3 6354.7896 6355.5938
 13.877 -0.373 10.474 10.174 48.730 59.099  2.100  6.733 10.544
  46.537  6.817 12.984  3.119 -0.194  1.850  2.218 14.827  -0.39
 52632 945 2 6 8 1 6355.5938 6356.6084
 17.061 -1.711  5.966  4.230  0.674 16.986  0.977 18.346  4.355
   2.392 50.620 18.346  3.828 -3.828-15.137  0.000 15.368  -0.12
 52632 945 2 6 8 1 6355.5938 6356.6084
 16.810 -1.502  5.753  4.230  0.929 16.986  0.518 18.346  4.355
   2.392 50.620 18.346  3.828 -3.828-15.137  0.000 15.368  -0.12
 52732 923 0 0 1 1 6356.6084 6357.6016
 14.104  0.166  4.230  4.395 16.986 30.015 18.346 31.000  4.230
  16.986 18.346 31.000  0.000  0.000  0.000  0.000 14.104   0.17
 6 732 931 5 71212 6367.6025 6368.6118
 14.297 -0.119 -5.928 -5.809-13.456 -0.021  0.443  0.014 -6.039
 -15.484 16.990 18.185  3.509  0.109  8.056 22.317 13.797   0.72
 6 732 931 5 71212 6367.6025 6368.6118
 14.122  0.193 -5.700 -5.894-13.731 -0.473  2.759  5.562 -6.039
 -15.484 16.990 18.185  3.509  0.109  8.056 22.317 13.797   0.72
 6 732 931 5 71212 6367.6025 6368.6118
 14.438  0.285 -5.870 -6.158-14.298 -0.720  6.807  1.021 -6.039
 -15.484 16.990 18.185  3.509  0.109  8.056 22.317 13.797   0.72
 6 732 931 5 71212 6367.6025 6368.6118
 14.730  0.132 -6.025 -6.158-14.592 -0.720  0.122  1.021 -6.039
 -15.484 16.990 18.185  3.509  0.109  8.056 22.317 13.797   0.72
 6 732 931 5 71212 6367.6025 6368.6118
 14.107 -0.094 -7.044 -6.948-17.909 -4.665  0.541  0.365 -6.039
 -15.484 16.990 18.185  3.509  0.109  8.056 22.317 13.797   0.72
 6 732 931 5 71212 6367.6025 6368.6118
 14.589  0.351 -6.594 -6.948-18.394 -4.665  1.891  0.365 -6.039
 -15.484 16.990 18.185  3.509  0.109  8.056 22.317 13.797   0.72
 6 732 931 5 71212 6367.6025 6368.6118
 13.897 -0.077 -6.416 -6.338-18.504 -5.473  0.050  0.050 -6.039
 -15.484 16.990 18.185  3.509  0.109  8.056 22.317 13.797   0.72
 6 732 931 5 71212 6367.6025 6368.6118
 14.645 -0.037 -6.893 -6.856-19.111 -5.325  0.260  0.050 -6.039
 -15.484 16.990 18.185  3.509  0.109  8.056 22.317 13.797   0.72
 6 732 931 5 71212 6367.6025 6368.6118
 14.747 -0.080 -6.418 -6.338-19.361 -5.473  0.283  0.050 -6.039
 -15.484 16.990 18.185  3.509  0.109  8.056 22.317 13.797   0.72
 6 732 931 5 71212 6367.6025 6368.6118
 14.438  0.022 -6.316 -6.338-19.050 -5.473  1.063  0.050 -6.039
 -15.484 16.990 18.185  3.509  0.109  8.056 22.317 13.797   0.72
 6 732 931 1 1 2 4 6367.6025 6368.6118
 14.830  0.594 13.425 14.024-55.548-41.576  0.050  0.050 13.850
 -55.422  7.611  3.030  0.444  0.079-73.975 43.035 14.690   0.78
 6 732 931 1 1 2 4 6367.6025 6368.6118
 14.606  0.810 13.852 14.669-55.422-41.675  7.561  1.873 13.850
 -55.422  7.611  3.030  0.444  0.079-73.975 43.035 14.690   0.78
 6 832 918 5 712 9 6368.6118 6369.6025
 13.360  0.470 -5.809 -6.274 -0.021 12.245  0.014  0.375 -6.768
  -2.554 18.185 10.290  3.618  0.727 22.317 30.282 15.334  -0.49
 6 832 918 5 712 9 6368.6118 6369.6025
 13.816  0.384 -5.894 -6.274 -0.473 12.245  5.562  0.375 -6.768
  -2.554 18.185 10.290  3.618  0.727 22.317 30.282 15.334  -0.49
 6 832 918 5 712 9 6368.6118 6369.6025
 14.065  0.117 -6.158 -6.274 -0.720 12.245  1.021  0.375 -6.768
  -2.554 18.185 10.290  3.618  0.727 22.317 30.282 15.334  -0.49
 6 832 918 5 712 9 6368.6118 6369.6025
 13.889  0.348 -6.720 -7.065 -0.866 11.924  0.523  0.050 -6.768
  -2.554 18.185 10.290  3.618  0.727 22.317 30.282 15.334  -0.49
 6 832 918 5 712 9 6368.6118 6369.6025
 13.718  0.439 -7.543 -7.978 -3.754  8.867  8.684  2.323 -6.768
  -2.554 18.185 10.290  3.618  0.727 22.317 30.282 15.334  -0.49
 6 832 918 5 712 9 6368.6118 6369.6025
 14.043  0.187 -7.537 -7.722 -4.886  8.057  0.484  0.050 -6.768
  -2.554 18.185 10.290  3.618  0.727 22.317 30.282 15.334  -0.49
 6 832 918 5 712 9 6368.6118 6369.6025
 14.227  0.522 -6.856 -7.373 -5.325  7.801  0.050  0.108 -6.768
  -2.554 18.185 10.290  3.618  0.727 22.317 30.282 15.334  -0.49
 6 832 918 5 712 9 6368.6118 6369.6025
 13.561  0.429 -6.948 -7.373 -4.665  7.801  0.365  0.108 -6.768
  -2.554 18.185 10.290  3.618  0.727 22.317 30.282 15.334  -0.49
 6 832 918 2 2 4 1 6368.6118 6369.6025
 13.668 -0.314 14.400 14.089-41.285-28.713  0.765  2.892 14.638
 -41.591  3.030  2.892  0.523 -0.523 43.035  0.000 13.978  -0.55
 6 832 918 2 2 4 1 6368.6118 6369.6025
 14.062 -0.585 14.669 14.089-41.675-28.713  1.873  2.892 14.638
 -41.591  3.030  2.892  0.523 -0.523 43.035  0.000 13.978  -0.55
 6 932 931 6 3 9 4 6369.6025 6370.6006
 14.559  0.164 -5.315 -5.478 12.905 26.454  1.770  0.050 -6.283
  11.669 10.290 23.667  4.346  0.595 30.282 22.031 15.492  -0.54
 6 932 931 6 3 9 4 6369.6025 6370.6006
 14.647  0.087 -5.713 -5.800 12.520 26.157  5.178 21.717 -6.283
  11.669 10.290 23.667  4.346  0.595 30.282 22.031 15.492  -0.54
 6 932 931 6 3 9 4 6369.6025 6370.6006
 14.509 -0.130 -7.722 -7.592  8.057 21.555  0.050  0.050 -6.283
  11.669 10.290 23.667  4.346  0.595 30.282 22.031 15.492  -0.54
 6 932 931 0 0 1 1 6369.6025 6370.6006
 14.455 -0.062 14.089 14.027-28.713-15.268  2.892  0.050 14.089
 -28.713  2.892  0.050  0.000  0.000  0.000  0.000 14.455  -0.06
 61032 934 3 1 4 6 6370.6006 6371.5967
 12.943  1.384 -5.800 -7.179 26.157 38.068 21.717  0.535 -5.743
  26.149 23.667 11.627  4.941 -3.005 22.031 31.748 14.219   0.36
 61032 934 3 1 4 6 6370.6006 6371.5967
 12.719  1.229 -5.478 -6.702 26.454 38.142  0.050  0.313 -5.743
  26.149 23.667 11.627  4.941 -3.005 22.031 31.748 14.219   0.36
 61032 934 3 1 4 6 6370.6006 6371.5967
 13.007  1.682 -5.027 -6.702 26.168 38.142  1.849  0.313 -5.743
  26.149 23.667 11.627  4.941 -3.005 22.031 31.748 14.219   0.36
 61032 934 0 0 1 1 6370.6006 6371.5967
 13.963 -0.501 14.027 13.529-15.268 -2.341  0.050  1.714 14.027
 -15.268  0.050  1.714  0.000  0.000  0.000  0.000 13.963  -0.50
 61132 941 2 4 6 4 6371.5967 6372.6533
 15.471 -0.963 -7.179 -6.161 38.068 53.383  0.535 14.880 -6.099
  39.330 11.627 16.537  1.936  0.123 31.748-21.538 14.165  -0.01
 61132 941 2 4 6 4 6371.5967 6372.6533
 15.982 -0.941 -6.702 -5.707 38.142 53.997  0.313  0.472 -6.099
  39.330 11.627 16.537  1.936  0.123 31.748-21.538 14.165  -0.01
 61132 941 2 4 6 4 6371.5967 6372.6533
 16.150 -1.048 -6.585 -5.478 37.126 53.158  0.284  0.487 -6.099
  39.330 11.627 16.537  1.936  0.123 31.748-21.538 14.165  -0.01
 61832 942 0 0 1 2 6378.5952 6379.6279
 14.779 -0.342  1.271  0.918-47.662-33.414 12.066 13.901  1.271
 -47.662 12.066 20.096  0.000  0.696  0.000  1.806 14.571  -0.34
 61832 942 1 6 7 2 6378.5952 6379.6279
 14.318  0.141  4.667  4.813-55.259-41.486 13.386  1.620  4.692
 -55.449 13.907 17.724  5.092 -4.452  7.533-28.761 14.007  -0.15
 61932 856 1 1 2 4 6379.6279 6380.6299
 14.180 -0.216  0.918  0.702-33.414-20.186 13.901  4.867  0.925
 -33.628 20.096  8.918  0.696 -0.158  1.806 -2.895 14.290  -0.25
 61932 856 1 1 2 4 6379.6279 6380.6299
 14.549 -0.267  0.940  0.672-34.109-20.512  6.195  1.037  0.925
 -33.628 20.096  8.918  0.696 -0.158  1.806 -2.895 14.290  -0.25
 61932 856 1 1 2 6 6379.6279 6380.6299
 13.711 -0.403  4.813  4.409-41.486-28.729  1.620  9.315  4.533
 -41.997 17.724 26.297  0.640  0.508-28.761 11.469 13.629  -0.09
 61932 856 1 1 2 6 6379.6279 6380.6299
 13.870 -0.212  4.505  4.293-42.049-29.133 16.104  7.251  4.533
 -41.997 17.724 26.297  0.640  0.508-28.761 11.469 13.629  -0.09
 61932 856 3 2 5 3 6379.6279 6380.6299
 13.600  0.297  5.640  5.937-49.327-36.682  0.050  1.058  6.148
 -48.716  1.517  2.014  1.050  0.380-12.266 17.856 13.630  -0.40
 61932 856 3 2 5 3 6379.6279 6380.6299
 13.566  0.393  5.112  5.506-47.899-35.288  0.050  0.906  6.148
 -48.716  1.517  2.014  1.050  0.380-12.266 17.856 13.630  -0.40
 62032 852 2 2 4 3 6380.6299 6381.6138
 14.435 -0.123  0.634  0.513-20.186 -6.946  2.319  8.243  0.675
 -20.291  8.918 13.809  0.538  0.806 -2.895 22.944 14.035   0.05
 62032 852 2 2 4 3 6380.6299 6381.6138
 14.436 -0.192  0.702  0.513-20.186 -6.946  4.867  8.243  0.675
 -20.291  8.918 13.809  0.538  0.806 -2.895 22.944 14.035   0.05
 62032 852 2 2 4 3 6380.6299 6381.6138
 14.046 -0.218  0.672  0.458-20.512 -7.656  1.037  4.135  0.675
 -20.291  8.918 13.809  0.538  0.806 -2.895 22.944 14.035   0.05
 62032 852 2 2 4 3 6380.6299 6381.6138
 14.580 -0.168  0.623  0.458-21.038 -7.656  0.695  4.135  0.675
 -20.291  8.918 13.809  0.538  0.806 -2.895 22.944 14.035   0.05
 62032 852 2 4 612 6380.6299 6381.6138
 14.662 -0.206  4.409  4.207-28.729-15.266  9.315  7.802  4.443
 -29.323 26.297 30.180  1.147  2.703 11.469 16.838 13.648   0.18
 62032 852 2 4 612 6380.6299 6381.6138
 14.500 -0.196  4.293  4.100-29.133-15.829  7.251  4.385  4.443
 -29.323 26.297 30.180  1.147  2.703 11.469 16.838 13.648   0.18
 62032 852 2 4 612 6380.6299 6381.6138
 14.514  0.048  4.486  4.533-29.758-16.440  9.115 10.285  4.443
 -29.323 26.297 30.180  1.147  2.703 11.469 16.838 13.648   0.18
 62032 852 2 4 612 6380.6299 6381.6138
 15.005 -0.226  5.604  5.382-33.616-19.816  0.280  0.486  4.443
 -29.323 26.297 30.180  1.147  2.703 11.469 16.838 13.648   0.18
 62032 852 2 4 612 6380.6299 6381.6138
 14.896 -0.086  6.639  6.555-34.537-20.844  0.286  0.050  4.443
 -29.323 26.297 30.180  1.147  2.703 11.469 16.838 13.648   0.18
 62032 852 2 4 612 6380.6299 6381.6138
 14.272  0.097  5.504  5.599-34.507-21.428  0.050  0.050  4.443
 -29.323 26.297 30.180  1.147  2.703 11.469 16.838 13.648   0.18
 62132 915 1 2 3 4 6381.6138 6382.5981
 14.767 -0.028  0.513  0.485 -6.946  6.621  8.243  0.050  0.724
  -7.445 13.809  4.837  1.343 -0.819 22.944-28.786 15.107   0.09
 62132 915 1 2 3 4 6381.6138 6382.5981
 14.941  0.090  0.458  0.546 -7.656  6.081  4.135  0.173  0.724
  -7.445 13.809  4.837  1.343 -0.819 22.944-28.786 15.107   0.09
 62132 915 3 912 8 6381.6138 6382.5981
 14.087 -0.162  4.207  4.048-15.266 -2.368  7.802  3.306  4.620
 -16.857 30.180 10.753  3.850 -0.017 16.838 18.992 14.018   0.00
 62132 915 3 912 8 6381.6138 6382.5981
 14.182  0.032  4.100  4.131-15.829 -2.838  4.385  1.149  4.620
 -16.857 30.180 10.753  3.850 -0.017 16.838 18.992 14.018   0.00
 62132 915 3 912 8 6381.6138 6382.5981
 14.448 -0.401  4.533  4.139-16.440 -3.188 10.285  0.360  4.620
 -16.857 30.180 10.753  3.850 -0.017 16.838 18.992 14.018   0.00
 62132 915 3 912 8 6381.6138 6382.5981
 14.282 -0.200  4.463  4.267-18.132 -5.043  0.601  0.050  4.620
 -16.857 30.180 10.753  3.850 -0.017 16.838 18.992 14.018   0.00
 62132 915 3 912 8 6381.6138 6382.5981
 13.999  0.040  5.273  5.312-19.081 -6.270  4.060  0.425  4.620
 -16.857 30.180 10.753  3.850 -0.017 16.838 18.992 14.018   0.00
 62132 915 3 912 8 6381.6138 6382.5981
 14.746 -0.071  5.382  5.312-19.816 -6.270  0.486  0.425  4.620
 -16.857 30.180 10.753  3.850 -0.017 16.838 18.992 14.018   0.00
 62232 938 2 2 4 3 6382.5981 6383.6133
 14.398  0.075  0.833  0.909  6.476 20.099  4.564  2.002  0.817
   6.456  4.837  5.805  0.524 -0.061-28.786-17.243 14.125  -0.03
 62232 938 2 2 4 3 6382.5981 6383.6133
 14.563  0.094  0.546  0.642  6.081 19.872  0.173  0.382  0.817
   6.456  4.837  5.805  0.524 -0.061-28.786-17.243 14.125  -0.03
 62232 938 2 2 4 3 6382.5981 6383.6133
 14.032  0.154  0.485  0.642  6.621 19.872  0.050  0.382  0.817
   6.456  4.837  5.805  0.524 -0.061-28.786-17.243 14.125  -0.03
 62232 938 2 2 4 3 6382.5981 6383.6133
 14.593  0.046  0.682  0.729  5.800 19.620  0.050  3.420  0.817
   6.456  4.837  5.805  0.524 -0.061-28.786-17.243 14.125  -0.03
 62332 916 2 1 3 1 6383.6133 6384.6694
 15.002 -0.060  0.729  0.665 19.620 34.432  3.420  8.016  0.785
  19.802  5.805  8.016  0.463 -0.463-17.243  0.000 14.830  -0.11
 62332 916 2 1 3 1 6383.6133 6384.6694
 14.765  0.022  0.642  0.665 19.872 34.432  0.382  8.016  0.785
  19.802  5.805  8.016  0.463 -0.463-17.243  0.000 14.830  -0.11
 62332 916 2 1 3 1 6383.6133 6384.6694
 14.549 -0.231  0.909  0.665 20.099 34.432  2.002  8.016  0.785
  19.802  5.805  8.016  0.463 -0.463-17.243  0.000 14.830  -0.11
 62332 916 7 411 1 6383.6133 6384.6694
 11.451  0.891  5.457  6.397  6.640 17.700  1.600  1.002  5.924
   5.531 10.199  1.002  2.767 -2.767 11.408  0.000 12.501   0.45
 62332 916 7 411 1 6383.6133 6384.6694
 11.097  0.484  5.887  6.397  7.013 17.700  1.118  1.002  5.924
   5.531 10.199  1.002  2.767 -2.767 11.408  0.000 12.501   0.45
 62632 749 1 2 3 4 6386.6738 6387.5713
 13.264  0.022 11.143 11.163-52.783-41.752  3.995  8.713 11.742
 -52.666  8.879 17.541  1.106  2.027-78.832 17.742 13.059  -0.03
 62632 749 1 2 3 4 6386.6738 6387.5713
 13.348  0.035 11.726 11.757-52.836-41.731  0.104  0.506 11.742
 -52.666  8.879 17.541  1.106  2.027-78.832 17.742 13.059  -0.03
 62632 749 1 2 3 4 6386.6738 6387.5713
 13.215  0.001 12.243 12.244-52.565-41.579  4.780  7.477 11.742
 -52.666  8.879 17.541  1.106  2.027-78.832 17.742 13.059  -0.03
 627321016 3 1 411 6387.5713 6388.5933
 14.563  0.464 11.163 11.637-41.752-27.877  8.713  7.769 11.711
 -41.821 17.541 22.724  3.133 -1.021 17.742 -3.182 15.491   0.40
 627321016 3 1 411 6387.5713 6388.5933
 14.305  0.617 11.757 12.387-41.731-28.119  0.506  0.050 11.711
 -41.821 17.541 22.724  3.133 -1.021 17.742 -3.182 15.491   0.40
 627321016 3 1 411 6387.5713 6388.5933
 14.683  0.505 12.244 12.760-41.579-27.581  7.477  2.193 11.711
 -41.821 17.541 22.724  3.133 -1.021 17.742 -3.182 15.491   0.40
 62832 945 4 71110 6388.5933 6389.6689
 14.285 -0.130 12.166 12.026-25.991-11.678  3.390  1.894 12.122
 -26.997 22.724 18.077  2.112 -0.090 -3.182-10.978 13.677   0.03
 62832 945 4 71110 6388.5933 6389.6689
 13.905 -0.348 12.760 12.386-27.581-13.677  2.193  3.380 12.122
 -26.997 22.724 18.077  2.112 -0.090 -3.182-10.978 13.677   0.03
 62832 945 4 71110 6388.5933 6389.6689
 14.361  0.086 12.739 12.831-28.140-13.746  2.691  2.177 12.122
 -26.997 22.724 18.077  2.112 -0.090 -3.182-10.978 13.677   0.03
 62832 945 4 71110 6388.5933 6389.6689
 14.405 -0.001 12.387 12.386-28.119-13.677  0.050  3.380 12.122
 -26.997 22.724 18.077  2.112 -0.090 -3.182-10.978 13.677   0.03
 62832 945 4 71110 6388.5933 6389.6689
 14.280  0.030 11.637 11.669-27.877-13.570  7.769  5.820 12.122
 -26.997 22.724 18.077  2.112 -0.090 -3.182-10.978 13.677   0.03
 62832 945 4 71110 6388.5933 6389.6689
 13.552 -0.297 11.738 11.419-29.074-15.550  0.050  0.050 12.122
 -26.997 22.724 18.077  2.112 -0.090 -3.182-10.978 13.677   0.03
 62832 945 4 71110 6388.5933 6389.6689
 14.074 -0.149 11.580 11.419-29.635-15.550  0.050  0.050 12.122
 -26.997 22.724 18.077  2.112 -0.090 -3.182-10.978 13.677   0.03
 62932 756 4 610 9 6389.6689 6390.5791
 14.826 -0.008 11.669 11.661-13.570 -0.964  5.820  2.531 12.151
 -13.339 18.077 19.163  2.022 -0.216-10.978 26.579 14.777   0.04
 62932 756 4 610 9 6389.6689 6390.5791
 14.601 -0.010 12.831 12.822-13.746 -1.345  2.177  8.688 12.151
 -13.339 18.077 19.163  2.022 -0.216-10.978 26.579 14.777   0.04
 62932 756 4 610 9 6389.6689 6390.5791
 14.298  0.157 12.026 12.169-11.678  0.447  1.894  0.426 12.151
 -13.339 18.077 19.163  2.022 -0.216-10.978 26.579 14.777   0.04
 62932 756 4 610 9 6389.6689 6390.5791
 14.644  0.107 14.175 14.272-12.826 -0.386  1.435  0.466 12.151
 -13.339 18.077 19.163  2.022 -0.216-10.978 26.579 14.777   0.04
 6303210 5 5 4 9 7 6390.5791 6391.6831
 14.339  0.632 11.532 12.230 -1.188 13.563  0.717  0.050 12.185
  -0.777 19.163  7.561  1.806  0.459 26.579 51.289 14.089   0.24
 6303210 5 5 4 9 7 6390.5791 6391.6831
 14.136  0.515 11.661 12.230 -0.964 13.563  2.531  0.050 12.185
  -0.777 19.163  7.561  1.806  0.459 26.579 51.289 14.089   0.24
 6303210 5 5 4 9 7 6390.5791 6391.6831
 14.419  0.616 11.858 12.538 -1.287 13.553  1.643  4.556 12.185
  -0.777 19.163  7.561  1.806  0.459 26.579 51.289 14.089   0.24
 6303210 5 5 4 9 7 6390.5791 6391.6831
 14.370  0.513 12.822 13.388 -1.345 13.441  8.688  0.363 12.185
  -0.777 19.163  7.561  1.806  0.459 26.579 51.289 14.089   0.24
 7 132 736 1 3 4 2 6391.6831 6392.6626
 13.243 -0.729 -7.046 -6.333-51.795-39.786  1.007  0.747 -7.268
 -52.024  2.380  0.791  0.551 -0.007 44.275 84.432 13.475  -0.93
 7 132 736 1 3 4 2 6391.6831 6392.6626
 13.691 -0.678 -6.997 -6.333-52.233-39.786  0.050  0.747 -7.268
 -52.024  2.380  0.791  0.551 -0.007 44.275 84.432 13.475  -0.93
 7 132 736 1 3 4 2 6391.6831 6392.6626
 13.638 -1.131 -7.440 -6.333-52.181-39.786  1.273  0.747 -7.268
 -52.024  2.380  0.791  0.551 -0.007 44.275 84.432 13.475  -0.93
 7 132 736 1 3 4 2 6391.6831 6392.6626
 13.833 -0.772 -7.630 -6.874-52.426-39.839  0.050  0.043 -7.268
 -52.024  2.380  0.791  0.551 -0.007 44.275 84.432 13.475  -0.93
 7 132 736 1 6 7 4 6391.6831 6392.6626
 14.490  0.116 11.702 11.816 13.322 26.551  0.050  1.312 12.448
  13.698  7.561  6.624  2.266 -1.252 51.289-74.079 14.180   0.85
 7 132 736 1 6 7 4 6391.6831 6392.6626
 14.638 -0.182 11.994 11.816 13.176 26.551  0.050  1.312 12.448
  13.698  7.561  6.624  2.266 -1.252 51.289-74.079 14.180   0.85
 7 132 736 1 6 7 4 6391.6831 6392.6626
 14.526  0.275 13.388 13.657 13.441 26.705  0.363  3.454 12.448
  13.698  7.561  6.624  2.266 -1.252 51.289-74.079 14.180   0.85
 7 132 736 1 6 7 4 6391.6831 6392.6626
 14.591  0.086 13.564 13.649 12.994 26.322  1.143  1.144 12.448
  13.698  7.561  6.624  2.266 -1.252 51.289-74.079 14.180   0.85
 7 232 8 5 1 1 2 3 6392.6626 6393.5825
 13.562  0.118 -6.874 -6.983-39.839-28.262  0.043  1.002 -6.362
 -39.789  0.791  6.798  0.544 -0.277 84.432 40.514 13.307   0.39
 7 232 8 5 1 1 2 3 6392.6626 6393.5825
 13.320  0.303 -6.333 -6.611-39.786-28.431  0.747  4.249 -6.362
 -39.789  0.791  6.798  0.544 -0.277 84.432 40.514 13.307   0.39
 7 232 8 5 1 3 4 5 6392.6626 6393.5825
 14.082  0.953 -6.679 -7.556-52.649-40.593  0.711  0.437 -6.327
 -55.473  3.279 19.842  3.612  1.987 -7.157-12.788 13.649   0.26
 7 33210 0 2 1 3 2 6393.5825 6394.5908
 13.856  0.358 -6.983 -7.344-28.262-15.278  1.002  1.604 -6.722
 -28.445  6.798  1.831  0.267  0.189 40.514 55.364 14.070   0.57
 7 33210 0 2 1 3 2 6393.5825 6394.5908
 14.024  0.727 -6.611 -7.344-28.431-15.278  4.249  1.604 -6.722
 -28.445  6.798  1.831  0.267  0.189 40.514 55.364 14.070   0.57
 7 33210 0 2 1 3 2 6393.5825 6394.5908
 14.195  0.484 -6.856 -7.344-28.603-15.278  1.547  1.604 -6.722
 -28.445  6.798  1.831  0.267  0.189 40.514 55.364 14.070   0.57
 7 33210 0 4 1 5 7 6393.5825 6394.5908
 14.560  0.414 -7.153 -7.571-40.153-26.459  2.363 13.721 -6.566
 -43.814 19.842 17.946  5.599 -0.095-12.788 -4.109 16.911   0.91
 7 33210 0 4 1 5 7 6393.5825 6394.5908
 14.218  0.225 -7.556 -7.783-40.593-27.244  0.437  0.050 -6.566
 -43.814 19.842 17.946  5.599 -0.095-12.788 -4.109 16.911   0.91
 7 33210 0 4 1 5 7 6393.5825 6394.5908
 14.516  0.580 -7.198 -7.783-40.893-27.244  4.697  0.050 -6.566
 -43.814 19.842 17.946  5.599 -0.095-12.788 -4.109 16.911   0.91
 7 33210 0 4 1 5 7 6393.5825 6394.5908
 14.240  0.201 -5.990 -6.193-46.368-32.997 10.623  2.021 -6.566
 -43.814 19.842 17.946  5.599 -0.095-12.788 -4.109 16.911   0.91
 7 432 948 1 1 2 2 6394.5908 6395.5869
 14.421  0.082 -6.969 -7.050-15.016 -1.631  0.228  1.760 -7.297
 -15.245  1.831  1.810  0.456  1.399 55.364-10.454 14.599  -0.26
 7 432 948 1 1 2 2 6394.5908 6395.5869
 14.683 -0.295 -7.344 -7.050-15.278 -1.631  1.604  1.760 -7.297
 -15.245  1.831  1.810  0.456  1.399 55.364-10.454 14.599  -0.26
 7 432 948 2 5 7 7 6394.5908 6395.5869
 15.976 -0.027 -7.783 -7.756-27.244-12.309  0.050  6.577 -7.480
 -27.750 17.946 11.836  5.503  1.460 -4.109-13.627 14.091  -0.25
 7 432 948 2 5 7 7 6394.5908 6395.5869
 15.655 -0.326 -8.028 -7.704-29.168-14.553  0.050  0.050 -7.480
 -27.750 17.946 11.836  5.503  1.460 -4.109-13.627 14.091  -0.25
 7 432 948 2 5 7 7 6394.5908 6395.5869
 15.577 -0.081 -7.784 -7.704-29.090-14.553  0.196  0.050 -7.480
 -27.750 17.946 11.836  5.503  1.460 -4.109-13.627 14.091  -0.25
 7 432 948 2 5 7 7 6394.5908 6395.5869
 15.794 -0.016 -7.650 -7.634-29.791-15.038  0.110  0.050 -7.480
 -27.750 17.946 11.836  5.503  1.460 -4.109-13.627 14.091  -0.25
 7 832 9 8 1 3 4 3 6398.6187 6399.7910
 14.643 -0.179 -8.088 -7.878 28.942 44.959 15.358  5.261 -8.036
  28.786 19.677  5.502  0.741  3.687-18.484-15.450 14.615  -0.18
 7 832 9 8 1 3 4 3 6398.6187 6399.7910
 14.958  0.089 -7.773 -7.878 28.572 44.959  2.128  5.261 -8.036
  28.786 19.677  5.502  0.741  3.687-18.484-15.450 14.615  -0.18
 7 832 9 8 1 3 4 3 6398.6187 6399.7910
 15.112 -0.214 -7.912 -7.661 27.987 44.555  1.307  0.050 -8.036
  28.786 19.677  5.502  0.741  3.687-18.484-15.450 14.615  -0.18
 7 832 9 8 1 3 4 3 6398.6187 6399.7910
 15.292 -0.253 -7.958 -7.661 27.776 44.555  0.884  0.050 -8.036
  28.786 19.677  5.502  0.741  3.687-18.484-15.450 14.615  -0.18
 7 932 5 0 1 2 3 2 6399.7910 6400.5708
 15.092  0.569 -7.878 -8.322 44.959 55.966  5.261  5.119 -7.826
  44.771  5.502  7.759  4.427 -3.838-15.450-42.440 15.142   0.46
 7 932 5 0 1 2 3 2 6399.7910 6400.5708
 15.047  0.337 -7.661 -7.924 44.555 55.526  0.050  2.640 -7.826
  44.771  5.502  7.759  4.427 -3.838-15.450-42.440 15.142   0.46
 72932 911 0 0 1 1 6419.6167 6420.6743
 13.456 -0.064 -7.768 -7.700-49.053-35.856 23.744 10.049 -7.768
 -49.053 23.744 10.049  0.000  0.000  0.000  0.000 13.456  -0.06
 73032 748 0 0 1 1 6420.6743 6421.6133
 13.488  0.260 -7.700 -7.944-35.856-24.111 10.049 22.125 -7.700
 -35.856 10.049 22.125  0.000  0.000  0.000  0.000 13.488   0.26
 73132 916 0 0 1 1 6421.6133 6422.5908
 13.952 -0.115 -7.944 -7.832-24.111-11.425 22.125 19.962 -7.944
 -24.111 22.125 19.962  0.000  0.000  0.000  0.000 13.952  -0.11
 8 132 948 0 0 1 1 6422.5908 6423.5923
 13.740 -0.131 -7.832 -7.701-11.425  1.354 19.962  6.064 -7.832
 -11.425 19.962  6.064  0.000  0.000  0.000  0.000 13.740  -0.13
 8 232 946 0 0 1 1 6423.5923 6424.5938
 14.092  0.107 -7.701 -7.808  1.354 14.486  6.064 21.966 -7.701
   1.354  6.064 21.966  0.000  0.000  0.000  0.000 14.092   0.11
 8 332 945 0 0 1 1 6424.5938 6425.5742
 14.617  0.157 -7.808 -7.962 14.486 27.859 21.966 17.880 -7.808
  14.486 21.966 17.880  0.000  0.000  0.000  0.000 14.617   0.16
 8 4321012 0 0 1 2 6425.5742 6426.5742
 13.831  0.326 -7.962 -8.288 27.859 40.711 17.880 22.510 -7.962
  27.859 17.880 22.560  0.000  0.796  0.000 21.641 13.829   0.33
 8 5321012 1 1 2 1 6426.5742 6427.5981
 14.099 -0.151 -8.288 -8.134 40.711 54.141 22.510 17.822 -8.289
  40.710 22.560 17.822  0.796 -0.796 21.641  0.000 14.101  -0.15
 8 5321012 1 1 2 1 6426.5742 6427.5981
 14.829 -0.437 -8.582 -8.134 39.964 54.141  0.050 17.822 -8.289
  40.710 22.560 17.822  0.796 -0.796 21.641  0.000 14.101  -0.15
 83132 956 0 0 1 1 6452.5859 6453.6724
 13.669  0.120 -7.476 -7.606 27.281 41.062  4.501  1.524 -7.476
  27.281  4.501  1.524  0.000  0.000  0.000  0.000 13.669   0.12
102232 918 3 4 7 4 6504.6123 6505.6626
 13.470 -0.840 11.261 10.378-22.558 -9.450 13.272  7.641 10.909
 -23.156 34.634 16.735  1.176  0.234-36.572-40.590 14.453  -0.03
102232 918 3 4 7 4 6504.6123 6505.6626
 13.330 -0.672 11.433 10.728-23.357-10.396  2.226  0.818 10.909
 -23.156 34.634 16.735  1.176  0.234-36.572-40.590 14.453  -0.03
102232 918 3 4 7 4 6504.6123 6505.6626
 14.071 -0.367 11.113 10.728-24.135-10.396  0.611  0.818 10.909
 -23.156 34.634 16.735  1.176  0.234-36.572-40.590 14.453  -0.03
102232 918 3 4 7 4 6504.6123 6505.6626
 14.011 -0.627 12.159 11.501-23.160 -9.484  0.215  0.232 10.909
 -23.156 34.634 16.735  1.176  0.234-36.572-40.590 14.453  -0.03
102232 918 3 4 7 4 6504.6123 6505.6626
 13.906 -0.750 12.288 11.501-23.050 -9.484  0.801  0.232 10.909
 -23.156 34.634 16.735  1.176  0.234-36.572-40.590 14.453  -0.03
102332 8 5 1 3 4 2 6505.6626 6506.7300
 14.194 -0.779 11.359 10.527 -8.449  5.648  8.044  3.489 10.882
  -9.015 16.735  4.348  1.410  0.355-40.590-31.842 14.442  -0.50
102332 8 5 1 3 4 2 6505.6626 6506.7300
 13.703 -0.733 10.378  9.596 -9.450  4.124  7.641  0.859 10.882
  -9.015 16.735  4.348  1.410  0.355-40.590-31.842 14.442  -0.50
102332 8 5 1 3 4 2 6505.6626 6506.7300
 14.590 -1.060 10.728  9.596-10.396  4.124  0.818  0.859 10.882
  -9.015 16.735  4.348  1.410  0.355-40.590-31.842 14.442  -0.50
102432 629 1 1 2 2 6506.7300 6507.7324
 14.732 -0.369 10.527 10.157  5.648 19.431  3.489  1.067 10.343
   5.347  4.348  1.655  1.765 -1.385-31.842-11.024 14.898  -0.21
102532 624 1 1 2 3 6507.7324 6508.6650
 14.108  0.324 10.085 10.387 19.052 31.290  0.588  6.558 10.131
  19.297  1.655  6.957  0.380  3.682-11.024 -4.122 13.593   0.26
102532 624 1 1 2 3 6507.7324 6508.6650
 13.702  0.246 10.157 10.387 19.431 31.290  1.067  6.558 10.131
  19.297  1.655  6.957  0.380  3.682-11.024 -4.122 13.593   0.26
102632 8 1 1 2 3 2 6508.6650 6509.6714
 14.429  0.080 10.387 10.467 31.290 44.816  6.558  3.956 10.370
  31.054  6.957  6.176  4.062 -3.713 -4.122 76.492 14.693  -0.02
102732 753 1 1 2 3 6509.6714 6510.6758
 11.549 -0.785 10.128  9.339 44.899 55.506  2.220  0.252 10.345
  44.846  6.176  4.198  0.349  1.981 76.492 -5.440 13.737  -0.76
102732 753 1 1 2 3 6509.6714 6510.6758
 11.401 -0.908 10.467  9.555 44.816 55.275  3.956  0.050 10.345
  44.846  6.176  4.198  0.349  1.981 76.492 -5.440 13.737  -0.76
111732 734 3 1 410 6530.6841 6531.6641
 15.050  0.860  8.962  9.805 18.972 32.753  0.881  1.647  9.389
  14.807 10.203 19.410  4.437  1.171  4.359  1.921 14.973   0.16
111732 734 3 1 410 6530.6841 6531.6641
 15.269  1.077  8.350  9.405 20.347 34.343  0.050  1.363  9.389
  14.807 10.203 19.410  4.437  1.171  4.359  1.921 14.973   0.16
111932 518 5 81310 6532.7783 6533.6709
 12.956  0.666  8.704  9.298 42.346 53.030  0.426  8.582  8.542
  48.052 26.881 43.493  6.193  1.669 -4.872 -4.195 11.708   0.78
111932 518 5 81310 6532.7783 6533.6709
 12.552  0.349  8.987  9.298 42.707 53.030  0.757  8.582  8.542
  48.052 26.881 43.493  6.193  1.669 -4.872 -4.195 11.708   0.78
111932 518 5 81310 6532.7783 6533.6709
 12.862  0.482  9.517  9.947 42.171 52.770  2.104  3.348  8.542
  48.052 26.881 43.493  6.193  1.669 -4.872 -4.195 11.708   0.78
111932 518 5 81310 6532.7783 6533.6709
 12.428  0.244  9.360  9.578 48.567 58.779  0.244  1.337  8.542
  48.052 26.881 43.493  6.193  1.669 -4.872 -4.195 11.708   0.78
111932 518 5 81310 6532.7783 6533.6709
 13.047  0.601  9.041  9.578 48.014 58.779  0.050  1.337  8.542
  48.052 26.881 43.493  6.193  1.669 -4.872 -4.195 11.708   0.78
12 232 644 5 2 7 1 6545.7192 6546.6812
 14.244 -0.305  5.949  5.655-34.156-21.401  0.469  0.174  6.166
 -32.562  6.695  0.174  6.206 -6.206 -0.235  0.000 12.586  -0.53
12 232 644 5 2 7 1 6545.7192 6546.6812
 15.027 -0.548  6.182  5.655-34.909-21.401  3.797  0.174  6.166
 -32.562  6.695  0.174  6.206 -6.206 -0.235  0.000 12.586  -0.53
