 11120 2 0 0 0 1 2 1836.9166 1837.6632
 13.369 -0.183-13.940-36.745-27.496 10.313 21.546  0.000  0.000
   0.000  0.000  0.000  0.000  0.000  0.000  0.000-27.497   0.00
 11120 2 0 0 0 1 1 1836.9166 1837.6632
 14.490 -0.773-13.666-44.596-34.510  1.237  0.713  0.000  0.000
   0.000  0.000  0.000  0.000  0.000  0.000  0.000  0.000   0.00
 11120 2 0 0 0 1 1 1836.9166 1837.6632
 13.826  1.039 10.984-33.778-24.187  4.879  0.148  0.000  0.000
   0.000  0.000  0.000  0.000  0.000  0.000  0.000  0.000   0.00
 11120 2 0 0 0 1 1 1836.9166 1837.6632
 13.468  0.492 13.758-26.484-17.161  0.481  5.735  0.000  0.000
   0.000  0.000  0.000  0.000  0.000  0.000  0.000  0.000   0.00
 11220 8 4 1 1 2 4 1837.6632 1838.6805
 14.128  0.119-13.803-27.496-14.119 21.546 10.472 83.555  2.488
 -27.431-27.497-13.249-13.811  0.290 21.256-14.059-16.356 -40.46
 11220 8 4 0 0 1 1 1837.6632 1838.6805
 14.285 -0.506 11.760-24.187-10.651  0.148 14.623  0.000  0.000
   0.000  0.000  0.000  0.000  0.000  0.000  0.000  0.000   0.00
 11220 8 4 0 0 1 2 1837.6632 1838.6805
 14.266  0.002 14.125-17.161 -3.644  5.735  5.807  0.000  0.000
   0.000  0.000  0.000  0.000  0.000  0.000  0.000 -3.698   0.00
 11320 739 3 1 4 2 1838.6805 1839.7139
 13.502  0.095-13.924-14.119 -1.178 10.472 19.992 43.092 -2.258
 -14.059-16.356-13.870-15.956 10.200  0.272 -1.165 -1.865 -11.69
 11320 739 1 1 2 2 1838.6805 1839.7139
 14.822  0.543  3.305-48.348-34.044  7.854 18.170 36.889 -2.473
 -48.330-51.125  3.291  5.386  7.804  0.050-34.021-34.706 -84.59
 11320 739 0 0 1 1 1838.6805 1839.7139
 14.804 -0.293 11.246-10.651  3.635 14.623  7.011  0.000  0.000
   0.000  0.000  0.000  0.000  0.000  0.000  0.000  0.000   0.00
 11320 739 1 1 2 1 1838.6805 1839.7139
 14.630 -0.779 14.126 -3.644 10.462  5.807  1.900 58.974 -0.480
  -3.443 -3.698 13.803 14.214  1.242  4.565  0.000  0.000   0.00
 11420 652 1 1 2 3 1839.7139 1840.6771
 13.753  0.343-14.023 -1.178 11.126 19.992  6.657 31.399  0.887
  -1.165 -1.865-14.015-14.429 19.621  0.371 11.478  9.804 -46.84
 11420 652 1 1 2 4 1839.7139 1840.6771
 14.377 -1.936  3.866-34.044-21.138 18.170  8.913-47.706 -0.088
 -34.021-34.706  3.892  3.140 17.559  0.612-20.939-21.770  74.35
 11420 652 0 0 1 2 1839.7139 1840.6771
 12.439 -0.700 10.943  3.635 14.674  7.011  4.374  0.000  0.000
   0.000  0.000  0.000  0.000  0.000  0.000  0.000 14.162   0.00
 11420 652 0 0 1 2 1839.7139 1840.6771
 12.496 -0.707 13.321 10.462 21.555  1.900  5.878  0.000  0.000
   0.000  0.000  0.000  0.000  0.000  0.000  0.000 21.156   0.00
 11520 745 1 2 3 1 1840.6771 1841.6736
 14.984  0.745-14.353 11.126 25.082  6.657 23.791-15.438 -1.682
  11.478  9.804-14.448-14.000  5.256  1.401  0.000  0.000   0.00
 11520 745 1 3 4 2 1840.6771 1841.6736
 14.146  0.394  2.001-21.138 -8.017  8.913  9.130 26.640 -0.010
 -20.939-21.770  1.902  2.318  6.775  2.138 -7.991 -8.690 -67.05
 11520 745 1 1 2 1 1840.6771 1841.6736
 14.949  0.658 10.268 14.674 28.596  4.374  4.055 57.950 -1.031
  14.719 14.162 10.198 11.072  4.022  0.353  0.000  0.000   0.00
 11620 749 0 0 1 1 1841.6736 1842.6805
 13.950 -1.312-15.095 25.082 38.143 23.791 12.522  0.000  0.000
   0.000  0.000  0.000  0.000  0.000  0.000  0.000  0.000   0.00
 11620 749 1 1 2 3 1841.6736 1842.6805
 13.886  0.264  2.394 -8.017  4.980  9.130 12.206-40.414  0.176
  -7.991 -8.690  2.416  1.821  8.793  0.337  5.032  3.941  45.56
 11620 749 0 0 1 1 1841.6736 1842.6805
 13.698  2.144 10.924 28.596 41.403  4.055  0.313  0.000  0.000
   0.000  0.000  0.000  0.000  0.000  0.000  0.000  0.000   0.00
 12420 615 6 3 916 1849.7396 1850.6764
 12.289  1.272-17.092 18.114 28.709 42.525 60.849  1.149  1.232
  22.101 15.186-17.015-17.148 18.003 24.522 33.943 25.713   3.69
 12420 615 3 5 8 2 1849.7396 1850.6764
 12.873 -2.263 -9.320-49.419-38.276 21.123  2.909 26.072 -2.726
 -46.551-51.471 -7.935-10.311  8.813 12.310-38.169-40.867 -28.20
 12520 746 8 816 6 1850.6764 1851.9166
 11.330  0.985-18.283 28.709 41.548 60.849 15.017  4.840 -5.783
  33.943 25.713-17.862-18.524 22.156 38.693 42.156 39.975  -8.02
 12520 74612 41627 1850.6764 1851.9166
 15.129  0.375 -6.653-32.084-14.534 43.179117.665  6.966  8.339
 -30.592-33.368 -6.472 -6.809 19.973 23.206 -8.267-18.778  13.29
 12520 746 1 1 227 1850.6764 1851.9166
 15.904  2.915 -3.502-33.045-14.534  4.701117.665 88.852 11.092
 -33.045-33.046 -3.492 -3.517  2.810  1.891 -8.267-18.778 -68.59
 12620 2 0 9182738 1851.9166 1852.6979
 15.784 -2.009 -7.118-14.534 -2.967117.665 87.121 20.260 -1.456
  -8.267-18.778 -4.823 -8.673 47.512 70.153  2.590 -6.822  -6.10
 12720 715182038 1 1852.6979 1853.7813
 13.299 -2.988 -5.549 -2.967 10.380 87.121  2.583 14.156 -9.661
   2.590 -6.822 -4.154 -6.517 35.684 51.438  0.000  0.000   0.00
 12820 515 0 0 126 1853.7813 1854.6632
 12.539  2.325 -2.206 15.420 25.616  0.050 36.032  0.000  0.000
   0.000  0.000  0.000  0.000  0.000  0.000  0.000 20.101   0.00
 2 520 8 0 2 3 5 6 1861.6666 1862.6597
 12.327 -1.417-16.248-24.963-13.694  6.687  6.480  1.519  0.130
 -24.619-30.072-16.239-16.378  6.265  0.422-12.006-17.559  -1.71
 21120 7 1 1 2 3 4 1867.7069 1868.6639
 13.543 -1.174  5.452-28.186-16.163  3.857  9.342 19.894  1.632
 -28.035-28.255  5.398  5.477  1.203  2.654-15.129-16.864   2.01
 21120 7 1 1 4 5 1 1867.7069 1868.6639
 15.350 -1.640  6.926-48.012-34.260 16.679 25.546 38.189 -1.677
 -47.654-48.982  6.647  7.684 12.189  4.491  0.000  0.000   0.00
 21120 7 1 1 2 3 4 1867.7069 1868.6639
 14.493 -0.637  6.623-54.270-41.339 17.298  8.131 36.932  1.293
 -54.163-54.717  6.543  6.956 13.962  3.336-39.463-41.383 -52.45
 21220 8 3 3 3 6 3 1868.6639 1869.8334
 14.340  1.192-20.175-48.727-33.103 10.337  8.269  3.993 -3.060
 -46.577-51.060-20.035-20.328  5.379  4.958-32.832-34.063 -12.55
 21220 8 3 2 2 413 1868.6639 1869.8334
 12.059 -0.073  4.329-16.163 -3.206  9.342 28.850 21.906  1.824
 -15.129-16.864  3.914  4.610  3.775  5.568 -1.449 -5.147 -23.45
 21320 4 0 1 2 3 2 1869.8334 1870.7084
 16.285 -1.787-21.569-33.103-19.711  8.269  1.696 -8.556 -0.767
 -32.832-34.063-21.607-21.435  6.448  1.821-19.699-20.113   4.24
 21420 7 0 1 1 2 1 1870.7084 1871.6632
 14.219 -0.371-20.005-19.711 -7.070  1.696  0.936 -4.317 -0.390
 -19.699-20.113-20.006-19.977  1.646  0.050  0.000  0.000   0.00
 21420 7 0 0 0 1 1 1870.7084 1871.6632
 14.400 -0.402 -7.507-49.378-36.564  9.933  5.251  0.000  0.000
   0.000  0.000  0.000  0.000  0.000  0.000  0.000  0.000   0.00
 21420 7 0 2 2 4 7 1870.7084 1871.6632
 16.166 -0.097 20.317-55.287-40.786 19.100 20.263 10.801  1.205
 -52.559-56.497 19.829 20.534  5.870 13.229-38.385-43.632  -3.50
 21420 7 0 1 2 310 1870.7084 1871.6632
 12.620 -0.211  5.056 -7.207  3.908  4.405  9.206-68.115  1.840
  -7.181 -7.809  5.120  3.563  4.222  0.183  4.982  1.454  70.49
 21420 7 0 6 3 919 1870.7084 1871.6632
 14.983 -0.391  4.598 11.619 24.990 21.111 53.983  4.887  1.124
  13.918  9.040  4.403  4.818 11.163  9.948 27.482 21.479  -0.57
 21520 8 4 4 2 611 1871.6632 1872.6666
 12.755  0.656-16.491-48.945-37.129 18.191 14.636  0.847  0.891
 -48.574-51.849-16.486-16.532 16.135  2.056-35.210-39.421   2.72
 21520 8 4 0 0 1 1 1871.6632 1872.6666
 14.236  0.573 -7.123-36.564-23.261  5.251  2.854  0.000  0.000
   0.000  0.000  0.000  0.000  0.000  0.000  0.000  0.000   0.00
 21520 8 4 2 5 7 5 1871.6632 1872.6666
 15.329 -0.559 20.224-40.786-26.387 20.263 14.660  7.306 -1.521
 -38.385-43.632 19.936 20.567 10.990  9.273-24.544-28.200  -7.52
 21520 8 4 3 710 3 1871.6632 1872.6666
 13.431  0.264  4.854  3.908 16.402  9.206  8.378  2.371  1.668
   4.982  1.454  4.810  4.955  6.405  2.801 18.672 13.474   0.97
 21520 8 412 719 7 1871.6632 1872.6666
 14.651  0.426  4.225 24.990 38.709 53.983 12.190  4.320  0.771
  27.482 21.479  4.038  4.490 31.579 22.404 41.408 34.697   4.83
 31020 8 9 5 71211 1895.6597 1896.6340
 13.106  0.228-15.431  1.504 13.315 14.276 12.984 10.009  2.223
   4.024 -1.849-15.003-16.002  8.150  6.127 17.109  8.830 -10.56
 31820 852 5 3 8 7 1903.6299 1904.6222
 14.669 -0.477-12.986-27.208-13.627 14.903  5.254 38.402  0.161
 -27.128-27.733-12.924-13.391 12.948  1.955-13.484-13.955  21.31
 31820 852 5 510 6 1903.6299 1904.6222
 16.080 -0.430-12.327-40.755-25.774 10.024  8.294  8.537  1.706
 -38.605-42.237-12.012-12.544  4.090  5.934-24.119-29.517  -4.57
 31820 852 1 1 2 1 1903.6299 1904.6222
 14.058  0.210 -6.850-57.404-44.429 24.370 36.149 39.039 -1.211
 -57.381-58.328 -6.831 -7.594 23.777  0.593  0.000  0.000   0.00
 31820 85225123735 1903.6299 1904.6222
 15.689 -0.555 -6.080-43.605-29.011118.454 95.595 -0.033  0.565
 -38.988-49.375 -6.083 -6.077 65.807 52.646-22.610-33.554  -0.06
 31920 9 3 4 3 7 8 1904.6222 1905.6194
 15.159  0.213-12.512-13.627  0.508  5.254 14.411 59.715  0.200
 -13.484-13.955-12.273-13.061  3.657  1.597  0.951 -0.072 -86.00
 31920 9 3 3 3 6 6 1904.6222 1905.6194
 13.825 -0.081-11.900-25.774-12.970  8.294  8.959  3.965  0.175
 -24.119-29.517-11.788-12.154  5.751  2.543-10.354-15.922   0.79
 31920 9 3 0 0 1 3 1904.6222 1905.6194
 14.294  0.543 -7.059-44.429-31.156 36.149 18.310  0.000  0.000
   0.000  0.000  0.000  0.000  0.000  0.000  0.000-33.606   0.00
 32920 856 3 2 5 2 1914.6278 1915.6139
 14.450 -0.272  8.820 -4.377  8.901 17.753 12.665-72.657  0.100
  -4.321 -4.470  8.998  8.525 11.060  6.693  9.490  8.898  62.03
 42820 934 0 0 1 1 1944.6007 1945.6111
 14.894  0.316 10.028-37.343-23.290 13.777 16.102  0.000  0.000
   0.000  0.000  0.000  0.000  0.000  0.000  0.000  0.000   0.00
 42820 934 4 3 7 8 1944.6007 1945.6111
 14.025 -0.049 13.473-20.677 -7.502  1.988  2.625-14.336  1.020
 -19.536-22.977 13.757 12.902  1.329  0.659 -4.598 -9.165   7.62
 5 620 948 1 2 3 3 1952.5917 1953.5840
 14.559  0.939 -6.024-36.746-23.277  4.969 12.185 36.481  1.066
 -36.586-36.808 -5.907 -6.070  1.390  3.579-23.165-24.489 -25.37
 5 620 948 1 3 4 2 1952.5917 1953.5840
 13.744  0.246 -9.999-45.775-33.114  4.126  0.641-39.899 -0.114
 -45.651-46.171-10.102 -9.674  3.141  0.985-32.739-33.146  -3.75
 5 620 948 0 0 1 1 1952.5917 1953.5840
 14.354  0.358 -4.494-18.508 -5.242  0.312  1.837  0.000  0.000
   0.000  0.000  0.000  0.000  0.000  0.000  0.000  0.000   0.00
 5 720 958 2 2 413 1953.5840 1954.6021
 13.425 -0.712 -4.922-11.997  0.666  5.156  8.255-19.570  1.357
 -11.383-14.317 -5.140 -4.100  4.077  1.080  3.387 -0.999   8.30
 5 720 958 1 2 3 4 1953.5840 1954.6021
 13.114 -1.630 -6.956-23.277-10.929 12.185  4.992 11.106  0.358
 -23.165-24.489 -6.934 -7.192 11.155  1.030-10.143-11.778 -27.57
 5 820 933 7 613 9 1954.6021 1955.5896
 13.262 -0.026 -4.198  0.666 12.790  8.255 11.103-11.268 -1.482
   3.387 -0.999 -4.738 -3.867  3.135  5.120 14.302 11.677 -17.19
 5 820 933 3 1 4 4 1954.6021 1955.5896
 15.535  1.245 -5.297-10.929  3.438  4.992  9.121-16.465 -1.210
 -10.143-11.778 -5.528 -5.047  2.592  2.401  3.575  3.161 -15.87
 5 920 950 4 5 9 4 1955.5896 1956.5840
 12.933 -1.355 -4.172 12.790 24.670 11.103  9.175-28.455 -0.286
  14.302 11.677 -4.989 -3.570  4.707  6.396 26.645 23.953  25.58
 5 920 950 2 2 4 1 1955.5896 1956.5840
 14.395 -0.616 -6.526  3.438 16.773  9.121 18.969-32.334 -0.487
   3.575  3.161 -6.612 -6.352  6.097  3.024  0.000  0.000   0.00
 5 920 950 0 0 1 1 1955.5896 1956.5840
 13.718  1.356 -5.169-55.917-43.256  4.435  6.540  0.000  0.000
   0.000  0.000  0.000  0.000  0.000  0.000  0.000  0.000   0.00
 51020 958 3 1 4 2 1956.5840 1957.5924
 11.563  0.692 -2.825 24.670 35.336  9.175  1.500 -2.871 -2.405
  26.645 23.953 -2.924 -2.789  2.446  6.729 35.515 35.287  40.42
 51020 958 0 0 1 2 1956.5840 1957.5924
 12.525  0.886 -5.913 16.773 28.408 18.969  8.977  0.000  0.000
   0.000  0.000  0.000  0.000  0.000  0.000  0.000 28.278   0.00
 51020 958 0 0 1 1 1956.5840 1957.5924
 15.454 -1.462 -6.517-43.256-28.667  6.540  2.654  0.000  0.000
   0.000  0.000  0.000  0.000  0.000  0.000  0.000  0.000   0.00
 51120 946 1 1 2 6 1957.5924 1958.5909
 16.115 -0.598 -6.806 28.408 43.517  8.977  7.515 25.800  0.309
  28.953 28.278 -6.544 -6.868  1.729  7.248 43.881 43.276  29.35
 51120 946 0 0 1 2 1957.5924 1958.5909
 12.847  0.377 -5.043-28.667-16.822  2.654  4.506  0.000  0.000
   0.000  0.000  0.000  0.000  0.000  0.000  0.000-16.823   0.00
 5232010 5 2 3 5 6 1969.5792 1970.5792
 14.982 -0.154  6.042-58.981-44.983 28.412 10.905  7.385 -0.111
 -57.873-59.945  5.900  6.167 13.216 15.196-44.470-46.393   5.97
 5232010 5 0 0 1 1 1969.5792 1970.5792
 13.781  0.830 22.329  7.757 20.553  2.413  0.132  0.000  0.000
   0.000  0.000  0.000  0.000  0.000  0.000  0.000  0.000   0.00
 5242010 5 1 5 618 1970.5792 1971.5743
 14.757  1.428  5.888-44.983-31.277 10.905 25.737 13.359  0.099
 -44.470-46.393  5.767  6.221  7.998  2.907-30.408-32.455 -23.91
 525201012 3151811 1971.5743 1972.5743
 13.662 -0.130  7.309-31.277-18.598 25.737 36.808-10.550  0.967
 -30.408-32.455  7.470  7.092 14.811 10.926-17.091-20.118  18.50
 526201012 1 1 2 3 1972.5743 1973.5695
 14.832  1.130  3.941 37.151 50.932 10.232  4.194 -1.637  0.413
  40.226 36.764  4.029  3.930  1.143  9.089 53.566 49.687  -1.42
 526201012 4 71115 1972.5743 1973.5695
 14.622  0.044  7.179-18.598 -5.027 36.808 27.763  7.946 -0.272
 -17.091-20.118  6.970  7.389 18.477 18.331 -3.760 -6.542  -7.90
 527201019 0 0 1 5 1973.5695 1974.5729
 16.148 -0.811 11.309-13.736  1.482  0.115  7.462  0.000  0.000
   0.000  0.000  0.000  0.000  0.000  0.000  0.000  0.564   0.00
 527201019 7 81516 1973.5695 1974.5729
 14.425  0.107  7.223 -5.027  8.461 27.763 31.685  0.042 -0.265
  -3.760 -6.542  7.222  7.224 15.122 12.641  9.537  7.071 -11.49
 528201015 2 1 312 1974.5729 1975.5681
 16.147 -0.123-11.614 35.837 50.927  3.991 26.215 20.321 -0.101
  38.589 35.228-10.615-11.834  0.723  3.268 53.094 49.656 -11.53
 528201015 2 3 5 8 1974.5729 1975.5681
 14.981  1.280 13.223-49.689-35.759 16.980 31.024 -6.325  0.083
 -48.344-52.651 13.368 12.904 11.678  5.302-34.308-38.751   6.78
 528201015 8 816 9 1974.5729 1975.5681
 15.192 -0.559  7.331  8.461 22.600 31.685 12.471-11.448 -0.348
   9.537  7.071  7.547  7.052 17.853 13.831 23.566 21.426   3.12
 529201022 4 4 8 7 1975.5681 1976.5757
 13.141 -0.935 14.497-35.759-23.509 31.024  6.258  0.459  0.553
 -34.308-38.751 14.486 14.520 20.890 10.135-21.362-26.294   8.54
 529201022 3 6 9 4 1975.5681 1976.5757
 14.381  0.353  6.775 22.600 36.100 12.471 10.014 -8.327 -0.727
  23.566 21.426  6.915  6.604  6.838  5.633 37.037 35.605  10.28
 6 120 0 4 0 0 1 2 1978.9966 1979.5770
 15.442 -0.730 15.927 15.705 24.099  1.001  3.022  0.000  0.000
   0.000  0.000  0.000  0.000  0.000  0.000  0.000 20.853   0.00
 6 22010 8 2 1 3 5 1979.5770 1980.5612
 13.124  0.435 -4.457-56.609-44.662  6.822  6.702 10.435  3.733
 -56.360-57.379 -4.412 -4.599  5.150  1.672-43.044-47.715   2.03
 6 22010 8 1 1 2 2 1979.5770 1980.5612
 13.536 -0.233 10.771-31.815-19.462  1.511  3.729 68.154  2.318
 -31.709-31.855 10.511 10.868  0.412  1.099-19.436-21.395-112.73
 6 22010 8 4 610 2 1979.5770 1980.5612
 12.088 -0.056 14.867-34.030-23.102 26.167  0.376-15.903 -0.343
 -32.672-37.941 15.241 13.790 19.422  6.745-22.476-27.186  -7.26
 6 22010 8 2 3 5 3 1979.5770 1980.5612
 15.072  0.512 15.916 26.898 40.762  2.558  2.888  3.859  0.908
  29.720 25.216 15.733 16.025  0.956  1.603 42.350 37.188  15.54
 6 3201031 1 1 2 2 1980.5612 1981.7361
 15.982 -1.341 14.811-23.102 -5.478  0.376 25.813-23.166 -4.278
 -22.476-27.186 15.070 13.122  0.326  0.050 -5.457 -6.150  24.15
 6 3201031 1 1 2 2 1980.5612 1981.7361
 12.884  2.293 10.541-19.462 -5.478  3.729 25.813-44.576 -2.028
 -19.436-21.395 10.567  8.669  3.679  0.050 -5.457 -6.150  45.56
 6 3201031 1 6 7 2 1980.5612 1981.7361
 13.201 -1.195 14.640-19.835 -5.478 31.690 25.813 36.539 -0.322
 -19.433-20.261 14.352 14.945 16.312 15.378 -5.457 -6.150 -35.55
 6 720 930 0 0 1 2 1984.6041 1985.6216
 14.582 -0.623 14.759 35.064 48.899 20.183 28.803  0.000  0.000
   0.000  0.000  0.000  0.000  0.000  0.000  0.000 48.857   0.00
 6 720 930 1 1 2 7 1984.6041 1985.6216
 12.735  0.185 13.190-58.484-46.527  5.356 10.929 24.238  2.726
 -57.774-58.506 12.879 13.199  0.161  5.195-44.016-47.602 -18.34
 61220101812122417 1989.5702 1990.5695
 17.203 -0.435 15.174  3.982 20.192 31.903 27.614 17.556 -8.673
   7.964 -2.699 13.958 17.214 19.988 11.915 20.994 18.891  -1.03
 613201019 2 5 7 7 1990.5695 1991.5951
 13.357  0.444 17.547  9.285 21.979  9.795  7.723 21.821  1.056
  10.843  6.476 16.953 18.620  6.301  3.494 26.226 21.272   9.93
 613201019 41317 1 1990.5695 1991.5951
 15.427 -1.582 14.739 20.192 35.009 27.614 14.299 16.527 -2.121
  20.994 18.891 14.509 15.113 17.083 10.531  0.000  0.000   0.00
 61920 852 0 0 1 1 1996.6299 1997.5695
 14.823 -0.442 -9.638-18.320 -5.314 10.808  7.530  0.000  0.000
   0.000  0.000  0.000  0.000  0.000  0.000  0.000  0.000   0.00
 61920 852 1 4 5 7 1996.6299 1997.5695
 14.727 -1.015 -8.525-47.800-34.883  9.974 11.662 -3.733  1.212
 -47.528-48.650 -8.542 -8.470  7.559  2.415-34.785-37.094  -6.28
 620201019 0 0 1 1 1997.5695 1998.5875
 14.575 -0.547 -9.223 -5.314  8.527  7.530 11.766  0.000  0.000
   0.000  0.000  0.000  0.000  0.000  0.000  0.000  0.000   0.00
 620201019 1 6 7 3 1997.5695 1998.5875
 13.525 -0.492 -7.571-34.883-22.113 11.662  6.507-10.009  1.551
 -34.785-37.094 -7.588 -7.184 11.163  0.499-21.274-25.008  -7.00
 620201019 1 1 2 2 1997.5695 1998.5875
 13.693  0.056  8.459 20.139 33.081  2.896  0.903 26.252  1.340
  20.454 19.057  8.305  8.987  2.242  0.654 35.532 32.619 -25.09
 62120 953 0 0 1 1 1998.5875 1999.5638
 14.433  0.146 -8.666  8.527 21.662 11.766  8.680  0.000  0.000
   0.000  0.000  0.000  0.000  0.000  0.000  0.000  0.000   0.00
 62120 953 1 2 3 4 1998.5875 1999.5638
 14.500  0.372 -7.070-22.113 -8.912  6.507  8.764-17.010 -0.059
 -21.274-25.008 -7.325 -6.191  5.045  1.462 -8.633-12.158  -6.66
 622201027 0 0 1 1 1999.5638 2000.6111
 13.921 -0.313 -8.808 21.662 35.214  8.680  6.493  0.000  0.000
   0.000  0.000  0.000  0.000  0.000  0.000  0.000  0.000   0.00
 622201027 2 2 4 1 1999.5638 2000.6111
 14.243  0.124 -7.433 -8.912  4.976  8.764  6.844-23.672 -3.816
  -8.633-12.158 -7.555 -6.023  8.069  0.696  0.000  0.000   0.00
 62320 919 0 0 1 1 2000.6111 2001.5638
 15.432 -0.161 -8.480 35.214 48.983  6.493 10.178  0.000  0.000
   0.000  0.000  0.000  0.000  0.000  0.000  0.000  0.000   0.00
 62320 919 0 0 1 1 2000.6111 2001.5638
 14.671 -0.207 -7.563  4.976 18.021  6.844  5.952  0.000  0.000
   0.000  0.000  0.000  0.000  0.000  0.000  0.000  0.000   0.00
 62320 919 2 0 2 3 2000.6111 2001.5638
 11.931  0.983 13.172-51.072-40.639 16.503 40.110-12.744-39.104
 -43.796  0.000  9.644  0.000 19.923  1.000-39.048-43.616  -3.61
 62320 919 1 1 2 3 2000.6111 2001.5638
 15.793 -0.270 14.366-54.753-40.639 14.430 40.110-34.188  0.578
 -52.855-56.304 15.615 13.345  6.491  7.939-39.048-43.616  17.84
 624201027 0 0 1 2 2001.5638 2002.5695
 14.087  1.727 -7.366 18.021 31.201  5.952  5.329  0.000  0.000
   0.000  0.000  0.000  0.000  0.000  0.000  0.000 31.103   0.00
 624201027 5 51011 2001.5638 2002.5695
 12.550  1.023-19.548  4.337 15.971 30.436 22.159  0.603  1.875
   5.650  0.819-19.535-19.583 22.159  8.276 19.027 12.180  -4.83
 624201027 2 1 3 2 2001.5638 2002.5695
 14.509  2.574 14.109-40.639-27.035 40.110 13.122-16.350 -0.508
 -39.048-43.616 14.561 13.262 26.139 13.971-26.576-29.819 -24.55
 625201019 1 1 2 2 2002.5695 2003.5729
 14.758 -1.791 -9.103 31.201 45.027  5.329  4.943-32.082  1.556
  31.414 31.103 -9.235 -9.042  1.679  3.650 45.046 43.112  33.66
 625201019 1 1 2 5 2002.5695 2003.5729
 14.651 -2.352 16.696-27.035-13.317 13.122 25.299-40.899  1.112
 -26.576-29.819 17.078 14.387 11.263  1.859-10.041-15.136  59.92
 626201015 1 2 3 1 2003.5729 2004.5938
 14.708 -0.165-19.860 33.752 47.765 13.412  4.163  4.010 -0.477
  33.810 33.304-19.856-19.889 11.856  1.556  0.000  0.000   0.00
 626201015 1 4 5 5 2003.5729 2004.5938
 12.861 -0.565 14.336-13.317 -1.188 25.299  9.773 19.017  1.339
 -10.041-15.136 13.242 14.943  9.031 16.268  2.997 -3.725 -24.72
 6302010 8 5 81316 2007.5770 2008.5743
 13.024  0.623-14.298-44.333-32.321 28.580 48.705  1.487  0.164
 -41.538-48.491-14.227-14.402 17.091 11.488-28.302-35.445  -2.78
 6302010 8 1 1 2 3 2007.5770 2008.5743
 13.841 -0.092 13.581-17.027 -4.201 26.374 26.466 -3.667 -0.198
 -16.992-19.904 13.583 13.401 26.051  0.323 -4.171 -6.476  35.51
 7 1201012 51116 5 2008.5743 2009.5708
 16.796 -1.301-14.919-32.321-16.559 48.705 30.957 -1.290 -5.828
 -28.302-35.445-15.007-14.851 21.297 27.407-16.035-17.021 -25.80
 7 1201012 1 2 3 1 2008.5743 2009.5708
 14.564 -0.031 13.488 -4.201  9.337 26.466 35.963 31.843 -2.638
  -4.171 -6.476 13.470 14.862 26.118  0.348  0.000  0.000   0.00
 7 2201018 3 2 516 2009.5708 2010.6395
 12.057  1.147-13.623-16.559 -4.720 30.957 44.211-27.088  4.576
 -16.035-17.021-13.883-13.393 14.498 16.459 -1.990 -7.810  32.65
 7 2201018 0 0 1 1 2009.5708 2010.6395
 13.057  1.649 13.458  9.337 22.244 35.963 40.319  0.000  0.000
   0.000  0.000  0.000  0.000  0.000  0.000  0.000  0.000   0.00
 7 320 838 9 71616 2010.6395 2011.5729
 14.174 -1.165-14.848 -4.720  7.596 44.211 39.125  5.567 -0.770
  -1.990 -7.810-14.591-15.139 23.474 20.737  9.776  4.775   0.21
 7 320 838 0 0 1 1 2010.6395 2011.5729
 14.677 -0.286 15.220 22.244 35.029 40.319 46.211  0.000  0.000
   0.000  0.000  0.000  0.000  0.000  0.000  0.000  0.000   0.00
 7 4201015 5111613 2011.5729 2012.5687
 13.821 -0.069-13.761  7.596 20.384 39.125 33.541  5.772 -0.702
   9.776  4.775-13.547-14.038 22.068 17.057 22.094 17.793  -4.20
 7 4201015 0 0 1 1 2011.5729 2012.5687
 14.565 -0.143 14.953 35.029 48.558 46.211 44.704  0.000  0.000
   0.000  0.000  0.000  0.000  0.000  0.000  0.000  0.000   0.00
 7 5201020 4 913 9 2012.5687 2013.5792
 14.644  0.227-13.692 20.384 34.192 33.541 33.174  1.571  1.286
  22.094 17.793-13.646-13.761 20.206 13.335 35.673 30.044  -0.04
 7 5201020 2 3 5 7 2012.5687 2013.5792
 11.973  0.142 15.909-57.056-45.947 15.212 16.304-17.957  1.793
 -56.556-58.761 16.065 15.378 11.760  3.452-44.131-48.299  12.67
 7 62010 5 4 5 9 2 2013.5792 2014.5813
 15.729 -0.717-13.922 34.192 48.972 33.174 34.457  1.536 -4.053
  35.673 30.044-13.883-14.030 24.441  8.732 49.962 48.515  -5.54
 7 62010 5 1 1 2 1 2013.5792 2014.5813
 11.770  2.794 -5.706 30.350 41.164  0.964  0.459 13.881 -1.596
  30.431 28.874 -5.686 -6.069  0.914  0.050  0.000  0.000   0.00
 7 62010 5 3 4 7 7 2013.5792 2014.5813
 14.228 -0.499 16.052-45.947-32.671 16.304  7.196 -5.286 -0.177
 -44.131-48.299 16.214 15.843  9.198  7.105-31.055-34.996  -3.72
 711201011 1 1 2 2 2018.5757 2019.5729
 14.424 -0.997 -4.091-33.035-19.626  1.304  2.464-17.873 -2.927
 -32.542-35.708 -4.249 -3.231  1.101  0.203-19.585-19.868  61.63
 71720 919 0 0 1 3 2024.6111 2025.5875
 14.243  0.066-13.505-48.047-35.096  2.380  4.175  0.000  0.000
   0.000  0.000  0.000  0.000  0.000  0.000  0.000-35.331   0.00
 71820 953 2 1 3 4 2025.5875 2026.5951
 14.255 -0.504-13.569-35.096-21.717  4.175  3.888 60.110 -0.073
 -34.876-35.331-13.198-13.967  2.160  2.015-21.712-21.970  11.87
 71920 942 2 2 4 1 2026.5951 2027.5903
 13.719  0.210-13.061-21.717 -9.039  3.888  1.720 71.980 -0.814
 -21.712-21.970-13.045-13.819  3.805  0.084  0.000  0.000   0.00
 72020 949 6 1 7 5 2027.5903 2028.5834
 16.329 -0.494 12.250-38.366-23.122 10.894 19.733  0.430 -4.523
 -35.417-40.895 12.228 12.269  5.030  5.864-22.427-23.216 -22.01
 7212010 0 3 2 5 5 2028.5834 2029.6028
 14.051 -0.329 11.759-23.122 -9.795 19.733 17.422-21.583  3.862
 -22.427-23.216 12.028 11.723  2.345 17.389 -9.693-14.478  23.49
 72420 948 1 1 2 1 2031.5917 2032.5966
 14.038  0.089 13.140-57.524-44.401 12.404 15.197 37.595 -3.616
 -57.512-60.455 13.131 15.337 12.354  0.050  0.000  0.000   0.00
 72420 948 2 1 3 1 2031.5917 2032.5966
 15.719  0.320  8.324 -3.629 11.184  0.496  0.050-10.659 -2.317
  -3.120 -5.422  8.419  7.990  0.386  0.110  0.000  0.000   0.00
 72420 948 2 3 5 4 2031.5917 2032.5966
 14.508  0.091 12.175 16.374 29.969 13.769  5.844 24.214 -0.614
  16.456 12.499 12.139 13.878 13.482  0.287 30.028 26.634  -0.30
 72520 941 0 0 1 1 2032.5966 2033.5951
 14.074 -0.124 13.229-44.401-31.322 15.197 10.015  0.000  0.000
   0.000  0.000  0.000  0.000  0.000  0.000  0.000  0.000   0.00
 72520 941 2 2 4 4 2032.5966 2033.5951
 14.171 -0.039 12.266 29.969 43.144  5.844 12.299 23.913 -3.119
  30.028 26.634 12.241 13.712  5.744  0.100 43.221 42.887  26.19
 72620 942 1 1 2 1 2033.5951 2034.5966
 13.922  0.258-13.722-58.272-45.310  8.124  7.718-81.655 -0.374
 -58.240-58.296-13.932-13.561  3.517  4.607  0.000  0.000   0.00
 72620 942 0 0 1 1 2033.5951 2034.5966
 14.370  0.004 13.106-31.322-17.912 10.015  5.391  0.000  0.000
   0.000  0.000  0.000  0.000  0.000  0.000  0.000  0.000   0.00
 72620 942 1 3 4 2 2033.5951 2034.5966
 14.575 -0.262 12.227 43.144 56.759 12.299 13.011 50.106 -0.059
  43.221 42.887 12.136 12.527  9.437  2.862 56.785 56.369 -24.83
 72720 941 0 0 1 1 2034.5966 2035.5889
 13.962 -0.337-13.980-45.310-32.425  7.718 13.643  0.000  0.000
   0.000  0.000  0.000  0.000  0.000  0.000  0.000  0.000   0.00
 72720 941 0 0 1 1 2034.5966 2035.5889
 13.900  0.240 13.110-17.912 -5.089  5.391  7.065  0.000  0.000
   0.000  0.000  0.000  0.000  0.000  0.000  0.000  0.000   0.00
 72720 941 1 1 2 1 2034.5966 2035.5889
 12.792  0.277  8.619 37.774 49.498  0.183  1.932  2.835 -4.087
  40.773 36.645  8.473  8.675  0.050  0.133  0.000  0.000   0.00
 72820 952 0 0 1 1 2035.5889 2036.6097
 14.387 -0.068-13.645-32.425-18.737 13.643  7.761  0.000  0.000
   0.000  0.000  0.000  0.000  0.000  0.000  0.000  0.000   0.00
 72820 952 0 0 1 1 2035.5889 2036.6097
 15.022  0.124 -6.307-58.044-43.708  1.611  2.245  0.000  0.000
   0.000  0.000  0.000  0.000  0.000  0.000  0.000  0.000   0.00
 72820 952 0 0 1 1 2035.5889 2036.6097
 14.298 -0.166 13.348 -5.089  8.508  7.065 10.690  0.000  0.000
   0.000  0.000  0.000  0.000  0.000  0.000  0.000  0.000   0.00
 72920 922 0 0 1 5 2036.6097 2037.5868
 13.770  0.203-13.575-18.737 -6.239  7.761 17.574  0.000  0.000
   0.000  0.000  0.000  0.000  0.000  0.000  0.000 -6.446   0.00
 72920 922 0 0 1 1 2036.6097 2037.5868
 14.321 -0.240 13.178  8.508 21.545 10.690  4.041  0.000  0.000
   0.000  0.000  0.000  0.000  0.000  0.000  0.000  0.000   0.00
 8 220 115 1 1 2 3 2040.9479 2041.6056
 13.688  0.496-12.545 37.625 45.983 16.809  7.685 81.229  0.039
  37.701 37.609-12.065-12.647  2.925 13.884 46.020 45.931   0.82
 8 220 115 1 1 2 2 2040.9479 2041.6056
 14.515 -0.306 12.272-39.805-30.903  2.805  1.185 13.127 -2.759
 -39.751-42.758 12.260 12.945  2.755  0.050-30.894-31.104 -50.13
 8 320 927 2 1 3 4 2041.6056 2042.5972
 13.526 -0.015-12.872 45.983 58.426  7.685  6.495 82.046  0.129
  46.020 45.931-12.612-13.234  4.473  3.212 58.821 58.109-105.48
 8 520 952 1 4 5 4 2043.5881 2044.5951
 16.045  0.604 13.057 28.023 43.194  3.481  3.824-31.302  3.518
  28.154 27.969 13.134 13.024  1.024  2.456 43.481 39.689  22.38
 81120 937 1 2 3 3 2049.5994 2050.6042
 13.414 -0.235 12.357-53.165-40.669 22.767 11.595 10.082  0.401
 -50.303-54.416 11.860 12.574  6.928 15.839-36.865-41.323   3.36
 81220 930 2 1 3 4 2050.6042 2051.6091
 14.054  0.046 12.121-40.669-27.531 11.595  8.689 13.446  0.708
 -36.865-41.323 11.231 12.274  1.701  9.894-23.681-28.762   3.40
 81320 922 0 0 1 3 2051.6091 2052.6050
 13.232  0.528-20.962-57.481-45.279 42.225 29.065  0.000  0.000
   0.000  0.000  0.000  0.000  0.000  0.000  0.000-45.892   0.00
 81320 922 2 2 4 6 2051.6091 2052.6050
 12.838  0.029 12.167-27.531-15.721  8.689  7.319 16.846 -3.234
 -23.681-28.762 11.028 12.532  2.106  6.583-14.024-16.024 -18.30
 81420 928 1 2 3 6 2052.6050 2053.6042
 14.471 -0.314-21.487-45.279-31.796 29.065 11.475-30.162 -0.652
 -44.906-45.892-21.689-21.156 18.061 11.004-31.623-32.051  17.52
 81420 928 2 4 6 7 2052.6050 2053.6042
 13.102  0.247-11.423-51.448-39.333 16.638  2.826 23.233  2.626
 -50.090-52.488-10.851-11.860  7.217  9.421-34.458-39.705 -15.65
 81420 928 4 2 612 2052.6050 2053.6042
 15.613  0.193 12.196-15.721 -1.097  7.319 10.398 -1.451  0.527
 -14.024-16.024 12.238 12.188  1.110  6.209  0.577 -1.934  10.23
 81520 930 1 5 6 9 2053.6042 2054.6125
 12.413  0.082-21.174-31.796-20.267 11.475 16.741-12.643  4.639
 -31.623-32.051-21.210-21.121  6.822  4.653-18.634-24.040  16.38
 81520 930 1 1 2 2 2053.6042 2054.6125
 14.075  0.065 11.550-47.693-34.488  4.857  2.963-35.939 -0.114
 -47.382-47.721 11.771 11.530  0.406  4.451-34.292-34.580  18.70
 81520 930 4 812 4 2053.6042 2054.6125
 14.150 -0.135 12.389 -1.097 12.183 10.398 15.122  8.783  2.461
   0.577 -1.934 12.136 12.515  3.468  6.931 15.644 10.666   1.51
 81620 918 3 6 9 3 2054.6125 2055.6250
 15.455  0.289-21.256-20.267 -5.611 16.741  2.443  3.739 -1.663
 -18.634-24.040-21.157-21.486 11.683  5.058 -5.246 -8.526 -29.45
 81620 918 1 1 2 1 2054.6125 2055.6250
 14.278  0.136 11.616-34.488-21.023  2.963  2.328-17.238 -0.296
 -34.292-34.580 11.676 11.588  0.950  2.013  0.000  0.000   0.00
 81720 9 0 1 2 3 4 2055.6250 2056.6096
 13.951 -0.136-21.549 -5.611  7.162  2.443 17.925-25.713 -0.505
  -5.246 -8.526-21.713-20.244  2.171  0.272  7.256  4.424   1.97
 81720 9 0 0 0 1 1 2055.6250 2056.6096
 13.950 -0.100 11.754-21.023 -8.251  2.328  4.041  0.000  0.000
   0.000  0.000  0.000  0.000  0.000  0.000  0.000  0.000   0.00
 81820 922 1 3 4 3 2056.6096 2057.6042
 13.247 -0.261-21.415  7.162 19.362 17.925 10.396-23.748 -0.200
   7.256  4.424-21.454-20.294 17.330  0.595 19.689 17.118  -2.78
 81820 922 0 0 1 2 2056.6096 2057.6042
 14.241  0.498 11.655 -8.251  4.936  4.041  4.352  0.000  0.000
   0.000  0.000  0.000  0.000  0.000  0.000  0.000  4.871   0.00
 83020 9 3 7 51212 2068.6228 2069.6111
 13.542 -0.154-14.335-44.817-32.405 47.611 25.534 24.950  1.902
 -42.410-46.583-13.250-15.131 20.142 27.469-28.501-34.935 -13.70
 83120 919 5 71222 2069.6111 2070.6570
 16.475 -0.940-14.184-32.405-16.201 25.534 57.704 11.253 -0.800
 -28.501-34.935-13.430-14.672 10.041 15.494-14.401-19.840   6.50
 9 420 842 6121831 2073.6367 2074.6250
 15.204  0.276-12.630 24.652 38.706128.541107.773  8.923 -0.117
  28.372 19.013-12.060-13.494 77.449 51.092 41.879 32.557  -3.55
 91020 913 4 91319 2079.6152 2080.6145
 15.202 -0.281-12.071-34.033-19.823 34.078 20.604 17.489 -0.957
 -29.662-39.009-10.724-13.604 18.143 15.935-16.560-25.043  -1.74
 91120 915 6131912 2080.6145 2081.6216
 14.021  0.095-11.790-19.823 -6.694 20.604 20.658 15.750 -1.537
 -16.560-25.043-10.889-13.231 12.678  7.926 -2.344 -9.539  -8.99
 91220 9 4 4 812 2 2081.6216 2082.6055
 16.253 -2.090-11.886 -6.694  8.332 20.658  3.149  6.759 -5.954
  -2.344 -9.539-11.381-12.216  8.168 12.489  8.742  8.137  51.62
 91320 927 1 1 2 4 2082.6055 2083.6125
 11.668  0.719 -9.829  8.332 19.091  3.149  7.112 58.383 -0.498
   8.742  8.137 -9.172-10.140  1.013  2.136 19.209 18.809  -6.51
 91420 918 2 2 4 3 2083.6125 2084.6228
 13.911  0.526-10.553 19.091 32.153  7.112  3.350 51.873  0.253
  19.209 18.809-10.405-10.907  5.019  2.093 32.431 32.059  13.91
 91420 918 1 1 2 1 2083.6125 2084.6228
 13.495  0.033-10.356 24.981 37.622  4.818  6.417-75.186 -0.499
  25.037 24.908-10.567-10.084  2.719  2.099  0.000  0.000   0.00
 92620 9 5 1 2 3 2 2095.6208 2096.6216
 14.340 -0.010 -9.720-10.099  3.266 10.409  5.253-61.962 -0.647
  -9.605-10.180-10.635 -9.571  1.454  8.955  3.271  3.169 -17.71
 92620 9 5 6 51119 2095.6208 2096.6216
 13.878 -0.891-10.956-25.740-12.837 25.594 52.350-13.619  0.444
 -24.467-28.738-11.259-10.243 17.968  7.626-11.284-16.009   1.47
 92620 9 5 0 0 1 7 2095.6208 2096.6216
 15.446 -0.006-14.976-34.886-20.415  1.441  6.902  0.000  0.000
   0.000  0.000  0.000  0.000  0.000  0.000  0.000-21.896   0.00
 92620 9 5 0 0 1 4 2095.6208 2096.6216
 13.522 -0.219-13.666-42.755-30.209 13.576 14.342  0.000  0.000
   0.000  0.000  0.000  0.000  0.000  0.000  0.000-32.578   0.00
 92620 9 5 1 1 219 2095.6208 2096.6216
 16.860  2.921 -7.141-28.723-12.837  1.345 52.350 14.517  1.227
 -26.064-29.510 -6.458 -7.343  0.307  1.038-11.284-16.009 -26.67
 92620 9 5 0 0 1 7 2095.6208 2096.6216
 13.026  0.844 13.635 30.666 42.715 19.713 14.422  0.000  0.000
   0.000  0.000  0.000  0.000  0.000  0.000  0.000 39.827   0.00
 92720 9 4 1 1 2 2 2096.6216 2097.6167
 14.214 -0.190 -9.710  3.266 16.430  5.253  2.848-79.673  0.159
   3.271  3.169 -9.737 -9.187  4.991  0.262 16.527 16.326 153.69
 92720 9 410 91911 2096.6216 2097.6167
 14.881  0.574-10.064-12.837  0.992 52.350 28.262-12.149 -1.003
 -11.284-16.009-10.394 -9.392 35.144 17.205  2.479 -1.198  -3.63
 92720 9 4 3 4 7 2 2096.6216 2097.6167
 16.086 -0.163-14.970-20.415 -5.387  6.902  0.252  6.692 -4.638
 -16.833-21.896-14.564-15.138  2.019  4.883 -5.341 -5.572  32.56
 92720 9 4 1 3 4 3 2096.6216 2097.6167
 14.029  0.281-13.447-30.209-17.229 14.342 17.445-24.985 -0.071
 -30.184-32.578-13.459-12.374 14.192  0.150-17.156-19.032 -18.15
 92720 9 4 2 3 5 8 2096.6216 2097.6167
 17.087 -0.544 15.242-33.547-17.523 10.597 11.960  4.493  1.192
 -31.807-34.822 15.110 15.339  4.481  6.117-16.436-20.565   9.17
 92720 9 4 2 5 7 7 2096.6216 2097.6167
 14.857  0.058 14.480 42.715 56.520 14.422 29.711 22.433  0.133
  44.212 39.827 13.882 15.635  9.498  4.924 57.330 52.760  -1.83
 92820 911 1 1 2 2 2097.6167 2098.6133
 13.989 -0.193 -9.520 16.430 29.389  2.848  1.082 74.022 -0.403
  16.527 16.326 -9.187 -9.877  1.472  1.376 29.609 29.355 -36.60
 92820 911 5 611 9 2097.6167 2098.6133
 13.833 -0.042-10.636  0.992 13.795 28.262 45.114-15.776 -1.306
   2.479 -1.198-11.049-10.028 16.831 11.430 15.060 12.569  17.45
 92820 911 1 1 2 1 2097.6167 2098.6133
 14.367 -0.366-14.808 -5.387  7.948  0.252  0.050 39.256 -0.288
  -5.341 -5.572-14.772-14.954  0.202  0.050  0.000  0.000   0.00
 92820 911 1 2 3 1 2097.6167 2098.6133
 13.919 -0.045-13.727-17.229 -4.340 17.445 11.441-43.134 -2.497
 -17.156-19.032-13.794-12.086 16.766  0.679  0.000  0.000   0.00
 92820 911 3 5 815 2097.6167 2098.6133
 13.679  0.398 14.701-17.523 -4.873 11.960 17.653 13.664  0.641
 -16.436-20.565 14.445 15.416  8.810  3.150 -2.814 -7.566   1.39
 92920 916 1 1 2 1 2098.6133 2099.6160
 14.504  0.181 -9.328 29.389 42.945  1.082  0.006 37.418 -0.315
  29.609 29.355 -9.162 -9.354  0.145  0.937  0.000  0.000   0.00
 92920 916 6 3 9 7 2098.6133 2099.6160
 14.844  0.248-10.594 13.795 27.692 45.114 31.647  1.678  0.041
  15.060 12.569-10.558-10.630 22.199 22.915 28.612 26.096  -8.95
 92920 916 0 0 1 3 2098.6133 2099.6160
 14.036  0.075-13.682 -4.340  8.747 11.441  6.582  0.000  0.000
   0.000  0.000  0.000  0.000  0.000  0.000  0.000  6.611   0.00
 92920 916 7 815 7 2098.6133 2099.6160
 16.314 -0.550 15.098 -4.873 10.498 17.653 19.411 15.055 -0.977
  -2.814 -7.566 14.563 15.797 10.003  7.651 11.866  8.115   0.80
 93020 912 4 3 7 4 2099.6160 2100.6216
 14.203  0.115-10.843 27.692 40.984 31.647 27.962 -7.272  1.525
  28.612 26.096-10.959-10.643 20.079 11.567 43.060 38.970   8.24
 93020 912 2 1 3 2 2099.6160 2100.6216
 14.236 -0.393-13.758  8.747 22.072  6.582  6.313-42.445 -2.302
   8.764  6.611-13.772-11.860  6.532  0.050 22.155 21.976 113.29
 93020 912 2 5 7 1 2099.6160 2100.6216
 16.235 -0.835 14.546 10.498 25.833 19.411 18.288 15.860 -3.774
  11.866  8.115 14.170 15.201 12.332  7.079  0.000  0.000   0.00
10 120 9 4 3 1 4 8 2100.6216 2101.6152
 16.099  0.313-10.959 40.984 56.003 27.962 24.650  0.966  1.613
  43.060 38.970-10.925-10.993 13.767 14.195 59.331 53.721  11.26
10 120 9 4 1 1 2 4 2100.6216 2101.6152
 13.926 -0.162-13.363 22.072 34.931  6.313  6.706 70.849  2.203
  22.155 21.976-13.130-13.631  3.375  2.938 35.008 34.472-149.85
10 120 9 4 0 0 1 7 2100.6216 2101.6152
 14.255 -0.392 13.706 25.833 39.020 18.288 13.939  0.000  0.000
   0.000  0.000  0.000  0.000  0.000  0.000  0.000 36.726   0.00
10 220 913 2 2 4 2 2101.6152 2102.7478
 13.546  0.626-13.202 34.931 49.159  6.706  7.733-79.003 -2.110
  35.008 34.472-13.584-10.901  5.751  0.955 49.231 49.121 159.15
10 220 913 3 4 7 4 2101.6152 2102.7478
 14.267  0.094 13.317 39.020 54.063 13.939  8.507 13.677 -1.785
  39.273 36.726 13.257 13.860 12.552  1.388 54.147 53.375 -25.02
10 320 6 2 1 5 6 7 2102.7478 2103.6638
 14.221 -0.290  8.087-45.693-33.570 25.147 10.239 16.169  0.952
 -44.447-47.032  7.729  8.471 13.027 12.120-31.913-35.418   0.10
10 720 912 5 2 713 2106.6160 2107.6208
 16.987  1.247  7.821-33.570-17.490 10.239 11.352-34.012 -6.432
 -30.552-39.728 13.567  7.432  2.322  0.247-16.051-20.482  49.26
101120 749 3 5 8 8 2110.6736 2111.6194
 13.793  0.372-15.892-16.008 -3.895 21.946  6.309-21.302 -0.171
 -15.629-16.855-16.034-15.574 15.158  6.788 -3.440 -4.578  17.80
101120 749 3 4 7 9 2110.6736 2111.6194
 15.579 -0.196  9.267-12.089  1.713 17.506 21.855 -3.738  0.370
  -9.202-14.414  9.453  9.117  7.809  9.697  4.911 -0.674   0.47
101120 749 1 3 4 3 2110.6736 2111.6194
 11.891  0.736  7.934 23.387 33.701  8.013 11.468 26.013  0.763
  23.941 20.682  7.667  9.242  6.651  1.362 36.467 32.376  -4.25
101120 749 1 2 3 2 2110.6736 2111.6194
 15.149 -0.338 12.753 24.605 38.001  3.327  0.238 15.943  0.839
  25.021 23.091 12.637 13.175  2.609  0.717 38.581 35.821  -0.48
101220 9 7 4 4 8 4 2111.6194 2112.6396
 14.321 -0.060-16.244 -3.895  9.709  6.309  5.075 -3.504  0.315
  -3.440 -4.578-16.270-16.204  3.788  2.521 10.844  9.378   6.24
101220 9 7 2 7 9 3 2111.6194 2112.6396
 12.097  0.877  9.082  1.713 13.048 21.855  0.230 -3.264 -1.358
   4.911 -0.674  9.262  8.947  9.343 12.512 16.155 12.183  23.38
101320 838 3 1 4 7 2112.6396 2113.6450
 13.809 -0.494-16.183  9.709 22.603  5.075  1.797  2.733  1.294
  10.844  9.378-16.131-16.198  1.146  3.929 24.079 21.502  20.66
101320 838 1 1 2 3 2112.6396 2113.6450
 14.206  0.621  9.454 21.024 34.318 12.847 13.729 -5.442  0.352
  21.037 17.624  9.456  9.135 12.797  0.050 34.824 31.059  -1.49
101420 830 4 3 7 8 2113.6450 2114.6499
 12.876  0.684-15.686 22.603 34.551  1.797  8.887 23.389  0.277
  24.079 21.502-15.072-16.145  0.768  1.030 35.167 32.074 -28.69
101420 830 1 3 411 2113.6450 2114.6499
 13.441 -0.601 -8.325-24.522-12.007  1.863 31.343  5.477  2.906
 -24.185-25.411 -8.293 -8.410  1.351  0.511-10.651-14.714   7.05
101420 830 1 2 3 4 2113.6450 2114.6499
 14.673 -0.652 10.078 34.318 48.071 13.729 18.842 -6.936 -2.250
  34.824 31.059 10.139  9.688 11.883  1.846 48.284 46.819  19.85
101520 823 6 2 8 2 2114.6499 2115.7251
 14.568 -1.448-16.374 34.551 49.151  8.887  1.039 -5.300 -2.505
  35.167 32.074-16.429-16.153  7.117  1.770 49.476 49.134  51.27
101520 823 4 71110 2114.6499 2115.7251
 13.324 -0.595 -7.721-12.007  1.257 31.343 14.355 12.530 -0.015
 -10.651-14.714 -7.423 -8.318 20.887 10.456  3.901 -0.192  -3.91
102220 845 2 1 3 3 2121.6355 2122.7395
 15.050  0.023-13.005-32.653-17.125  4.749  8.432-16.774  2.835
 -31.363-32.989-13.384-12.906  0.981  3.768-16.778-20.810  45.75
102220 845 1 1 2 3 2121.6355 2122.7395
 14.559  0.517-10.635-51.860-36.873  0.218  3.982 22.082 -2.434
 -48.923-52.734 -9.464-10.984  0.050  0.168-36.288-37.259 -75.77
102220 845 3 1 4 2 2121.6355 2122.7395
 15.886 -0.757 18.297-21.721 -5.270 16.221  5.490  5.474 -0.345
 -20.834-21.960 18.216 18.319  3.438 12.783 -5.081 -5.559 -56.87
102220 845 4 610 3 2121.6355 2122.7395
 14.278  0.126 20.329-31.593-16.917 18.690 15.005  1.601  1.279
 -30.050-32.511 20.288 20.353  6.966 11.723-14.237-17.929  13.80
102320 615 2 1 3 8 2122.7395 2123.6909
 13.731  1.046-13.031-17.125 -5.000  8.432  8.826 28.975  0.968
 -16.778-20.810-12.844-15.019  7.707  0.725 -3.258 -8.319  -3.09
102320 615 1 2 310 2122.7395 2123.6909
 12.697  1.599-11.206-36.873-25.732  3.982 15.115-53.693  4.142
 -36.288-37.259-11.987-10.691  1.583  2.400-23.574-29.363  42.80
102320 615 2 1 3 5 2122.7395 2123.6909
 13.021 -0.280 20.467-16.917 -5.467 15.005  3.953 15.401 -0.130
 -14.237-17.929 19.776 20.729  4.115 10.890 -2.576 -6.137  -0.56
102420 724 5 3 8 4 2123.6909 2124.6494
 11.674  0.650-14.026 -5.000  5.243  8.826 10.633 25.887  0.047
  -3.258 -8.319-13.206-15.589  5.789  3.037  8.813  4.039   7.07
102420 724 3 710 7 2123.6909 2124.6494
 14.324 -2.144-12.728-25.732-12.950 15.115 14.299-10.891 -1.079
 -23.574-29.363-13.133-12.046  9.479  5.636 -9.909-14.250 -13.17
102420 724 2 3 5 8 2123.6909 2124.6494
 12.732  0.704 17.787  4.393 15.650 20.628 28.697 11.482  3.453
   7.590  3.312 17.169 17.996  5.212 15.416 18.740 10.878   0.00
102520 824 3 1 4 4 2124.6494 2125.6438
 14.848 -0.150-14.649  5.243 19.027 10.633  9.314 32.959  1.358
   8.813  4.039-12.409-15.404  2.681  7.953 22.757 16.658  -2.34
102520 824 2 1 310 2124.6494 2125.6438
 13.728 -0.431-13.885-20.490 -7.819 16.026  7.987-27.113  0.089
 -20.270-21.265-13.994-13.500 12.482  3.544 -7.642 -8.245 -32.94
102620 833 2 2 4 1 2125.6438 2126.7007
 11.551  1.335-14.500 19.027 30.194  9.314  0.789 30.621 -6.862
  22.757 16.658-12.362-15.857  3.618  5.695  0.000  0.000   0.00
102620 833 3 3 610 2125.6438 2126.7007
 16.182  1.321-13.701  5.847 21.908  4.868 18.930-48.383 -0.765
   6.721  3.355-14.657-10.976  3.603  1.265 23.758 19.990  19.38
102620 833 4 610 5 2125.6438 2126.7007
 14.272 -0.721-13.457 -7.819  6.223  7.987  4.702-60.051  0.045
  -7.642 -8.245-13.755-12.738  5.642  2.345  6.276  5.246  94.53
102620 833 1 2 3 5 2125.6438 2126.7007
 13.522  0.886 17.247 32.960 46.209 23.830 12.942 16.778  0.639
  33.574 32.120 17.070 17.489 13.770 10.060 46.790 45.751  45.04
11 220 818 9142327 2132.6536 2133.6458
 15.321 -0.540-11.413-41.089-26.864 57.087 69.579  4.101 -0.385
 -37.328-46.984-11.149-11.828 34.852 22.235-24.136-33.307   4.34
11 220 818 0 0 1 1 2132.6536 2133.6458
 15.078  0.491  9.756-29.449-15.465  2.999  9.122  0.000  0.000
   0.000  0.000  0.000  0.000  0.000  0.000  0.000  0.000   0.00
11 220 818 2 1 3 1 2132.6536 2133.6458
 12.463 -0.268 10.113-35.487-24.098  3.311  0.144-52.403 -1.622
 -35.429-36.435 10.187  8.901  3.121  0.190  0.000  0.000   0.00
11 320 830 6212713 2133.6458 2134.8013
 13.844 -0.492-10.877-26.864-12.005 69.579 75.476  8.446  0.123
 -24.136-33.307-10.480-11.817 48.885 20.694 -8.434-17.577   4.43
11 320 830 0 0 1 1 2133.6458 2134.8013
 15.495 -0.101 10.243-15.465  1.301  9.122  7.390  0.000  0.000
   0.000  0.000  0.000  0.000  0.000  0.000  0.000  0.000   0.00
11 920 126 1 1 2 4 2139.9397 2140.6853
 13.238 -0.165-12.742 48.152 57.290  9.268  1.798 32.155 -3.765
  52.730 48.127 -9.935-12.757  0.050  9.218 57.332 55.815 -47.95
111720 815 1 4 5 3 2147.6563 2148.6597
 13.415  0.001 18.208-39.988-27.515 15.981  9.792 14.796 -0.636
 -39.911-41.023 18.188 18.467 14.880  1.101-27.251-27.712 -31.12
111820 8 9 1 2 3 2 2148.6597 2149.6597
 13.790  0.347 18.208-27.515-14.710  9.792  5.928-16.326  0.034
 -27.251-27.712 18.282 18.153  4.189  5.603-14.457-14.890 -17.09
111920 8 9 1 1 2 3 2149.6597 2150.6555
 12.706 -1.540 18.555-14.710 -3.037  5.928  2.838-33.414  1.607
 -14.457-14.890 18.713 18.442  2.470  3.458 -1.936 -3.236 -20.25
112020 815 2 1 3 1 2150.6555 2151.6528
 14.768  1.713 17.022 -3.037 10.708  2.838 10.611-53.661 -2.098
  -1.936 -3.236 18.453 16.763  0.434  2.404  0.000  0.000   0.00
112120 819 0 0 1 2 2151.6528 2152.6563
 14.089  0.071 18.730 10.708 23.857 10.611  9.673  0.000  0.000
   0.000  0.000  0.000  0.000  0.000  0.000  0.000 23.431   0.00
112220 815 1 1 2 2 2152.6563 2153.7014
 14.401 -0.169 18.801 23.857 37.879  9.673  6.819 21.556 -0.055
  23.963 23.431 18.761 18.960  7.742  1.930 37.896 37.403  -5.59
112620 753 3 2 510 2156.6709 2157.7771
 16.297 -1.702-12.492-38.469-21.530  9.263 19.048 61.566  5.463
 -37.964-38.489-11.581-12.528  0.345  8.919-19.596-26.150 -51.65
112820 812 0 0 1 2 2158.6577 2159.6577
 14.834 -0.456-10.956  7.440 21.290  4.367  5.821  0.000  0.000
   0.000  0.000  0.000  0.000  0.000  0.000  0.000 20.988   0.00
112820 812 2 1 3 2 2158.6577 2159.6577
 15.838 -1.053-11.497  0.099 14.954  3.916  0.154-39.271  0.805
   0.351 -0.289-11.699-11.186  2.376  1.540 15.473 13.873  52.43
112820 812 2 2 4 2 2158.6577 2159.6577
 11.362 -2.199-14.478 -8.400  1.978  2.990  5.322-31.258 -4.782
  -6.905-11.493-15.357-12.660  2.016  0.974  2.188  1.768  38.57
112820 812 2 2 4 8 2158.6577 2159.6577
 14.475 -0.354 -9.113-48.161-34.669 44.380 24.989-48.764 -1.013
 -48.151-49.301 -9.124 -7.829 43.995  0.384-34.576-35.217  75.44
12 320 751 2 1 3 1 2163.6729 2164.8396
 11.806 -0.057 -9.816 40.773 53.400  0.331  1.306 -1.210 -2.075
  41.846 39.740 -9.839 -9.795  0.162  0.169  0.000  0.000   0.00
12 520 7 7 1 1 2 2 2165.7034 2166.7056
 11.690  0.307 -8.771 33.548 44.278 18.109 23.636 75.074 -0.072
  33.586 33.366 -8.633 -9.445 15.025  3.084 44.617 44.023 -34.82
121320 751 1 2 3 1 2173.6729 2174.7959
 14.209 -0.553-10.972 -0.364 14.489  6.599  2.286-10.300 -4.340
  -0.205 -4.554-11.001-10.225  6.357  0.242  0.000  0.000   0.00
122120 737 2 1 3 1 2181.6819 2182.8347
 13.749 -0.550 14.770 -9.980  4.739  6.292  5.699 68.406 -0.516
  -9.957-10.153 14.714 15.193  5.547  0.745  0.000  0.000   0.00
122120 737 1 3 4 5 2181.6819 2182.8347
 12.768  0.781 15.085 39.837 53.426  9.532  5.154  3.855  4.844
  40.623 39.011 15.034 15.139  4.889  4.644 59.636 53.090   6.90
122220 357 3 2 5 4 2182.8347 2183.8242
 17.087  0.364 -6.956-10.340  5.599  4.817  5.329 -1.839 -1.835
  -8.405-11.523 -7.017 -6.918  1.828  2.989  5.861  4.723  28.42
122220 357 2 2 4 3 2182.8347 2183.8242
 14.112  0.733  8.003-50.178-37.183 29.805 31.587 -8.578  0.279
 -49.367-50.695  8.124  7.925 11.597 18.208-36.136-37.764   8.75
122220 357 0 0 1 1 2182.8347 2183.8242
 14.343  0.002 14.136  4.739 17.962  5.699  2.727  0.000  0.000
   0.000  0.000  0.000  0.000  0.000  0.000  0.000  0.000   0.00
122620 529 7 1 810 2186.7715 2187.8140
 14.665 -0.001-12.862-48.770-34.506 22.078 45.231  8.138 -0.988
 -43.428-51.160-12.117-13.195  6.824 15.254-31.118-37.891  -3.32
122620 529 3 3 6 2 2186.7715 2187.8140
 14.077  0.433  8.457  2.149 15.800 13.091  9.796 25.780 -0.326
   2.786  1.794  8.153  8.627  4.684  8.407 15.804 15.088 -47.98
122720 427 6 41015 2187.8140 2188.6763
 13.508 -0.889-12.860-34.506-23.700 45.231 36.604  4.814  0.232
 -31.118-37.891-12.582-13.138 22.605 22.626-20.548-27.560  -3.27
122720 427 4 4 813 2187.8140 2188.6763
 15.274  0.142 17.705-47.457-35.128 73.917 16.332 15.155 -0.068
 -42.364-49.542 16.391 18.243 21.474 52.443-32.376-39.280   5.35
122720 427 1 1 2 5 2187.8140 2188.6763
 13.026 -0.271  8.909 15.800 26.190  9.796  7.318-22.199  0.157
  15.804 15.088  8.910  8.622  9.746  0.050 26.584 25.738  46.91
122820 746 5101512 2188.6763 2189.6729
 14.058  0.394-12.094-23.700-10.668 36.604 35.375  1.547 -0.190
 -20.548-27.560-12.011-12.196 20.151 16.454 -7.112-13.914   3.65
122820 746 3 2 5 2 2188.6763 2189.6729
 15.147  0.282  8.675 26.190 40.308  7.318 23.846 24.714 -0.300
  26.584 25.738  8.496  8.880  3.911  3.407 40.345 39.745  -7.34
122920 751 1 1 2 3 2189.6729 2190.6812
 15.214  0.675 16.705-16.657 -2.304  3.281  0.751  4.631 -0.127
 -15.842-18.091 16.642 16.816  2.092  1.189 -1.641 -3.769  -7.72
122920 751 1 2 3 4 2189.6729 2190.6812
 14.311  1.718 18.313-25.700-12.258  2.700  3.149 61.111 -0.049
 -25.634-26.033 18.199 18.886  2.250  0.450-11.676-12.441 -48.72
122920 751 1 1 2 3 2189.6729 2190.6812
 14.861  0.017  8.955 40.308 54.305 23.846 13.311 17.371 -0.161
  40.345 39.745  8.944  9.129 22.382  1.464 54.338 53.873 -17.87
