 1 325 723 0 0 1 1 3655.6917 3656.6882
 13.748  0.386-15.522-53.975-41.251  3.328  1.177  0.000  0.000
   0.000  0.000  0.000  0.000  0.000  0.000  0.000  0.000   0.00
 12025 7 8 2 2 4 5 3672.7029 3673.6980
 13.451  0.343 22.971 21.320 33.731  6.426  5.770-47.372  0.598
  21.818 21.291 23.470 22.942  0.349  6.076 33.945 33.502 -24.64
 12025 7 8 0 0 1 1 3672.7029 3673.6980
 14.301 -0.044 23.922 28.040 41.297  0.516  3.258  0.000  0.000
   0.000  0.000  0.000  0.000  0.000  0.000  0.000  0.000   0.00
 12125 715 4 1 5 5 3673.6980 3674.7410
 16.763  0.355 23.312 33.731 50.194  5.770  8.336-72.009  4.932
  33.945 33.502 23.917 22.666  2.981  2.789 53.940 47.141  67.26
 2 225 8 3 1 3 4 3 3685.6646 3686.6841
 14.371  0.634 24.276 22.712 36.364  3.667  5.158-19.602 -1.156
  24.135 21.976 24.738 24.037  1.250  2.416 36.828 35.859  -0.14
 2 225 8 3 2 1 3 2 3685.6646 3686.6841
 14.565 -0.274-32.311 31.107 44.957  7.410  1.654-23.914 -1.888
  31.863 29.206-32.594-31.599  5.302  2.107 45.009 44.456 -10.33
 3 125 746 3 2 5 3 3712.6763 3713.6702
 14.672  0.197-25.268 19.372 32.975  4.821  5.221 17.093  0.658
  21.739 17.984-24.609-25.654  1.782  3.039 34.694 30.074  -9.21
 31425 736 3 71013 3725.6833 3726.6555
 16.237  0.621-20.244-43.908-29.078 17.463 23.813 -2.776  2.795
 -40.349-46.154-20.406-20.142  6.757 10.706-26.544-35.123 -10.79
 31525 815 4 913 8 3726.6555 3727.6597
 12.342 -0.336-20.848-29.078-17.672 23.813 26.127-13.565 -0.924
 -26.544-35.123-21.419-19.485 16.780  7.033-13.736-21.377   1.29
 31725 8 9 1 8 9 5 3728.6597 3729.6763
 13.272 -0.370-21.695 -0.942 11.552 26.361 17.726-20.897 -2.891
  -0.384 -4.726-21.893-20.353 22.973  3.387 11.727 10.218  11.07
 31825 746 1 4 5 6 3729.6763 3730.6396
 13.757 -0.443-21.319 11.552 23.855 17.726 13.058 -9.825  0.451
  11.727 10.218-21.348-21.104 15.663  2.063 24.105 22.221 -10.60
 31925 838 1 5 6 3 3730.6396 3731.6653
 13.747 -0.057-20.892 23.855 36.946 13.058 10.349-20.429  1.857
  24.105 22.221-20.979-20.324 11.328  1.730 36.983 33.161   3.48
 32325 818 1 1 2 2 3734.6536 3735.6563
 15.729 -1.033 19.652-47.868-33.082  1.398  1.972 13.911 -3.330
 -47.409-51.413 19.545 20.479  1.238  0.160-33.068-33.592 -40.56
 32325 818 1 1 2 2 3734.6536 3735.6563
 13.886  0.099 18.272-37.204-24.267  0.485  7.421-33.609 -0.133
 -35.743-37.372 19.195 18.166  0.050  0.435-23.036-24.724  11.90
 32425 815 1 1 2 7 3735.6563 3736.6736
 15.937  1.659 18.371-24.267 -9.055  7.421 17.773-21.711  3.078
 -23.036-24.724 18.836 18.198  2.013  5.408 -6.224-11.336  22.60
 32425 815 1 1 2 1 3735.6563 3736.6736
 15.059  1.469 18.616-33.082-18.763  1.972  0.045-26.646 -0.555
 -33.068-33.592 18.622 18.373  1.922  0.050  0.000  0.000   0.00
 4 825 710 0 0 1 1 3750.7007 3751.7292
 13.830 -0.003 30.929-50.913-37.703  3.869  3.887  0.000  0.000
   0.000  0.000  0.000  0.000  0.000  0.000  0.000  0.000   0.00
 4 925 630 0 0 1 1 3751.7292 3752.7305
 13.873 -0.136-22.205-47.859-34.954  7.160 11.872  0.000  0.000
   0.000  0.000  0.000  0.000  0.000  0.000  0.000  0.000   0.00
 4 925 630 0 0 1 1 3751.7292 3752.7305
 13.439  0.061 30.926-37.703-25.232  3.887  0.050  0.000  0.000
   0.000  0.000  0.000  0.000  0.000  0.000  0.000  0.000   0.00
 41225 819 0 0 1 2 3754.6528 3755.6777
 13.709 -0.167 20.627-26.296-13.255  4.358  5.619  0.000  0.000
   0.000  0.000  0.000  0.000  0.000  0.000  0.000-13.357   0.00
 41225 819 4 2 613 3754.6528 3755.6777
 13.104  0.997 20.094 12.435 24.856 22.745 26.732 -6.018  1.758
  13.296 10.674 20.179 19.919 15.276  7.469 25.907 21.541  21.85
 41325 744 1 1 2 2 3755.6777 3756.6265
 13.607  0.158 20.457-13.255 -1.282  5.619  2.376 11.735  0.175
 -12.763-13.357 20.361 20.476  0.962  4.657 -0.600 -1.372 -25.29
 41325 744 4 913 8 3755.6777 3756.6265
 14.646 -0.732 21.115 24.856 37.814 26.732 32.216 15.832  0.342
  25.907 21.541 20.837 21.992 20.295  6.437 38.646 34.489  15.80
 41425 857 0 0 1 1 3756.6265 3757.7432
 14.261 -0.319 18.067-47.284-32.459  3.672  2.024  0.000  0.000
   0.000  0.000  0.000  0.000  0.000  0.000  0.000  0.000   0.00
 41425 857 1 1 2 2 3756.6265 3757.7432
 14.121  0.267 20.607 -1.282 13.385  2.376  8.500-13.554  0.050
  -0.600 -1.372 20.761 20.586  0.276  2.100 13.608 12.773   3.40
 41425 857 5 3 8 5 3756.6265 3757.7432
 14.628  0.522 20.421 37.814 53.048 32.216 21.931 31.633 -1.118
  38.646 34.489 19.940 22.340 25.766  6.450 53.823 50.734   1.86
 41525 6 9 0 0 1 6 3757.7432 3758.6848
 12.426 -0.665 17.711-32.459-21.687  2.024  9.353  0.000  0.000
   0.000  0.000  0.000  0.000  0.000  0.000  0.000-23.452   0.00
 41525 6 9 1 1 2 1 3757.7432 3758.6848
 14.121 -0.235 20.904 13.385 25.754  8.500  3.627-10.154 -0.793
  13.608 12.773 20.942 20.802  6.232  2.269  0.000  0.000   0.00
 41625 733 0 0 1 1 3758.6848 3759.5938
 15.132 -0.095 21.637 -0.721 12.137  4.546  3.309  0.000  0.000
   0.000  0.000  0.000  0.000  0.000  0.000  0.000  0.000   0.00
 41625 733 0 0 1 2 3758.6848 3759.5938
 13.891 -1.037 20.683 25.754 37.485  3.627  1.548  0.000  0.000
   0.000  0.000  0.000  0.000  0.000  0.000  0.000 37.387   0.00
 41725 945 0 0 1 1 3759.5938 3760.6785
 15.426 -1.862 21.551 12.137 27.801  3.309  0.371  0.000  0.000
   0.000  0.000  0.000  0.000  0.000  0.000  0.000  0.000   0.00
 41825 742 0 0 1 4 3760.6785 3761.6125
 16.401 -0.310 19.751 22.660 37.058  0.447  7.472  0.000  0.000
   0.000  0.000  0.000  0.000  0.000  0.000  0.000 35.566   0.00
 42525 924 4 5 9 2 3767.6077 3768.6077
 16.250 -1.482 27.463 35.566 50.830 14.433  6.011 25.196 -3.579
  38.616 32.828 26.190 28.606  6.827  7.605 52.831 50.813 -55.29
 42625 924 0 0 1 2 3768.6077 3769.6243
 13.637 -0.655-23.926 42.707 55.569  1.303  0.786  0.000  0.000
   0.000  0.000  0.000  0.000  0.000  0.000  0.000 52.507   0.00
 42625 924 3 1 4 3 3768.6077 3769.6243
 13.643 -0.267-17.866-16.182 -3.314  1.281  3.584  7.633 -2.733
 -13.993-17.260-17.587-18.003  0.423  0.858 -3.159 -3.440 -56.13
 42625 924 2 1 3 2 3768.6077 3769.6243
 13.585 -0.073 28.802 43.987 56.795  7.581  0.566-62.841  0.282
  44.347 43.725 29.417 28.354  3.194  4.387 57.439 56.733  -2.38
 42725 9 0 2 1 3 2 3769.6243 3770.6013
 16.641 -0.475-17.594 -3.314 11.982  3.584  2.482-48.500  3.523
  -3.159 -3.440-17.762-17.459  1.598  1.986 13.680  9.683  61.86
 5 225 938 2 4 6 7 3774.5979 3775.6006
 14.003  0.244 15.860-47.492-34.439 53.355 48.724-15.013 -0.560
 -45.929-51.843 16.263 14.738 39.256 14.099-33.721-39.243   9.48
 5 325 934 1 6 7 9 3775.6006 3776.5972
 14.635 -0.227 16.105-34.439-20.837 48.724 74.871 -5.528 -0.279
 -33.721-39.243 16.171 15.658 42.397  6.327-20.226-25.477   4.61
 5 425 939 0 0 1 2 3776.5972 3777.5986
 13.581  0.375 20.442-59.113-46.501  2.291  3.726  0.000  0.000
   0.000  0.000  0.000  0.000  0.000  0.000  0.000-47.919   0.00
 5 425 939 1 8 914 3776.5972 3777.5986
 13.276  0.044 15.878-20.837 -8.530 74.871 79.796 -0.919  0.506
 -20.226-25.477 15.888 15.807 66.152  8.720 -7.812-13.538  -6.93
 5 525 937 1 1 2 1 3777.5986 3778.5959
 14.977 -0.358 20.817-46.501-32.549  3.726  4.847 25.343 -1.487
 -46.482-47.919 20.809 21.445  3.676  0.050  0.000  0.000   0.00
 5 525 937 4101412 3777.5986 3778.5959
 13.007 -0.369 15.922 -8.530  3.457 79.796 11.169 -7.844  0.188
  -7.812-13.538 16.017 15.259 69.791 10.005  5.307 -0.590  -0.75
 5 625 941 0 0 1 4 3778.5959 3779.6001
 12.818  0.734 20.460-32.549-20.667  4.847  1.853  0.000  0.000
   0.000  0.000  0.000  0.000  0.000  0.000  0.000-21.650   0.00
 5 625 941 5 71210 3778.5959 3779.6001
 15.473  0.111 15.554  3.457 18.004 11.169 49.655 -8.590 -0.397
   5.307 -0.590 15.823 14.965  7.665  3.504 18.582 13.110  -1.33
 5 725 935 3 1 4 4 3779.6001 3780.5938
 13.206  0.403 21.198-20.667 -8.523  1.853  3.173 41.566  1.678
 -20.477-21.650 21.040 22.010  1.552  0.301 -7.590 -9.066  22.52
 5 725 935 3 710 5 3779.6001 3780.5938
 14.377 -0.171 15.666 18.004 31.312 49.655 30.784 -9.923 -3.927
  18.582 13.110 15.763 14.842 44.413  5.242 31.982 30.881  51.61
 5 825 945 1 4 5 2 3780.5938 3781.6631
 14.673 -0.235 15.496 31.312 45.950 30.784 39.844 41.692 -0.436
  31.982 30.881 14.921 15.866 12.047 18.737 46.226 45.776  22.11
 52225 94115132817 3794.5964 3795.5945
 13.070 -1.986 22.096  1.998 14.058 34.310 25.171  8.383 -9.114
  11.895 -4.563 20.745 22.992 13.678 20.631 15.450  8.851   2.01
 52325 943 7101716 3795.5945 3796.6848
 14.192  1.834 20.114 14.058 28.459 25.171 20.857 10.394  0.433
  15.450  8.851 19.874 21.011 19.863  5.308 30.999 23.759  -5.47
 52325 943 1 1 2 8 3795.5945 3796.6848
 13.939  2.256 17.645 30.449 44.573  1.491  6.326 29.241  4.619
  30.886 29.871 17.412 17.953  0.849  0.642 45.968 40.154 -11.66
 52425 733 6101614 3796.6848 3797.5986
 12.193 -0.019 22.113 28.459 38.702 20.857 20.918  4.926 -0.496
  30.999 23.759 21.910 22.488 13.539  7.318 42.081 35.505   7.41
 52425 733 2 6 8 5 3796.6848 3797.5986
 14.639 -0.299 20.105 44.573 57.052  6.326 11.500 17.581 -4.110
  45.968 40.154 19.690 21.420  4.809  1.518 57.368 56.227  30.83
 52925 956 1 1 2 3 3801.5862 3802.5881
 14.246 -0.510 13.594-39.311-26.020 18.928 13.195 40.398  0.006
 -39.022-39.559 13.355 13.800  8.755 10.173-25.590-26.231 -14.83
 6 525 937 0 0 1 1 3808.5986 3809.5930
 13.928  0.077-28.041 -7.553  5.321  1.577  8.230  0.000  0.000
   0.000  0.000  0.000  0.000  0.000  0.000  0.000  0.000   0.00
 6 525 937 0 0 1 1 3808.5986 3809.5930
 14.635  0.027 20.299-32.405-18.829 14.312 12.661  0.000  0.000
   0.000  0.000  0.000  0.000  0.000  0.000  0.000  0.000   0.00
 6 525 937 0 0 1 1 3808.5986 3809.5930
 15.150 -0.013 22.319-53.365-39.276  0.050  2.838  0.000  0.000
   0.000  0.000  0.000  0.000  0.000  0.000  0.000  0.000   0.00
 6 525 937 5 611 6 3808.5986 3809.5930
 14.356  0.109 26.328 34.859 48.158 26.705 35.787 21.160 -0.854
  38.634 31.407 25.018 27.525 12.755 13.950 51.557 45.405   4.13
 6 625 945 0 0 1 1 3809.5930 3810.5869
 14.218 -0.382-28.117  5.321 18.474  8.230  6.692  0.000  0.000
   0.000  0.000  0.000  0.000  0.000  0.000  0.000  0.000   0.00
 6 625 945 3 4 7 6 3809.5930 3810.5869
 15.611 -0.117 17.864-34.739-20.202294.327 10.303-20.885  3.355
 -34.713-35.856 17.874 17.459287.626  6.701-18.850-23.587  17.76
 6 625 945 0 0 1 4 3809.5930 3810.5869
 13.708  0.062 22.307-39.276-26.630  2.838  8.704  0.000  0.000
   0.000  0.000  0.000  0.000  0.000  0.000  0.000-30.680   0.00
 6 625 945 0 0 1 4 3809.5930 3810.5869
 13.050  0.149 20.326-18.829 -6.838 12.661  9.118  0.000  0.000
   0.000  0.000  0.000  0.000  0.000  0.000  0.000 -9.472   0.00
 6 625 945 2 5 7 9 3809.5930 3810.5869
 14.462 -0.290 30.065  2.694 16.089  2.730 12.082 22.872  0.674
   5.744  2.220 28.952 30.238  0.367  2.363 18.011 13.420 -22.09
 6 725 954 3 5 810 3810.5869 3811.6055
 12.892 -0.734-13.522 19.191 31.325 16.587 16.782  0.547  1.671
  20.435 17.999-13.511-13.533  8.119  8.468 33.335 29.246  -9.71
 6 725 954 0 0 1 1 3810.5869 3811.6055
 13.353 -0.286-27.738 18.474 31.076  6.692  6.070  0.000  0.000
   0.000  0.000  0.000  0.000  0.000  0.000  0.000  0.000   0.00
 6 725 954 3 3 6 1 3810.5869 3811.6055
 16.167  0.523 17.748-20.202 -4.732 10.303  5.952 -3.123 -4.519
 -18.850-23.587 17.818 17.572  7.363  2.940  0.000  0.000   0.00
 6 725 954 2 2 4 4 3810.5869 3811.6055
 15.531  0.141 22.368-26.630-11.808  8.704 11.397  8.624 -2.181
 -25.581-30.680 22.221 22.936  6.913  1.792-11.389-13.336  37.35
 6 725 954 1 3 4 2 3810.5869 3811.6055
 14.625  0.035 20.474 -6.838  7.061  9.118 13.275 29.502 -1.862
  -6.358 -9.472 20.220 21.871  7.714  1.405  7.067  5.617  -5.13
 6 725 954 3 6 9 7 3810.5869 3811.6055
 14.664  0.029 29.777 16.089 30.027 12.082 10.339  0.783  0.188
  18.011 13.420 29.754 29.809  7.024  5.058 32.321 27.549  -7.90
 6 825 927 5 510 6 3811.6055 3812.5854
 14.045  0.150-12.774 31.325 44.124 16.782 15.631 -9.167  3.417
  33.335 29.246-13.090-12.447  8.531  8.251 47.754 40.129   4.52
 6 825 927 0 0 1 2 3811.6055 3812.5854
 14.544  0.077-27.447 31.076 44.365  6.070  0.830  0.000  0.000
   0.000  0.000  0.000  0.000  0.000  0.000  0.000 44.089   0.00
 61025 956 8 412 6 3813.5854 3814.6812
 11.524  0.414 17.738-40.123-28.570 37.659 37.873 21.162 -1.786
 -36.399-44.689 16.365 19.422 20.740 16.918-24.800-30.925   8.27
 61025 956 2 1 3 2 3813.5854 3814.6812
 13.437  0.101 22.121  1.306 14.955 11.964 18.141-72.522  0.162
   1.864  1.301 23.761 22.107  0.100 11.864 14.960 12.939  81.68
 61025 956 0 0 1 1 3813.5854 3814.6812
 14.828  0.039 18.473  8.512 23.684 21.097  1.316  0.000  0.000
   0.000  0.000  0.000  0.000  0.000  0.000  0.000  0.000   0.00
 61025 956 0 0 1 1 3813.5854 3814.6812
 13.816  0.216 20.720 19.482 33.546 13.564  1.229  0.000  0.000
   0.000  0.000  0.000  0.000  0.000  0.000  0.000  0.000   0.00
 61025 956 4 3 7 3 3813.5854 3814.6812
 12.349  1.294 31.381 40.366 52.822 19.448 12.910-49.777 -1.200
  41.308 39.700 32.332 30.708  8.058 11.390 52.840 52.749 -35.47
 61125 739 1 1 2 1 3814.6812 3815.6104
 14.344 -0.214 22.232 14.955 27.371 18.141 14.302  9.158 -1.895
  14.960 12.939 22.231 22.533 18.091  0.050  0.000  0.000   0.00
 61125 739 0 0 1 1 3814.6812 3815.6104
 15.496 -0.315 18.516 23.684 37.171  1.316  6.629  0.000  0.000
   0.000  0.000  0.000  0.000  0.000  0.000  0.000  0.000   0.00
 61125 739 0 0 1 1 3814.6812 3815.6104
 14.427 -0.465 20.957 33.546 46.039  1.229  7.752  0.000  0.000
   0.000  0.000  0.000  0.000  0.000  0.000  0.000  0.000   0.00
 61225 920 7101715 3815.6104 3816.5825
 16.361 -0.010 18.246 -9.885  5.066 23.388 40.558 12.206  2.124
  -5.484-14.946 17.342 19.285 12.509 10.879  9.540 -2.283  -5.03
 61225 920 0 0 1 1 3815.6104 3816.5825
 13.727  0.183 22.033 27.371 39.762 14.302  9.473  0.000  0.000
   0.000  0.000  0.000  0.000  0.000  0.000  0.000  0.000   0.00
 61225 920 0 0 1 1 3815.6104 3816.5825
 14.689  0.022 18.223 37.171 50.497  6.629  4.041  0.000  0.000
   0.000  0.000  0.000  0.000  0.000  0.000  0.000  0.000   0.00
 61225 920 0 0 1 1 3815.6104 3816.5825
 14.193 -0.127 20.525 46.039 58.883  7.752 15.776  0.000  0.000
   0.000  0.000  0.000  0.000  0.000  0.000  0.000  0.000   0.00
 6132510 0 21315 8 3816.5825 3817.6001
 11.895  0.836 18.236  5.066 16.169 40.558  6.847  7.173 -2.622
   9.540 -2.283 17.701 19.115 25.211 15.347 22.803 13.697 -15.42
 61525 619 0 0 1 1 3818.7361 3819.6160
 14.389 -0.116 17.707 39.448 51.245  7.771  7.203  0.000  0.000
   0.000  0.000  0.000  0.000  0.000  0.000  0.000  0.000   0.00
 62925 5 8 1 1 2 1 3832.7854 3833.5938
 14.215 -0.665-12.285-52.729-42.030  8.027 13.023 22.837 -0.514
 -52.284-52.769-12.102-12.301  0.667  7.360  0.000  0.000   0.00
 63025 945 2 2 4 2 3833.5938 3834.6201
 12.450  1.040-25.747  2.934 14.708  3.131  5.933 27.250 -1.836
   3.589  1.529-25.444-26.399  2.136  0.995 14.980 14.706 -14.78
 63025 945 0 0 1 1 3833.5938 3834.6201
 14.438  0.078-11.748-42.030-28.217 13.023  5.016  0.000  0.000
   0.000  0.000  0.000  0.000  0.000  0.000  0.000  0.000   0.00
 7 125 9 7 0 0 1 2 3834.6201 3835.6055
 13.795  0.000-11.827-28.217-15.589  5.016  4.724  0.000  0.000
   0.000  0.000  0.000  0.000  0.000  0.000  0.000-15.783   0.00
 7 225 927 1 1 2 1 3835.6055 3836.7222
 14.309  0.098-11.827-15.589 -0.704  4.724  8.527-17.771 -0.485
 -15.311-15.783-11.914-11.766  1.945  2.779  0.000  0.000   0.00
 7 325 639 0 0 1 1 3836.7222 3837.6243
 14.348  0.008-11.936 -0.704 11.356  8.527  5.370  0.000  0.000
   0.000  0.000  0.000  0.000  0.000  0.000  0.000  0.000   0.00
 7 325 639 2 5 7 8 3836.7222 3837.6243
 12.466  0.136-14.876-52.504-42.141 18.206 47.609 -9.614  0.419
 -48.757-55.578-15.490-14.373  8.205 10.001-37.874-45.212  13.62
 7 425 9 0 2 3 5 1 3837.6243 3838.5979
 15.250  0.140-28.565 37.547 51.441 18.327  7.857  7.238 -3.263
  38.566 34.880-28.451-28.863 13.261  5.066  0.000  0.000   0.00
 7 425 9 0 0 0 1 2 3837.6243 3838.5979
 13.584 -0.004-11.943 11.356 23.628  5.370 21.595  0.000  0.000
   0.000  0.000  0.000  0.000  0.000  0.000  0.000 23.602   0.00
 7 425 9 0 4 4 821 3837.6243 3838.5979
 15.935 -0.560-14.999-42.141-27.580 47.609 88.760  4.010 -1.056
 -37.874-45.212-14.710-15.207 19.921 27.688-25.579-31.826  -3.66
 7 525 938 1 1 2 1 3838.5979 3839.5952
 14.494  0.046-11.939 23.628 37.105 21.595 12.339-53.343 -0.351
  23.816 23.602-12.186-11.904  2.681 18.914  0.000  0.000   0.00
 7 525 938 8132111 3838.5979 3839.5952
 11.483 -0.072-14.454-27.580-17.105 88.760 49.612  0.351 -1.468
 -25.579-31.826-14.442-14.479 60.329 28.431-14.848-19.461  12.44
 7 625 942 0 0 1 1 3839.5952 3840.6228
 14.071 -0.128-11.985 37.105 50.562 12.339  8.935  0.000  0.000
   0.000  0.000  0.000  0.000  0.000  0.000  0.000  0.000   0.00
 7 625 942 7 41121 3839.5952 3840.6228
 14.984  0.710-14.382-17.105 -2.710 49.612 41.459 12.793  1.290
 -14.848-19.461-13.886-14.900 25.341 24.271  0.915 -5.116  -5.37
 7 725 9 3 8132129 3840.6228 3841.6006
 14.975 -0.519-15.111 -2.710 10.975 41.459 44.326  7.421 -0.715
   0.915 -5.116-14.655-15.414 16.535 24.924 13.631  8.366   1.47
 7 825 93412172919 3841.6006 3842.5952
 14.321 -0.205-14.604 10.975 24.243 44.326 43.085  8.886 -0.207
  13.631  8.366-14.202-14.998 21.964 22.362 26.406 21.323  -2.99
 7 925 94210 919 9 3842.5952 3843.5979
 14.986 -0.117-14.400 24.243 38.290 43.085 30.454  5.891  0.435
  26.406 21.323-14.184-14.692 24.754 18.331 39.639 34.134   1.94
 71025 938 7 2 9 9 3843.5979 3844.5916
 12.602 -0.122-14.282 38.290 49.841 30.454 20.362  7.828 -0.054
  39.639 34.134-14.103-14.836 22.992  7.462 52.411 47.042   4.64
 71025 938 1 2 3 5 3843.5979 3844.5916
 12.463 -0.909 19.341-47.709-36.296  2.181  6.191-23.286  6.626
 -47.434-48.260 19.453 19.117  1.455  0.725-33.158-41.036  22.01
 71125 948 1 1 2 2 3844.5916 3845.6833
 14.767 -0.195 18.502-59.728-44.675 11.046  4.619 34.316 -0.251
 -59.719-61.727 18.496 19.796 10.996  0.050-42.534-44.698 -35.03
 71225 736 0 0 1 1 3845.6833 3846.5994
 14.318 -0.426 17.256-17.664 -5.445  7.859  1.710  0.000  0.000
   0.000  0.000  0.000  0.000  0.000  0.000  0.000  0.000   0.00
 71225 736 1 1 2 1 3845.6833 3846.5994
 14.452 -0.042 18.289-44.675-32.334  4.619  0.774 -0.710 -2.055
 -42.534-44.698 18.314 18.288  0.050  4.569  0.000  0.000   0.00
 71225 736 0 0 1 1 3845.6833 3846.5994
 14.271  0.493 21.918-56.378-44.202  0.855  1.306  0.000  0.000
   0.000  0.000  0.000  0.000  0.000  0.000  0.000  0.000   0.00
 71325 937 0 0 1 1 3846.5994 3847.6992
 14.282 -0.200 22.370-44.202-29.568  1.306  4.653  0.000  0.000
   0.000  0.000  0.000  0.000  0.000  0.000  0.000  0.000   0.00
 71325 937 0 0 1 1 3846.5994 3847.6992
 14.312 -0.181 16.865 -5.445  9.222  1.710 12.850  0.000  0.000
   0.000  0.000  0.000  0.000  0.000  0.000  0.000  0.000   0.00
 71425 712 0 0 1 4 3847.6992 3848.5959
 14.024 -0.003 22.150-29.568-17.872  4.653  6.334  0.000  0.000
   0.000  0.000  0.000  0.000  0.000  0.000  0.000-18.854   0.00
 71425 712 0 0 1 1 3847.6992 3848.5959
 13.987  0.357 16.666  9.222 20.884 12.850  5.725  0.000  0.000
   0.000  0.000  0.000  0.000  0.000  0.000  0.000  0.000   0.00
 71525 941 1 3 4 7 3848.5959 3849.6125
 15.718  0.959 22.147-17.872 -2.887  6.334  5.232-42.019  1.170
 -17.691-18.854 22.299 21.328  5.344  0.990 -1.400 -3.701  78.15
 71525 941 0 0 1 1 3848.5959 3849.6125
 14.629 -0.451 16.986 20.884 34.763  5.725  8.066  0.000  0.000
   0.000  0.000  0.000  0.000  0.000  0.000  0.000  0.000   0.00
 71625 918 0 0 1 1 3849.6125 3850.6055
 13.478  0.198 16.528 34.763 47.175  8.066  4.238  0.000  0.000
   0.000  0.000  0.000  0.000  0.000  0.000  0.000  0.000   0.00
 71625 918 3 4 7 4 3849.6125 3850.6055
 14.245  0.347 23.122 -2.887 10.287  5.232 20.635 36.131  0.805
  -1.400 -3.701 22.123 23.668  1.850  3.382 12.102  9.265   4.42
 71725 927 1 1 2 4 3850.6055 3851.7966
 13.870  0.184-16.386-39.743-24.390  3.215  7.943 18.406  2.238
 -38.693-40.026-16.050-16.476  0.682  2.533-21.392-25.095 -26.70
 71725 927 1 3 4 6 3850.6055 3851.7966
 14.592 -0.129 23.466 10.287 26.501 20.635  2.167 40.553  0.645
  12.102  9.265 22.042 24.269  7.436 13.199 28.333 24.726  -5.03
 71725 927 0 0 1 6 3850.6055 3851.7966
 14.774  1.855 21.103 10.070 26.501  4.645  2.167  0.000  0.000
   0.000  0.000  0.000  0.000  0.000  0.000  0.000 24.726   0.00
 71825 452 2 2 4 3 3851.7966 3852.6152
 12.827  0.647-16.604-24.390-14.688  7.943 15.417 -8.294 -2.629
 -21.392-25.095-17.023-16.506  1.513  6.430-14.308-14.864  64.58
 71825 452 3 3 6 3 3851.7966 3852.6152
 12.347  0.932 23.312 26.501 35.809  2.167  2.725 35.524 -3.448
  28.333 24.726 22.111 24.476  1.066  1.101 36.295 35.613 -35.56
 71925 913 2 1 3 1 3852.6152 3853.6021
 13.654 -0.017-17.134-14.688 -2.179 15.417  1.816 56.288 -0.958
 -14.308-14.864-16.589-17.386  4.870 10.547  0.000  0.000   0.00
 71925 913 2 4 6 5 3852.6152 3853.6021
 13.364  0.302 17.592 -0.941 11.281  5.223  6.706 14.787  1.389
   0.627 -2.417 17.197 17.963  2.532  2.691 13.860  9.300  -6.14
 71925 913 1 2 3 1 3852.6152 3853.6021
 13.708 -0.275 24.075 35.809 48.371  2.725  2.036 -0.034 -0.623
  36.295 35.613 24.076 24.075  0.783  1.941  0.000  0.000   0.00
 72025 933 3 1 4 3 3853.6021 3854.6035
 13.524 -0.066-24.872 31.279 43.842 11.499 24.298  9.632 -0.435
  33.172 29.187-24.580-25.194  6.035  5.463 45.394 41.886   0.15
 72025 933 3 2 5 6 3853.6021 3854.6035
 14.981  0.009 17.889 11.281 25.303  6.706  9.196  8.649 -0.858
  13.860  9.300 17.516 18.176  2.913  3.793 26.803 23.248   8.03
 72125 930 2 1 3 1 3854.6035 3855.6055
 15.409  0.267-24.806 43.842 58.303 24.298  1.082  9.782 -3.232
  45.394 41.886-24.563-25.112 13.552 10.746  0.000  0.000   0.00
 72525 939 3 4 7 4 3858.5972 3859.6035
 14.710 -0.781-27.900-46.344-32.527  9.896 11.175 17.777 -5.124
 -44.705-51.762-27.436-29.436  7.598  2.298-31.376-32.972 -13.35
 72525 939 8 1 9 6 3858.5972 3859.6035
 15.810 -0.461 21.991-26.549-11.624 30.748 20.763 18.459  2.272
 -23.549-29.000 21.063 22.750 13.824 16.924 -8.359-16.255  -3.56
 72625 930 1 3 4 6 3859.6035 3860.6091
 10.917  0.750-27.114-32.527-22.532 11.175  5.291  4.430  3.817
 -31.376-32.972-27.035-27.145  3.115  8.060-19.971-25.636  12.74
 72625 930 0 0 1 1 3859.6035 3860.6091
 14.626 -0.515-10.932-54.418-40.694  4.130  3.955  0.000  0.000
   0.000  0.000  0.000  0.000  0.000  0.000  0.000  0.000   0.00
 72725 922 3 3 611 3860.6091 3861.5986
 13.765 -0.055-27.868-22.532 -9.879  5.291 17.939 17.171  0.964
 -19.971-25.636-27.169-28.716  2.898  2.392 -5.592-12.412  -3.61
 72725 922 0 0 1 1 3860.6091 3861.5986
 14.355 -0.147-10.414-40.694-27.457  3.955  2.488  0.000  0.000
   0.000  0.000  0.000  0.000  0.000  0.000  0.000  0.000   0.00
 72825 937 5 61111 3861.5986 3862.6055
 13.206  0.192-27.814 -9.879  2.434 17.939 21.431 13.564 -1.852
  -5.592-12.412-26.899-28.354  6.663 11.276  5.608  0.928   4.79
 72825 937 0 0 1 1 3861.5986 3862.6055
 14.232  0.165-10.268-27.457-14.111  2.488  6.532  0.000  0.000
   0.000  0.000  0.000  0.000  0.000  0.000  0.000  0.000   0.00
 72925 927 6 51110 3862.6055 3863.5959
 16.305 -0.378-28.008  2.434 17.611 21.431  4.346 18.357  0.619
   5.608  0.928-27.078-28.449  6.896 14.535 19.441 14.307   5.49
 72925 927 0 0 1 1 3862.6055 3863.5959
 14.427 -0.070-10.435-14.111 -0.793  6.532  2.371  0.000  0.000
   0.000  0.000  0.000  0.000  0.000  0.000  0.000  0.000   0.00
 72925 927 2 1 3 3 3862.6055 3863.5959
 13.184  0.064 22.611 20.908 32.995 19.015  2.746 27.055 -0.371
  21.514 20.676 22.325 22.720  5.263 13.752 33.347 32.826 -11.90
 72925 927 0 0 1 3 3862.6055 3863.5959
 13.796 -0.018 20.958 31.526 44.220 16.472  5.335  0.000  0.000
   0.000  0.000  0.000  0.000  0.000  0.000  0.000 43.927   0.00
 73025 941 5 51011 3863.5959 3864.6042
 13.613  0.237-27.633 17.611 30.351  4.346 11.210 23.848  0.158
  19.441 14.307-26.916-28.927  2.797  1.549 31.575 26.748   9.89
 73025 941 2 1 3 1 3863.5959 3864.6042
 13.620  0.054 22.675 32.995 45.743  2.746  1.257 15.160 -0.498
  33.347 32.826 22.587 22.717  0.891  1.856  0.000  0.000   0.00
 73025 941 2 1 3 1 3863.5959 3864.6042
 13.834  0.188 20.940 44.220 57.182  5.335  8.964-61.617 -0.616
  44.241 43.927 20.977 20.435  4.979  0.356  0.000  0.000   0.00
 73125 930 6 511 8 3864.6042 3865.6021
 13.518  0.944-27.872 30.351 42.865 11.210 35.184 33.740 -0.332
  31.575 26.748-27.150-30.000  8.369  2.841 43.945 38.893 -11.02
 8 125 933 3 5 8 3 3865.6021 3866.6548
 12.859 -1.062-28.815 42.865 55.373 35.184 26.031 22.716  0.969
  43.945 38.893-28.418-30.271 27.660  7.524 56.939 51.418   9.33
 8 525 957 0 0 1 1 3869.5847 3870.6028
 14.663  2.899 19.347 -8.894  5.037  1.529  0.847  0.000  0.000
   0.000  0.000  0.000  0.000  0.000  0.000  0.000  0.000   0.00
 8 625 931 2 2 4 4 3870.6028 3871.5825
 12.860  1.301-27.004 25.220 36.862  6.452 11.349 12.013  1.870
  26.138 23.135-26.829-27.399  4.479  1.974 39.566 34.379 -19.26
 8 72510 0 2 2 4 2 3871.5825 3872.5771
 11.347  0.746-28.278 36.862 47.173 11.349  3.345 -7.249 -3.866
  39.566 34.379-28.581-28.000  5.432  5.916 47.277 47.171 -75.53
 8 82510 8 2 2 4 4 3872.5771 3873.6182
 16.431 -0.988 23.384-48.279-32.194 11.409  8.806 14.685  1.563
 -46.095-49.409 22.859 23.656  3.892  7.517-30.806-35.856  -7.44
 8 82510 8 3 4 711 3872.5771 3873.6182
 14.475  0.516 23.388  9.363 23.412 15.970 35.420 -6.960  1.319
  11.034  7.605 23.575 23.191  8.187  7.783 25.401 20.576  -3.83
 8 925 9 9 1 3 4 2 3873.6182 3874.6055
 16.280 -0.743 22.355-32.194-17.084  8.806  4.057  7.247 -3.692
 -30.806-35.856 22.192 22.786  6.386  2.420-16.965-18.002  11.17
 8 925 9 9 4 71111 3873.6182 3874.6055
 14.028 -0.230 23.924 23.412 36.298 35.420 33.126-10.793  2.214
  25.401 20.576 24.271 23.430 20.821 14.600 39.481 32.231   2.87
 81025 927 1 1 2 1 3874.6055 3875.6091
 14.112  0.326 23.011-23.825-10.646  6.365  1.071-44.548 -0.495
 -23.498-23.882 23.307 22.959  0.939  5.426  0.000  0.000   0.00
 81025 927 1 1 2 2 3874.6055 3875.6091
 14.825 -0.472 21.622-17.084 -3.189  4.057  1.814 18.414  1.070
 -16.965-18.002 21.585 21.906  3.591  0.466 -2.871 -5.040  -4.27
 81125 922 1 1 2 3 3875.6091 3876.6133
 14.449 -0.164 21.149 -3.189 10.336  1.814  0.976 14.141 -0.430
  -2.871 -5.040 21.074 21.583  1.548  0.266 10.517  8.757  -7.10
 81125 922 9 211 4 3875.6091 3876.6133
 12.644 -1.072 22.814 45.539 57.253 36.224 44.272-33.880 -1.260
  46.279 44.376 23.272 22.094 22.141 14.083 57.800 56.887  39.89
 81225 916 1 1 2 2 3876.6133 3877.6001
 12.786 -0.851 21.791-21.065 -9.414  4.286  1.395-59.145 -0.121
 -20.800-21.120 22.204 21.706  0.734  3.552 -9.320 -9.456 -14.75
 81225 916 1 2 3 2 3876.6133 3877.6001
 13.679  1.106 20.984 10.336 22.869  0.976  5.762  7.045 -0.472
  10.517  8.757 20.963 21.166  0.876  0.100 22.930 21.657  -2.34
 82125 930 0 0 1 1 3885.6035 3886.6125
 12.753 -0.251-25.280-48.567-36.687  6.299  9.732  0.000  0.000
   0.000  0.000  0.000  0.000  0.000  0.000  0.000  0.000   0.00
 82225 918 0 0 1 1 3886.6125 3887.6216
 14.466  0.976-25.027-36.687-23.079  9.732  5.817  0.000  0.000
   0.000  0.000  0.000  0.000  0.000  0.000  0.000  0.000   0.00
 82625 7 7 1 2 3 2 3890.7034 3891.6145
 15.966  0.992-16.344-10.834  2.820 19.794 16.585 26.664  0.205
 -10.704-11.251-16.281-16.545 15.094  4.699  2.827  2.094   1.13
 82625 7 7 9 81710 3890.7034 3891.6145
 14.096 -2.248 23.653-25.323-13.373 20.028 31.445 29.869 -3.173
 -21.003-30.836 21.380 26.552 11.229  8.800 -9.956-16.542   2.04
 82825 9 910 81814 3892.6182 3893.6055
 15.429  2.354 21.255 -4.208 10.060 44.323 36.377  9.611 -2.909
   0.316 -9.962 20.541 22.163 24.814 19.509 12.472  5.178   1.26
 82925 927 0 0 1 1 3893.6055 3894.7161
 13.889 -0.378-16.795 28.996 43.329 22.510 22.562  0.000  0.000
   0.000  0.000  0.000  0.000  0.000  0.000  0.000  0.000   0.00
 82925 927 2 4 6 7 3893.6055 3894.7161
 14.320  0.656 23.133-33.146-18.334 21.071 13.529  5.268  0.422
 -32.184-34.495 23.051 23.247 12.298  8.773-18.008-20.294  29.87
 82925 927 7 714 9 3893.6055 3894.7161
 14.424  0.450 23.580 10.060 24.987 36.377 27.740 10.868  1.351
  12.472  5.178 23.155 24.439 24.344 12.033 28.533 19.913   4.40
 82925 927 3 4 7 2 3893.6055 3894.7161
 14.964  0.184 18.779 19.484 35.011 10.743  4.205 -1.581 -0.232
  19.740 17.717 18.786 18.733  9.380  1.363 36.400 34.619   2.03
 9 425 915 2 3 5 4 3899.6138 3900.7834
 16.172  1.728 13.691-10.475  7.289  3.314  3.080 20.798  0.797
  -8.492-10.829 12.959 13.822  0.502  2.812  9.970  7.024 -49.27
 9 425 915 0 0 1 1 3899.6138 3900.7834
 13.258  2.335 20.103 -9.063  5.293  2.038  3.568  0.000  0.000
   0.000  0.000  0.000  0.000  0.000  0.000  0.000  0.000   0.00
 9 425 915 1 1 2 1 3899.6138 3900.7834
 16.525  0.841 26.507 21.641 39.818  2.496  0.758-83.441 -1.289
  21.644 21.479 26.532 25.252  2.446  0.050  0.000  0.000   0.00
 9 525 511 0 0 1 1 3900.7834 3901.7971
 14.019  1.432 12.893-59.965-46.746  2.695  1.831  0.000  0.000
   0.000  0.000  0.000  0.000  0.000  0.000  0.000  0.000   0.00
 9 525 511 0 0 1 1 3900.7834 3901.7971
 13.888  2.119 22.834  5.293 18.378  3.568  5.502  0.000  0.000
   0.000  0.000  0.000  0.000  0.000  0.000  0.000  0.000   0.00
 9 525 511 2 2 4 7 3900.7834 3901.7971
 15.628  2.950 15.711  7.289 22.139  3.080  6.791-28.469  0.889
   9.970  7.024 17.111 15.573  0.277  2.803 23.565 19.586   4.82
 91325 819 0 0 1 2 3908.6528 3909.6167
 16.317 -2.152 19.120 38.237 53.018  5.344  0.921  0.000  0.000
   0.000  0.000  0.000  0.000  0.000  0.000  0.000 50.732   0.00
 91425 911 3 2 5 6 3909.6167 3910.6138
 15.165 -1.243 19.636-32.089-17.946 10.236 11.051 17.335  0.616
 -31.218-34.540 19.380 20.356  7.553  2.683-17.573-21.184  11.02
 91525 915 2 4 6 5 3910.6138 3911.6062
 12.897 -0.271 18.396-17.946 -6.124 11.051  2.725 28.356 -1.709
 -17.573-21.184 18.205 20.054  9.908  1.143 -4.773 -7.073 -28.77
 91625 926 3 2 5 4 3911.6062 3912.9382
 12.658  0.131 18.127 -6.124  9.427  2.725  3.635 -0.412  0.138
  -4.773 -7.073 18.136 18.121  1.125  1.600  9.838  7.466  14.69
 91925 9 0 0 0 1 1 3914.6250 3915.6182
 12.510 -0.204-32.595-51.765-40.318 12.705 14.392  0.000  0.000
   0.000  0.000  0.000  0.000  0.000  0.000  0.000  0.000   0.00
 91925 9 0 0 0 1 1 3914.6250 3915.6182
 13.460 -0.514-16.141-52.386-39.996  3.605 10.161  0.000  0.000
   0.000  0.000  0.000  0.000  0.000  0.000  0.000  0.000   0.00
 91925 9 0 1 1 2 1 3914.6250 3915.6182
 14.936 -0.085 30.914-44.076-30.221  1.552  1.710-49.744 -0.656
 -43.598-44.092 31.398 30.898  0.050  1.502  0.000  0.000   0.00
 91925 9 0 1 1 2 1 3914.6250 3915.6182
 14.244 -0.252 29.532-30.538-17.370  4.957  5.736  2.820 -0.691
 -30.272-31.065 29.521 29.555  3.291  1.666  0.000  0.000   0.00
 91925 9 0 1 1 2 1 3914.6250 3915.6182
 13.652 -0.488 18.845 35.779 48.360  5.724  2.241-54.465 -1.304
  35.786 34.985 18.854 17.793  5.674  0.050  0.000  0.000   0.00
 92025 9 9 0 0 1 3 3915.6182 3916.6133
 13.509  0.305-32.392-40.318-27.854 14.392  6.776  0.000  0.000
   0.000  0.000  0.000  0.000  0.000  0.000  0.000-28.054   0.00
 92025 9 9 0 0 1 7 3915.6182 3916.6133
 11.423  0.458-13.599-33.074-22.686  0.442  3.777  0.000  0.000
   0.000  0.000  0.000  0.000  0.000  0.000  0.000-25.887   0.00
 92025 9 9 0 0 1 5 3915.6182 3916.6133
 14.072 -0.481 23.204-52.944-39.920  4.896  6.017  0.000  0.000
   0.000  0.000  0.000  0.000  0.000  0.000  0.000-40.588   0.00
 92025 9 9 0 0 1 1 3915.6182 3916.6133
 13.493 -0.133 30.830-30.221-17.772  1.710  3.030  0.000  0.000
   0.000  0.000  0.000  0.000  0.000  0.000  0.000  0.000   0.00
 92025 9 9 0 0 1 2 3915.6182 3916.6133
 12.896  0.146 29.282-17.370 -5.515  5.736  7.824  0.000  0.000
   0.000  0.000  0.000  0.000  0.000  0.000  0.000 -8.157   0.00
 92125 916 1 2 3 1 3916.6133 3917.6125
 13.554  0.618-32.695-27.854-15.292  6.776 12.524-50.334 -0.539
 -27.645-28.054-32.907-32.492  3.318  3.458  0.000  0.000   0.00
 92125 916 5 2 7 5 3916.6133 3917.6125
 16.096 -1.954-14.055-22.686 -7.585  3.777 11.511 19.381 -1.390
 -20.186-25.887-13.202-15.148  2.120  1.656 -5.556-10.100 -25.84
 92125 916 4 1 5 1 3916.6133 3917.6125
 13.393 -0.018 22.725-39.920-27.519  6.017  4.234 37.427 -5.088
 -36.207-40.588 20.104 23.197  0.918  5.100  0.000  0.000   0.00
 92125 916 1 1 2 1 3916.6133 3917.6125
 13.340 -0.009 29.427 -5.515  6.832  7.824  4.118 17.245 -2.525
  -5.388 -8.157 29.393 30.141  7.465  0.360  0.000  0.000   0.00
 92225 918 0 0 1 1 3917.6125 3918.6174
 11.998 -0.371-33.313-15.292 -4.225 12.524 12.932  0.000  0.000
   0.000  0.000  0.000  0.000  0.000  0.000  0.000  0.000   0.00
 92225 918 3 2 514 3917.6125 3918.6174
 11.398  2.089-12.103 -7.585  2.880 11.511 33.008 -6.462  2.405
  -5.556-10.100-12.328-11.824  6.371  5.140  7.015  0.492  29.60
 92225 918 1 1 2 1 3917.6125 3918.6174
 15.827 -2.105 18.681-21.605 -6.690  0.771  0.050 77.707 -0.857
 -21.559-21.751 18.479 19.316  0.584  0.186  0.000  0.000   0.00
 92225 918 0 0 1 2 3917.6125 3918.6174
 13.880  1.095 22.707-27.519-14.560  4.234 14.517  0.000  0.000
   0.000  0.000  0.000  0.000  0.000  0.000  0.000-14.697   0.00
 92225 918 0 0 1 2 3917.6125 3918.6174
 14.280 -0.184 29.418  6.832 20.193  4.118  4.441  0.000  0.000
   0.000  0.000  0.000  0.000  0.000  0.000  0.000 17.480   0.00
 92325 911 3 3 6 5 3918.6174 3919.6194
 13.171  0.463 21.102-23.682-11.469  5.941  5.214  3.780  0.403
 -21.399-25.452 20.961 21.211  2.595  3.346 -9.154-13.658  -5.98
 92325 911 1 1 2 2 3918.6174 3919.6194
 14.452 -0.163 23.808-14.560 -1.064 14.517  3.466 42.625  0.035
 -13.650-14.697 23.041 23.923  1.901 12.616 -0.768 -1.935  -5.62
 92325 911 1 1 2 1 3918.6174 3919.6194
 14.341  0.237 29.233 20.193 33.578  4.441  1.243 -0.783 -2.394
  20.224 17.480 29.233 29.200  4.391  0.050  0.000  0.000   0.00
 92425 9 7 0 0 1 2 3919.6194 3920.6152
 16.411  0.367 18.413-22.830 -7.468  0.050  2.288  0.000  0.000
   0.000  0.000  0.000  0.000  0.000  0.000  0.000 -7.510   0.00
 92625 919 0 0 1 3 3921.6111 3922.6104
 14.693  0.865-15.770 39.350 53.049  1.677 12.437  0.000  0.000
   0.000  0.000  0.000  0.000  0.000  0.000  0.000 52.514   0.00
 92625 919 1 1 2 2 3921.6111 3922.6104
 13.867 -0.304-32.327 31.802 44.675  8.775 15.054 29.089 -2.765
  32.521 29.558-31.989-33.382  6.646  2.129 44.738 44.620 -23.28
 92625 919 1 3 413 3921.6111 3922.6104
 11.911 -0.115 12.487-30.231-19.312 24.339 21.731 -6.767  1.377
 -27.903-34.869 12.757 11.950 16.205  8.134-13.352-21.774   7.13
 92725 920 1 1 2 1 3922.6104 3923.6104
 13.256 -0.484-32.023 44.675 56.946 15.054 15.663  5.805 -0.100
  44.738 44.620-32.018-32.028  7.054  8.000  0.000  0.000   0.00
 92725 920 6 814 6 3922.6104 3923.6104
 13.223 -0.585 20.545 31.700 43.938 23.666 23.584-15.309  0.416
  34.605 28.562 21.289 19.740 12.289 11.376 47.554 40.975   5.13
 92825 920 2 2 4 6 3923.6104 3924.6111
 14.405  0.961 13.136 -9.387  4.043 12.706 23.446 32.323 -0.589
  -7.575-10.015 12.020 13.524  3.272  9.434  5.221  2.955 -23.55
 92825 920 1 3 4 4 3923.6104 3924.6111
 13.792  0.391 12.180  1.246 14.062 14.670 12.537-68.678  4.180
   1.337  1.078 12.407 11.758  9.530  5.140 15.340 10.390  76.58
 92825 920 4 2 610 3923.6104 3924.6111
 14.228 -0.135 19.960 43.938 57.190 23.584 20.137-10.177 -0.850
  47.554 40.975 20.570 19.460 10.620 12.964 60.498 54.833  -1.04
 92925 919 4 61010 3924.6111 3925.6208
 12.476 -0.550-19.117-45.261-33.658 26.105 22.679 14.561  1.579
 -43.279-47.100-18.631-19.568 12.563 13.543-30.251-35.840 -11.01
 92925 919 3 3 6 2 3924.6111 3925.6208
 14.751 -1.684 14.098  4.043 17.942 23.446  0.283  8.768  0.666
   5.221  2.955 13.921 14.260 11.252 12.193 18.415 15.744  16.70
 92925 919 2 2 4 1 3924.6111 3925.6208
 16.058 -0.284 12.571 14.062 29.282 12.537  5.208  7.904 -4.878
  15.340 10.390 12.398 13.069  9.300  3.237  0.000  0.000   0.00
 93025 9 5 5 51011 3925.6208 3926.7327
 14.328 -0.644-18.561-33.658-18.823 22.679 36.467  3.554 -0.151
 -30.251-35.840-18.361-18.690  8.854 13.825-16.922-22.339  -2.33
 93025 9 5 1 3 4 2 3925.6208 3926.7327
 14.224  0.914 16.494-49.960-35.241 15.078 27.142-12.048 -0.379
 -49.778-51.604 16.532 16.158 13.569  1.509-35.092-36.568   7.70
 93025 9 5 0 0 1 1 3925.6208 3926.7327
 15.308 -0.805 12.284 29.282 45.207  5.208 10.255  0.000  0.000
   0.000  0.000  0.000  0.000  0.000  0.000  0.000  0.000   0.00
10 125 624 7 41113 3926.7327 3927.6736
 17.234  1.308-17.845-18.823 -3.534 36.467 50.728  1.221  0.311
 -16.922-22.339-17.807-17.917 23.669 12.798  0.126 -5.659  -0.06
10 125 624 1 1 2 2 3926.7327 3927.6736
 14.300 -2.223 17.510-35.241-22.712 27.142  5.356 -4.348  0.209
 -35.092-36.568 17.521 17.414 24.406  2.736-22.696-24.371   9.41
10 125 624 1 1 2 1 3926.7327 3927.6736
 14.411  2.617 22.225 44.146 56.779  0.921  0.050 17.162 -3.521
  44.651 41.017 22.080 23.119  0.793  0.128  0.000  0.000   0.00
10 125 624 0 0 1 1 3926.7327 3927.6736
 13.508  2.502 11.389 45.207 56.990 10.255  4.604  0.000  0.000
   0.000  0.000  0.000  0.000  0.000  0.000  0.000  0.000   0.00
10 225 749 0 0 1 1 3927.6736 3928.6104
 13.696  1.673 13.742-59.993-48.086  9.956  9.215  0.000  0.000
   0.000  0.000  0.000  0.000  0.000  0.000  0.000  0.000   0.00
10 225 749 1 1 2 2 3927.6736 3928.6104
 13.932  0.968 15.418-22.712-10.584  5.356  7.226  5.067  0.620
 -22.696-24.371 15.417 15.560  5.306  0.050-10.378-12.556 -26.14
10 625 744 1 1 2 6 3931.6777 3932.6333
 12.210  2.538 16.325-10.584  0.142  7.226 10.875-21.070  3.502
 -10.378-12.556 16.402 15.596  6.543  0.683  3.282 -1.350  61.27
10 725 848 4 2 6 8 3932.6333 3933.6235
 14.848 -0.490 18.751  0.142 13.870 10.875 12.140 40.205  0.400
   3.282 -1.350 16.238 19.944  3.503  7.372 15.780 10.734  -1.48
10 725 848 0 0 1 1 3932.6333 3933.6235
 13.819  1.288 15.886 42.934 55.642  4.717  6.352  0.000  0.000
   0.000  0.000  0.000  0.000  0.000  0.000  0.000  0.000   0.00
10 825 9 1 5 3 8 4 3933.6235 3934.6265
 13.283  2.269 18.265 13.870 26.201 12.140 14.268 38.720 -2.986
  15.780 10.734 16.811 20.653  7.546  4.595 27.978 24.858 -16.47
101625 858 1 1 2 3 3941.6257 3942.6333
 13.644  0.127-16.408 40.967 53.722 15.220  5.375 50.646  0.981
  41.262 40.107-16.063-17.413 11.331  3.889 53.962 53.117  22.08
101625 858 4 71118 3941.6257 3942.6333
 14.795  0.334-13.007-12.873  1.041 18.211 29.765 -1.059  0.010
  -9.100-15.022-13.075-12.969  6.607 11.604  4.319 -1.623   0.83
101625 858 4 4 813 3941.6257 3942.6333
 13.923  0.662-19.056-50.384-37.348 34.134 50.441-24.736  0.581
 -49.155-52.459-19.591-18.152 21.443 12.690-36.169-40.314  10.89
101625 858 1 1 2 2 3941.6257 3942.6333
 13.765 -0.196-14.243-43.687-30.810  9.524  7.945 83.370 -0.245
 -43.603-43.689-13.540-14.257  0.183  9.341-30.663-31.011-128.24
101625 858 2 6 815 3941.6257 3942.6333
 14.524 -0.062 17.804-37.670-24.029 26.473 17.162-31.570  0.589
 -35.797-40.882 18.899 15.924 16.723  9.750-21.979-28.104  10.04
101725 848 7111815 3942.6333 3943.7542
 15.787  0.154-13.344  1.041 17.630 29.765 30.473 -0.229  0.727
   4.319 -1.623-13.357-13.334 13.344 16.421 20.838 14.146   1.68
101725 848 6 713 7 3942.6333 3943.7542
 14.800 -0.825-19.723-37.348-21.865 50.441 29.632-13.851 -1.528
 -36.169-40.314-19.997-19.035 36.092 14.349-20.953-23.170 -18.74
101725 848 1 1 2 1 3942.6333 3943.7542
 14.507 -0.489-14.046-30.810-15.656  7.945 13.648-44.869 -0.477
 -30.663-31.011-14.188-13.852  4.575  3.370  0.000  0.000   0.00
101725 848 0 0 1 2 3942.6333 3943.7542
 16.496 -1.896-21.051-44.264-26.880  0.921  6.336  0.000  0.000
   0.000  0.000  0.000  0.000  0.000  0.000  0.000-26.969   0.00
101725 848 51015 8 3942.6333 3943.7542
 13.641 -0.569 17.741-24.029 -9.845 17.162 13.462-21.526 -4.080
 -21.979-28.104 18.511 16.210 11.418  5.744 -8.911-11.193  16.09
101825 553 4 3 7 6 3943.7542 3944.6826
 15.564  1.458-18.799-21.865 -8.330 29.632 81.187-32.593  0.139
 -20.953-23.170-19.351-18.009 17.436 12.196 -7.426-10.100  49.95
101825 553 0 0 1 2 3943.7542 3944.6826
 15.081  0.512-13.498-15.656 -2.570 13.648 15.812  0.000  0.000
   0.000  0.000  0.000  0.000  0.000  0.000  0.000 -2.749   0.00
101825 553 1 2 3 3 3943.7542 3944.6826
 15.863  1.196-17.038-54.805-40.993 19.632 17.684 33.043 -0.125
 -54.108-55.957-16.604-17.754 12.228  7.404-40.741-42.758 -18.03
101825 553 1 2 3 2 3943.7542 3944.6826
 13.210 -2.074 21.112-46.026-34.677 22.210 21.670-62.923 -1.886
 -44.672-46.296 23.582 20.619  3.694 18.516-34.069-35.273  24.98
101825 553 0 0 1 1 3943.7542 3944.6826
 14.043 -1.439 24.345-55.135-43.012  4.310 10.279  0.000  0.000
   0.000  0.000  0.000  0.000  0.000  0.000  0.000  0.000   0.00
101825 553 1 2 3 1 3943.7542 3944.6826
 15.301 -2.476 24.411-45.502-32.211  0.768  0.140 -4.545 -1.812
 -45.244-47.227 24.430 24.286  0.668  0.100  0.000  0.000   0.00
101825 553 4 4 8 7 3943.7542 3944.6826
 13.007 -0.138 17.103 -9.845  1.315 13.462 20.139 -5.436  1.845
  -8.911-11.193 17.188 16.981  7.949  5.513  4.417  0.335  -9.24
101925 737 1 1 2 2 3944.6826 3945.6860
 14.281  1.423-12.237 35.373 48.713  9.973 15.621 35.295  0.131
  35.377 34.655-12.234-12.733  9.923  0.050 48.717 47.698 -41.08
101925 737 5 2 7 4 3944.6826 3945.6860
 13.175  0.494-12.702 25.914 38.144  6.652 19.929-19.782  0.164
  27.642 25.147-13.308-12.433  2.044  4.609 40.271 37.898 -13.08
101925 737 1 1 2 2 3944.6826 3945.6860
 13.506 -0.005-13.973 -2.570  9.993 15.812 17.370 59.462  0.094
  -2.479 -2.749-13.824-14.269 10.525  5.288 10.067  9.564 -22.57
101925 737 2 4 613 3944.6826 3945.6860
 12.938 -0.260-20.153 -8.330  3.663 81.187 46.380 17.356 -0.513
  -7.426-10.100-19.888-20.672 53.727 27.460  4.438  2.197 -11.60
101925 737 1 2 3 5 3944.6826 3945.6860
 11.680 -0.743-18.148-40.993-30.262 17.684 25.620 15.016 -0.423
 -40.741-42.758-18.083-18.598 15.474  2.211-28.922-30.473   3.70
101925 737 1 1 2 6 3944.6826 3945.6860
 15.101  1.211 19.186-34.677-20.512 21.670 23.457-37.947  0.500
 -34.069-35.273 19.634 18.747 10.727 10.943-19.743-21.633  13.79
101925 737 0 0 1 3 3944.6826 3945.6860
 15.115  1.470 23.009-43.012-28.835 10.279 22.263  0.000  0.000
   0.000  0.000  0.000  0.000  0.000  0.000  0.000-29.706   0.00
101925 737 0 0 1 6 3944.6826 3945.6860
 12.644 -1.706 22.112-32.211-20.512  0.140 23.457  0.000  0.000
   0.000  0.000  0.000  0.000  0.000  0.000  0.000-21.633   0.00
101925 737 3 4 7 4 3944.6826 3945.6860
 14.507  0.371 16.975  1.315 14.883 20.139  8.021-14.672 -0.521
   4.417  0.335 17.752 16.730  4.838 15.301 17.713 14.134  28.33
102025 731 3 1 4 1 3945.6860 3946.6187
 13.550 -0.795-13.198 38.144 49.862 19.929 11.092-32.858 -2.750
  40.271 37.898-14.535-13.043  2.073 17.856  0.000  0.000   0.00
102025 731 1 1 2 2 3945.6860 3946.6187
 13.574 -0.561-13.968  9.993 21.732 17.370 12.161 36.889  0.025
  10.067  9.564-13.914-14.280 14.825  2.545 21.970 21.508   8.02
102025 731 2111310 3945.6860 3946.6187
 13.841 -0.203-19.892  3.663 15.651 46.380 52.950  5.756 -0.159
   4.438  2.197-19.819-20.031 30.330 16.049 16.475 14.569  17.88
102025 731 1 4 5 4 3945.6860 3946.6187
 14.021 -0.498-17.402-30.262-18.106 25.620  9.827 18.712  0.656
 -28.922-30.473-16.969-17.470  3.485 22.135-16.903-19.078   1.58
102025 731 4 2 6 6 3945.6860 3946.6187
 12.918  0.509 20.269-41.343-30.214  4.654 14.449 24.751 -0.885
 -37.746-42.417 18.713 20.734  1.070  3.583-27.521-30.992   9.78
102025 731 2 1 3 3 3945.6860 3946.6187
 14.145  0.333 24.484-28.835-16.562 22.263 18.634-11.890  3.489
 -28.796-29.706 24.492 24.317 21.317  0.946-12.699-16.967 -14.76
102025 731 5 1 6 6 3945.6860 3946.6187
 13.340  0.412 20.401-20.512 -8.991 23.457 45.240-24.153 -0.698
 -19.743-21.633 20.724 19.930 13.902  9.555 -8.789-10.068   8.32
102025 731 1 3 4 8 3945.6860 3946.6187
 13.332  1.238 17.348 14.883 26.396  8.021  2.058 13.654 -0.906
  17.713 14.134 16.692 17.522  1.678  6.343 28.745 26.144   5.39
102125 9 8 1 1 2 2 3946.6187 3947.6736
 13.353  0.224-13.445 21.732 34.778 12.161  9.185 44.908 -0.211
  21.970 21.508-13.214-13.662  5.910  6.250 34.864 34.696  22.39
102125 9 8 2 81014 3946.6187 3947.6736
 12.762 -0.209-19.703 15.651 28.073 52.950 59.787 23.637  1.606
  16.475 14.569-19.363-20.149 30.066 22.884 29.298 25.520 -25.98
102125 9 8 1 3 4 4 3946.6187 3947.6736
 14.212 -0.134-16.937-18.106 -4.154  9.827 16.328 20.288 -0.074
 -16.903-19.078-16.512-17.281  4.393  5.435 -3.568 -5.685  -1.26
102125 9 8 4 2 6 6 3946.6187 3947.6736
 16.421 -1.467 20.743-30.214-13.933 14.449  4.679 34.532  1.790
 -27.521-30.992 19.010 21.244  3.236 11.213-10.654-16.176 -10.04
102125 9 8 2 1 3 1 3946.6187 3947.6736
 13.688 -0.926 24.795-16.562 -3.164 18.634  9.772-26.652 -4.335
 -12.699-16.967 26.555 24.610  1.767 16.867  0.000  0.000   0.00
102125 9 8 3 3 6 8 3946.6187 3947.6736
 14.847  2.680 20.785 -8.991  5.630 45.240  7.306-15.828  3.020
  -8.789-10.068 20.838 20.499 38.099  7.140  7.409  3.677  52.50
102125 9 8 4 4 8 4 3946.6187 3947.6736
 13.117 -2.018 18.503 26.396 39.193  2.058  2.488 19.042 -0.778
  28.745 26.144 17.734 18.586  0.200  1.858 39.256 38.708 -92.37
102225 749 1 1 2 1 3947.6736 3948.7527
 14.585 -0.053-13.681 34.778 49.452  9.185 14.354 67.299 -0.423
  34.864 34.696-13.480-13.871  4.459  4.726  0.000  0.000   0.00
102225 749 4101410 3947.6736 3948.7527
 14.810 -0.104-19.482 28.073 42.991 59.787 41.240 -2.339 -1.585
  29.298 25.520-19.529-19.384 40.408 19.379 44.509 42.419  -2.69
102225 749 1 3 4 2 3947.6736 3948.7527
 13.652  0.198-16.797 -4.154  9.514 16.328  5.277 19.024 -0.630
  -3.568 -5.685-16.603-17.302 11.807  4.521 10.268  8.690 -14.26
102225 749 1 1 2 1 3947.6736 3948.7527
 12.620  0.223-22.047-48.288-35.734  6.724  5.690 77.944 -0.420
 -48.228-48.322-21.787-22.198  2.459  4.265  0.000  0.000   0.00
102225 749 3 3 6 4 3947.6736 3948.7527
 16.658 -0.944 19.196-13.933  2.979  4.679 11.474 24.494  0.444
 -10.654-16.176 17.785 20.161  1.901  2.779  3.532 -2.540  -3.60
102225 749 0 0 1 1 3947.6736 3948.7527
 13.442  0.484 23.818 -3.164 10.278  9.772 19.692  0.000  0.000
   0.000  0.000  0.000  0.000  0.000  0.000  0.000  0.000   0.00
102225 749 2 6 8 3 3947.6736 3948.7527
 13.831 -2.321 23.612  5.630 19.492  7.306 13.246 36.672 -0.225
   7.409  3.677 22.399 24.945  3.824  3.482 22.098 18.762 -76.27
102225 749 2 1 3 3 3947.6736 3948.7527
 14.858  1.174 19.840  4.522 19.492 24.898 13.246-47.494  2.743
   4.975  4.045 20.304 19.350 12.788 12.110 22.098 18.762   7.90
102225 749 2 2 4 5 3947.6736 3948.7527
 15.639  0.134 16.374 39.193 55.006  2.488  6.087-73.328  2.228
  39.256 38.708 16.576 14.821  2.202  0.286 57.098 53.246  97.85
102325 555 2 810 2 3948.7527 3949.7007
 14.643  0.102-19.369 42.991 55.936 41.240 11.108 -5.028  0.242
  44.509 42.419-19.495-19.322 11.293 29.947 57.212 54.856   5.20
102325 555 1 1 2 1 3948.7527 3949.7007
 14.768  0.270-17.010  9.514 22.578  5.277 15.530  4.766 -1.514
  10.268  8.690-16.950-17.076  2.755  2.523  0.000  0.000   0.00
102325 555 0 0 1 1 3948.7527 3949.7007
 13.816 -0.831-22.288-35.734-23.572  5.690  6.331  0.000  0.000
   0.000  0.000  0.000  0.000  0.000  0.000  0.000  0.000   0.00
102325 555 2 2 4 3 3948.7527 3949.7007
 14.465  0.222 18.177  2.979 15.756 11.474 15.897 20.894 -0.205
   3.532 -2.540 17.977 20.179 10.430  1.044 15.793  9.946   0.77
102325 555 0 0 1 1 3948.7527 3949.7007
 13.645 -0.279 24.340 10.278 22.277 19.692 14.430  0.000  0.000
   0.000  0.000  0.000  0.000  0.000  0.000  0.000  0.000   0.00
102325 555 1 2 3 2 3948.7527 3949.7007
 12.920 -0.419 21.107 19.492 30.805 13.246 13.791-39.599 -2.452
  22.098 18.762 23.118 20.544  2.899 10.348 31.116 30.326 -22.64
102425 710 0 0 1 1 3949.7007 3950.6653
 13.362 -0.472-17.267 22.578 34.515 15.530  3.172  0.000  0.000
   0.000  0.000  0.000  0.000  0.000  0.000  0.000  0.000   0.00
102425 710 1 2 3 2 3949.7007 3950.6653
 14.562 -0.060 18.387 15.756 28.851 15.897  4.215 21.660 -5.429
  15.793  9.946 18.374 20.577 15.797  0.100 29.364 28.798 -14.70
102425 710 0 0 1 1 3949.7007 3950.6653
 13.703 -0.106 24.076 22.277 34.543 14.430 10.921  0.000  0.000
   0.000  0.000  0.000  0.000  0.000  0.000  0.000  0.000   0.00
102425 710 1 1 2 2 3949.7007 3950.6653
 14.190  0.333 20.710 30.805 43.541 13.791 32.052-62.242  0.116
  31.116 30.326 21.265 19.861  8.345  5.445 43.743 42.920  -0.94
102525 8 1 0 0 1 1 3950.6653 3951.6487
 13.745  0.104-16.811 34.515 47.061  3.172 10.732  0.000  0.000
   0.000  0.000  0.000  0.000  0.000  0.000  0.000  0.000   0.00
102525 8 1 2 1 3 3 3950.6653 3951.6487
 14.921 -0.381 17.000 -1.686 12.017 12.317 11.717 16.654 -1.755
  -1.524 -5.261 16.954 18.023 11.783  0.534 12.327 10.389   3.25
102525 8 1 1 1 2 2 3950.6653 3951.6487
 14.542 -0.090 18.330 28.851 42.181  4.215  1.719  6.959  0.197
  29.364 28.798 18.270 18.336  0.395  3.819 42.753 42.164  33.73
102525 8 1 0 0 1 1 3950.6653 3951.6487
 13.691  0.037 23.974 34.543 47.036 10.921 10.334  0.000  0.000
   0.000  0.000  0.000  0.000  0.000  0.000  0.000  0.000   0.00
102525 8 1 1 1 2 2 3950.6653 3951.6487
 13.863  0.428 21.032 43.541 56.202 32.052 10.931-63.179  0.357
  43.743 42.920 21.405 19.886 24.168  7.884 56.277 55.233   1.32
102525 8 1 0 0 1 1 3950.6653 3951.6487
 13.336 -0.450 27.128 41.884 54.028  0.050  0.119  0.000  0.000
   0.000  0.000  0.000  0.000  0.000  0.000  0.000  0.000   0.00
102625 826 0 0 1 1 3951.6487 3952.6265
 13.767  0.030-16.914 47.061 59.557 10.732  8.819  0.000  0.000
   0.000  0.000  0.000  0.000  0.000  0.000  0.000  0.000   0.00
102625 826 1 2 3 1 3951.6487 3952.6265
 16.115 -0.591 16.625 12.017 26.810 11.717  9.438 19.905 -1.976
  12.327 10.389 16.518 17.190  9.841  1.877  0.000  0.000   0.00
102625 826 0 0 1 3 3951.6487 3952.6265
 13.845 -0.287 24.010 47.036 59.609 10.334  7.364  0.000  0.000
   0.000  0.000  0.000  0.000  0.000  0.000  0.000 59.478   0.00
102625 826 1 1 2 2 3951.6487 3952.6265
 14.183 -0.489 18.241 42.181 55.084  1.719  3.584 40.688 -0.094
  42.753 42.164 17.774 18.255  0.050  1.669 55.465 54.916  -4.91
102725 857 0 0 1 7 3952.6265 3953.6277
 13.740  0.387 16.048 26.810 39.581  9.438 16.151  0.000  0.000
   0.000  0.000  0.000  0.000  0.000  0.000  0.000 37.182   0.00
102825 856 4 3 7 1 3953.6277 3954.6506
 16.863 -1.541 16.436 39.581 55.822 16.151  8.252  4.234 -3.431
  40.749 37.182 16.353 16.606 10.863  5.288  0.000  0.000   0.00
103025 848 1 1 2 2 3955.6326 3956.6348
 11.531 -0.699-25.090-52.769-42.202  1.071  0.293 46.592  0.626
 -51.983-53.887-24.337-26.160  0.629  0.442-40.527-43.356 -11.84
103025 848 2 3 5 4 3955.6326 3956.6348
 13.362  0.884 12.842-56.271-43.869 11.707  9.115  7.682 -0.345
 -55.774-57.070 12.777 12.947  7.225  4.482-43.469-44.421  -1.30
11 425 741 5 2 7 4 3960.6792 3961.8147
 16.085 -0.681 13.698 10.026 27.170  3.613  0.812 19.099 -0.027
  11.109  9.747 13.333 13.792  0.741  2.872 27.319 25.981  -0.89
11 925 812 4 610 9 3965.6577 3966.6348
 13.223  0.955-13.275-50.334-38.377 22.819 45.941 -7.018  1.570
 -48.079-53.029-13.546-12.953 12.423 10.395-35.660-42.222  15.06
111025 845 4 5 9 8 3966.6348 3967.6577
 13.455  0.175-14.208-38.377-25.622 45.941 75.610  8.044  0.355
 -35.660-42.222-13.836-14.735 26.916 19.025-22.330-29.261  -0.09
111125 812 4 4 8 8 3967.6577 3968.6758
 14.537 -0.354-14.388-25.622-11.827 75.610 44.281  7.950 -0.331
 -22.330-29.261-13.942-14.880 39.694 35.915 -8.382-14.977  -0.83
111225 746 4 4 8 5 3968.6758 3969.7041
 14.962  0.026-14.028-11.827  2.547 44.281 25.219  7.120 -0.934
  -8.382-14.977-13.610-14.410 21.154 23.127  4.069 -1.607  -3.89
111325 7 6 3 2 511 3969.7041 3970.7075
 13.294  0.814-14.055  2.547 14.898 25.219 41.870  3.231  0.836
   4.069 -1.607-13.971-14.282 18.459  6.760 17.319 10.776   1.95
111425 7 1 7 411 7 3970.7075 3971.6638
 14.862 -1.599-14.872 14.898 28.168 41.870 36.615  5.180 -0.346
  17.319 10.776-14.660-15.233 26.379 15.491 29.685 23.519  -3.10
111425 7 1 0 0 1 1 3970.7075 3971.6638
 14.941 -0.414 21.068-57.938-44.592  5.051 10.679  0.000  0.000
   0.000  0.000  0.000  0.000  0.000  0.000  0.000  0.000   0.00
111525 8 3 4 3 7 8 3971.6638 3972.6653
 12.812  0.370-13.343 28.168 40.011 36.615 31.880  2.078 -0.908
  29.685 23.519-13.289-13.507 27.603  9.012 42.405 37.176   2.47
111625 8 1 4 4 8 4 3972.6653 3973.6626
 15.909  1.311-13.713 40.011 54.893 31.880 29.120  4.547 -0.257
  42.405 37.176-13.528-13.932 17.281 14.599 55.960 50.957  -7.56
111625 8 1 2 2 4 1 3972.6653 3973.6626
 14.139 -2.269 23.845-30.325-17.208  0.472  3.587-57.175 -2.582
 -30.001-31.531 24.305 22.135  0.372  0.100  0.000  0.000   0.00
111725 8 5 0 0 1 1 3973.6626 3974.6631
 13.831  0.861-20.635-53.190-40.335 18.431  5.177  0.000  0.000
   0.000  0.000  0.000  0.000  0.000  0.000  0.000  0.000   0.00
111925 8 4 0 0 1 1 3975.6631 3976.6716
 14.364 -0.248-21.417-40.679-27.188 10.686 10.859  0.000  0.000
   0.000  0.000  0.000  0.000  0.000  0.000  0.000  0.000   0.00
12 425 759 1 2 3 2 3990.6675 3991.7334
 15.082 -1.312-17.889  6.498 21.526  1.876  7.346 32.938 -0.589
   7.661  5.516-17.172-18.494  0.859  1.017 21.569 20.105   7.46
12 425 759 1 4 5 1 3990.6675 3991.7334
 15.296  0.993 20.647  4.036 19.293  6.834 15.745  6.696 -4.569
   4.941  0.091 20.548 21.080  5.559  1.275  0.000  0.000   0.00
12 525 623 0 0 1 1 3991.7334 3992.7104
 14.325 -1.101 21.706 19.293 32.329 15.745  4.293  0.000  0.000
   0.000  0.000  0.000  0.000  0.000  0.000  0.000  0.000   0.00
12 625 656 1 1 2 1 3992.7104 3993.7097
 15.648 -0.640 14.351-29.228-14.573  2.713  0.964 20.880 -3.017
 -29.174-32.083 14.331 15.406  2.663  0.050  0.000  0.000   0.00
12 625 656 3 2 5 5 3992.7104 3993.7097
 12.321  1.349 27.075  2.210 13.540 19.417  9.483 22.372  0.607
   2.997 -0.981 26.787 28.244 15.574  3.843 17.335 12.627  -1.29
12 625 656 0 0 1 1 3992.7104 3993.7097
 14.789 -0.139 20.630 32.329 46.126  4.293 18.287  0.000  0.000
   0.000  0.000  0.000  0.000  0.000  0.000  0.000  0.000   0.00
12 725 657 2 3 5 7 3993.7097 3994.7527
 14.738 -0.863 28.423 13.540 27.887  9.483  9.411 21.078  0.925
  17.335 12.627 27.137 28.733  1.839  7.644 29.570 24.267   7.61
12 725 657 0 0 1 1 3993.7097 3994.7527
 12.959 -0.203 20.491 46.126 58.617 18.287  8.373  0.000  0.000
   0.000  0.000  0.000  0.000  0.000  0.000  0.000  0.000   0.00
12 825 555 7 61318 3994.7527 3995.6563
 16.270 -0.436-19.640-21.477 -7.665 72.644 74.964  8.365  1.440
 -17.251-23.583-19.055-19.932 24.160 48.484 -4.914-12.710   1.35
12 825 555 3 4 7 6 3994.7527 3995.6563
 12.117  0.733 27.523 27.887 37.946  9.411  6.344 28.690  1.297
  29.570 24.267 26.706 29.280  6.424  2.987 42.206 35.763   2.79
12 925 81510 818 8 3995.6563 3996.6763
 16.420 -0.644-19.246 -7.665  8.084 74.964 24.089  9.714 -5.409
  -4.914-12.710-18.801-20.061 48.507 26.457  9.464  7.297 -13.29
121025 746 2 6 8 7 3996.6763 3997.6631
 14.629 -0.445-18.588  8.084 21.550 24.089 20.655 -3.578  0.721
   9.464  7.297-18.670-18.542  8.741 15.348 22.809 19.925  -5.92
121025 746 1 4 5 8 3996.6763 3997.6631
 13.393  0.510-21.163  1.303 13.550 14.373 18.333-50.415 -0.891
   1.755  0.328-21.672-20.063  9.823  4.550 13.821 13.004  -0.25
121125 8 4 2 5 7 5 3997.6631 3998.7813
 13.840 -0.032-18.149 21.550 35.926 20.655 28.850 -9.498 -0.765
  22.809 19.925-18.349-17.891 11.639  9.016 36.395 34.332  22.74
121125 8 4 3 5 8 4 3997.6631 3998.7813
 12.421 -0.583-21.666 13.550 26.339 18.333  6.771-50.669  0.219
  13.821 13.004-21.973-21.047 12.248  6.085 26.877 25.420  34.53
121125 8 4 0 0 1 8 3997.6631 3998.7813
 13.348  0.105 21.305-48.612-34.787 18.994 32.826  0.000  0.000
   0.000  0.000  0.000  0.000  0.000  0.000  0.000-40.278   0.00
121225 515 0 0 1 3 3998.7813 3999.7458
 12.596  0.129-14.151-52.731-41.528 22.509  8.063  0.000  0.000
   0.000  0.000  0.000  0.000  0.000  0.000  0.000-45.051   0.00
121225 515 1 7 8 3 3998.7813 3999.7458
 13.259  1.810 21.422-34.787-22.945 32.826 12.994 10.675 -3.230
 -33.437-40.278 21.185 22.386 26.349  6.477-20.854-23.322  35.04
121225 515 1 1 2 6 3998.7813 3999.7458
 15.505 -1.440 26.398-49.117-35.108 11.917 53.081-44.470  4.563
 -49.067-50.040 26.442 25.586 11.306  0.610-31.689-37.167  75.35
121225 515 0 0 1 4 3998.7813 3999.7458
 11.552  0.777 22.646-58.295-48.099  0.752 46.197  0.000  0.000
   0.000  0.000  0.000  0.000  0.000  0.000  0.000-54.356   0.00
121325 6 6 1 2 3 3 3999.7458 4000.8313
 14.692 -0.097-14.275-41.528-26.648  8.063 16.136 23.693 -0.187
 -40.711-45.051-13.927-15.773  6.545  1.518-26.367-30.415   3.35
121325 6 6 2 2 4 1 3999.7458 4000.8313
 15.932 -0.913 23.396-48.099-31.872 46.197  3.124  9.610 -7.502
 -46.297-54.356 23.115 24.368 35.866 10.331  0.000  0.000   0.00
121325 6 6 4 2 6 3 3999.7458 4000.8313
 12.926  0.567 25.009-35.108-22.144 53.081 33.267 30.878 -2.087
 -31.689-37.167 23.156 26.124 19.945 33.136-18.776-22.742 -16.12
121325 6 6 2 1 3 3 3999.7458 4000.8313
 14.397 -1.887 23.168-22.945 -8.384 12.994 17.523 45.718 -2.237
 -20.854-23.322 21.196 23.523  1.985 11.010 -7.517 -8.497 -20.00
121425 4 2 1 2 3 3 4000.8313 4001.7119
 14.053 -0.134-14.169-26.648-15.138 16.136  9.002 27.042 -1.817
 -26.367-30.415-14.030-16.033 15.017  1.119-14.868-17.205   1.84
121425 4 2 0 0 1 3 4000.8313 4001.7119
 15.060  0.892-20.854-55.399-43.003  0.050  3.906  0.000  0.000
   0.000  0.000  0.000  0.000  0.000  0.000  0.000-43.432   0.00
121425 4 2 0 0 1 1 4000.8313 4001.7119
 13.072  0.262 23.296-40.295-29.648  7.251 16.529  0.000  0.000
   0.000  0.000  0.000  0.000  0.000  0.000  0.000  0.000   0.00
121425 4 2 0 0 1 1 4000.8313 4001.7119
 13.918  0.438 22.404-31.872-20.481  3.124  1.723  0.000  0.000
   0.000  0.000  0.000  0.000  0.000  0.000  0.000  0.000   0.00
121425 4 2 1 1 213 4000.8313 4001.7119
 13.982  0.458 23.347-17.586 -6.138  3.149 97.847 43.713  3.700
 -15.049-17.627 21.121 23.383  0.050  3.099 -1.658 -8.829 -23.96
121525 654 1 2 3 6 4001.7119 4002.6819
 12.814  0.716-14.051-15.138 -3.659  9.002  4.785 28.879  0.265
 -14.868-17.205-13.907-15.157  7.960  1.042 -2.580 -4.606  17.77
121525 654 1 2 3 5 4001.7119 4002.6819
 16.375 -1.513-21.639-43.003-28.069  3.906  9.375 29.451  0.916
 -40.382-43.432-20.264-21.865  0.550  3.355-26.762-30.649  -0.44
121525 654 0 0 1 2 4001.7119 4002.6819
 13.750 -0.345 23.526-29.648-17.261 16.529 10.686  0.000  0.000
   0.000  0.000  0.000  0.000  0.000  0.000  0.000-17.263   0.00
121525 654 0 0 1 1 4001.7119 4002.6819
 14.233  0.197 22.790-20.481 -7.626  1.723  2.978  0.000  0.000
   0.000  0.000  0.000  0.000  0.000  0.000  0.000  0.000   0.00
121525 65410 31323 4001.7119 4002.6819
 15.742 -1.231 23.751 -6.138  8.182 97.847 97.109 19.758  2.836
  -1.658 -8.829 22.278 24.635 36.714 61.134 13.242  3.163  -1.35
121625 737 2 4 6 6 4002.6819 4003.7659
 14.707 -0.217-14.746 -3.659 11.219  4.785  9.022 46.649  0.306
  -2.580 -4.606-13.640-15.716  2.236  2.549 11.948  9.659  -1.16
121625 737 3 2 5 9 4002.6819 4003.7659
 15.664 -0.206-20.171-28.069-12.152  9.375  9.855 29.012 -0.603
 -26.762-30.649-19.491-21.514  6.223  3.152 -9.908-13.393  -5.65
121625 737 3 1 4 4 4002.6819 4003.7659
 14.221  0.120 16.028-56.162-41.809 44.440 27.377 37.828 -0.491
 -55.650-56.846 15.646 16.538 25.408 19.032-41.336-42.083   4.05
121625 737 0 0 1 5 4002.6819 4003.7659
 13.876  0.367 24.541-51.652-37.674 10.140  7.955  0.000  0.000
   0.000  0.000  0.000  0.000  0.000  0.000  0.000-39.382   0.00
121625 737 1 1 2 1 4002.6819 4003.7659
 13.989  0.063 23.192-17.261 -3.161 10.686  5.411 73.666 -1.187
 -16.900-17.263 22.058 23.197  0.050 10.636  0.000  0.000   0.00
121625 73711122321 4002.6819 4003.7659
 13.221  0.815 22.556  8.182 21.450 97.109101.409 18.408  0.580
  13.242  3.163 21.001 24.099 48.359 48.750 27.751 16.839  -2.89
121925 5 719 221 2 4005.7869 4006.6909
 14.097 -0.652 23.440 21.450 33.309101.409  0.370 12.637-17.256
  41.577 20.607 22.951 27.265 88.625  0.100 33.486 32.176  48.00
122025 724 2 3 5 7 4006.6909 4007.6931
 15.454 -1.226-19.212 30.356 44.859 20.192 30.245 17.180  0.436
  34.012 26.609-18.145-20.306 10.219  9.973 47.556 40.033   5.46
122025 724 0 0 1 1 4006.6909 4007.6931
 14.030 -0.064-17.085-20.347 -7.271  1.320  7.814  0.000  0.000
   0.000  0.000  0.000  0.000  0.000  0.000  0.000  0.000   0.00
122025 724 0 0 1 6 4006.6909 4007.6931
 13.205  0.562-20.254-56.266-44.016  3.211 36.783  0.000  0.000
   0.000  0.000  0.000  0.000  0.000  0.000  0.000-44.931   0.00
122025 724 1 1 2 1 4006.6909 4007.6931
 14.481  0.428-11.727-32.044-18.516  3.547  7.782-17.514 -0.634
 -31.487-32.105-11.899-11.709  0.347  3.200  0.000  0.000   0.00
122025 724 1 1 2 7 4006.6909 4007.6931
 13.595  0.191 16.239 -3.303  9.337 42.292 93.479 35.441  0.000
  -2.587 -3.503 15.750 16.376  9.251 33.041  9.981  9.077   1.13
122025 724 1 2 3 3 4006.6909 4007.6931
 13.793  0.133 25.729  2.957 15.796 12.135 18.750-49.771  1.055
   3.208  2.803 25.996 25.565  4.618  7.516 15.927 14.277  26.22
122025 724 1 1 2 4 4006.6909 4007.6931
 15.528  2.987 22.850 33.309 47.886  0.370  2.773 60.633  1.461
  33.486 32.176 22.560 24.705  0.320  0.050 48.502 45.858-113.27
122025 724 0 0 1 2 4006.6909 4007.6931
 14.522 -0.839 27.151 30.888 44.458  0.687  0.421  0.000  0.000
   0.000  0.000  0.000  0.000  0.000  0.000  0.000 43.023   0.00
122125 722 2 5 7 6 4007.6931 4008.6897
 15.283 -0.124-17.984 44.859 59.112 30.245 20.025 22.637 -2.807
  47.556 40.033-16.914-19.898 19.401 10.844 59.259 54.419  -1.31
122125 722 0 0 1 2 4007.6931 4008.6897
 13.611  0.151-17.020 -7.271  5.316  7.814  4.701  0.000  0.000
   0.000  0.000  0.000  0.000  0.000  0.000  0.000  3.787   0.00
122125 722 0 0 1 1 4007.6931 4008.6897
 13.872 -0.544-12.156-18.516 -5.670  7.782  6.949  0.000  0.000
   0.000  0.000  0.000  0.000  0.000  0.000  0.000  0.000   0.00
122125 722 3 3 6 5 4007.6931 4008.6897
 14.709 -0.506-20.817-44.016-30.335 36.783 22.036  1.755 -1.486
 -42.121-44.931-20.763-20.844 11.976 24.806-29.779-30.992  -6.39
122125 722 1 1 2 3 4007.6931 4008.6897
 14.322 -0.946-20.594-52.367-39.072 22.168 12.438-89.903  0.245
 -52.366-52.368-21.159-20.337  6.933 15.236-38.356-39.156 135.02
122125 722 0 0 1 1 4007.6931 4008.6897
 15.180  0.851 13.873-50.926-36.776 26.267 20.843  0.000  0.000
   0.000  0.000  0.000  0.000  0.000  0.000  0.000  0.000   0.00
122125 722 2 5 7 3 4007.6931 4008.6897
 14.487 -1.175 16.430  9.337 22.796 93.479 52.525 36.569  0.071
   9.981  9.077 15.972 16.616 26.921 66.558 23.318 22.204 -15.61
122125 722 0 0 1 2 4007.6931 4008.6897
 15.220 -1.819 26.975  5.100 19.290  0.332  3.326  0.000  0.000
   0.000  0.000  0.000  0.000  0.000  0.000  0.000 17.959   0.00
122125 722 1 2 3 3 4007.6931 4008.6897
 14.297 -1.734 25.862 15.796 29.065 18.750  8.642-23.554  2.098
  15.927 14.277 25.914 25.267 17.256  1.494 29.731 25.783  37.78
122125 722 1 1 2 2 4007.6931 4008.6897
 11.399  0.214 26.310 44.458 54.840  0.421  6.500 56.206  0.153
  45.173 43.023 25.352 28.231  0.281  0.140 57.683 54.242 -24.53
122225 726 0 0 1 1 4008.6897 4009.6902
 13.935  0.161-11.615 -5.670  7.293  6.949  6.132  0.000  0.000
   0.000  0.000  0.000  0.000  0.000  0.000  0.000  0.000   0.00
122225 726 0 0 1 2 4008.6897 4009.6902
 13.434  0.352 14.722-36.776-24.315 20.843 15.875  0.000  0.000
   0.000  0.000  0.000  0.000  0.000  0.000  0.000-24.474   0.00
122225 726 1 2 3 4 4008.6897 4009.6902
 14.179  0.922 15.260 22.796 36.004 52.525 27.641 20.956 -0.095
  23.318 22.204 15.067 15.478 27.939 24.587 36.666 35.696   7.04
122225 726 1 1 2 1 4008.6897 4009.6902
 12.406  1.747 25.162 19.290 30.724  3.326  2.181 38.559 -3.893
  21.323 17.959 23.695 26.122  1.316  2.010  0.000  0.000   0.00
122225 726 2 1 3 2 4008.6897 4009.6902
 15.441  0.499 24.134 29.065 43.536  8.642 23.176 14.223 -3.184
  29.731 25.783 23.980 24.894  7.185  1.457 43.739 43.488  50.51
