 11234 736 3 2 5 9 6951.6831 6952.6807
 13.707 -0.455  5.186  4.081 16.774  2.593 13.418-21.833  1.643
   4.748  2.321  5.452  4.483  1.880  0.712 19.177 15.157   2.48
 11334 739 3 6 914 6952.6807 6953.6650
 14.107 -0.651  4.732 16.774 29.702 13.418 12.034-19.350 -0.413
  19.177 15.157  5.573  4.165  5.399  8.019 32.236 28.715  -4.29
 13134 718 1 2 3 1 6970.6953 6971.6748
 14.785  0.633 29.190-30.551-17.023  4.240  3.420-32.872 -3.375
 -30.118-33.365 29.435 27.603  3.673  0.566  0.000  0.000   0.00
 13134 718 0 0 1 1 6970.6953 6971.6748
 13.389  2.323 29.234-35.521-23.361  2.217  0.853  0.000  0.000
   0.000  0.000  0.000  0.000  0.000  0.000  0.000  0.000   0.00
 21734 745 1 2 3 3 6987.6772 6988.6870
 14.039  0.369  6.408 31.079 44.263  4.685  6.787 27.952  0.179
  31.117 30.354  6.388  6.791  4.448  0.237 44.600 43.723   5.03
 32534 753 1 1 2 1 7023.6709 7024.6616
 14.498 -0.234-27.547 -9.734  3.657  1.175  2.664 27.963 -0.511
  -9.688-10.197-27.526-27.765  1.070  0.105  0.000  0.000   0.00
 4 434 920 0 0 1 2 7033.6104 7034.6104
 15.763 -1.450 27.800 43.855 58.632  6.900  5.848  0.000  0.000
   0.000  0.000  0.000  0.000  0.000  0.000  0.000 56.852   0.00
 41734 911 0 0 1 2 7046.6172 7047.6118
 13.727  0.119 26.872-25.372-12.702  1.033  1.413  0.000  0.000
   0.000  0.000  0.000  0.000  0.000  0.000  0.000-12.744   0.00
 41834 918 21214 1 7047.6118 7048.6113
 16.187 -0.234-28.352-41.184-25.994 89.076 63.890  9.780 -7.607
 -38.546-47.064-27.952-29.244 61.493 27.584  0.000  0.000   0.00
 41934 919 0 0 1 6 7048.6113 7049.6196
 13.569  0.091-28.118-25.994-13.306 63.890 73.641  0.000  0.000
   0.000  0.000  0.000  0.000  0.000  0.000  0.000-13.444   0.00
 41934 919 4 3 7 9 7048.6113 7049.6196
 14.356 -0.038-29.800-36.168-22.687  7.984 23.412-50.688  0.171
 -35.851-36.557-30.136-29.388  4.395  3.589-22.156-23.427  36.73
 42034 9 7 5 1 6 3 7049.6196 7050.7412
 14.028 -0.110-28.210-13.306  1.320 73.641 43.742-36.004 -1.840
 -11.032-13.444-29.666-28.122  4.212 69.429  1.744  0.878  22.14
 42034 9 7 5 4 911 7049.6196 7050.7412
 13.804  0.051-29.761-22.687 -8.312 23.412  8.796-13.955  0.924
 -22.156-23.427-29.876-29.602 13.626  9.785 -6.636 -9.002   8.67
 42134 612 1 2 3 2 7050.7412 7051.6089
 12.628  0.313-28.086  1.320 11.426 43.742 51.722-13.861 -0.122
   1.744  0.878-28.178-27.990 22.348 21.394 11.550 10.813  26.84
 42234 922 1 1 2 1 7051.6089 7052.6099
 13.061  0.035-29.285 -0.042 12.041  4.078  5.971-15.652 -1.558
   1.484 -0.236-29.658-29.238  0.460  3.619  0.000  0.000   0.00
 42234 922 1 1 2 1 7051.6089 7052.6099
 13.668  0.338-28.358 11.426 24.117 51.722 41.463 12.978 -0.665
  11.550 10.813-28.333-28.482 43.072  8.651  0.000  0.000   0.00
 42334 922 0 0 1 1 7052.6099 7053.6064
 13.999  0.195-28.696 24.117 37.084 41.463 54.922  0.000  0.000
   0.000  0.000  0.000  0.000  0.000  0.000  0.000  0.000   0.00
 42434 926 0 0 1 3 7053.6064 7054.6172
 13.010  0.025-28.891 37.084 49.242 54.922 50.348  0.000  0.000
   0.000  0.000  0.000  0.000  0.000  0.000  0.000 49.100   0.00
 5 534 918 3 6 911 7064.6123 7065.6694
 14.829  0.084-20.227 -6.356  8.275  9.557 26.659  3.381  1.067
  -3.786 -9.750-20.084-20.415  5.438  4.119 12.179  5.064  -3.93
 5 734 941 1 3 411 7066.5957 7067.5903
 12.482  0.226-20.214 24.900 36.332 22.611 19.273-12.624  3.986
  26.291 21.351-20.506-19.468 16.244  6.368 40.265 30.942  12.85
 5 834 949 4 711 7 7067.5903 7068.5771
 16.166 -0.485-20.438 36.332 51.313 19.273 35.168  0.225 -3.045
  40.265 30.942-20.424-20.458 11.142  8.131 54.607 48.553  -1.75
 51634 922 9 51419 7075.6099 7076.6147
 13.107 -0.623-30.664-38.451-26.270 35.704 38.115 24.619  0.054
 -35.795-40.349-29.617-31.412 14.879 20.825-23.039-27.685  -1.82
 5203410 3 8 614 1 7079.5811 7080.5903
 11.655  2.296-26.294 10.264 21.031 23.605 13.561 21.105 -5.152
  13.213  7.852-25.274-27.129 10.621 12.984  0.000  0.000   0.00
 52134 949 3 1 4 7 7080.5903 7081.5918
 12.342  0.134-30.791 25.518 36.891  3.834 19.278 38.680  0.726
  27.570 23.185-29.380-32.396  2.040  1.794 40.350 35.583   3.88
 52134 949 0 0 1 7 7080.5903 7081.5918
 16.823  2.311-28.611 21.031 36.891 13.561 19.278  0.000  0.000
   0.000  0.000  0.000  0.000  0.000  0.000  0.000 35.583   0.00
 52134 949 0 0 1 7 7080.5903 7081.5918
 16.401 -1.863-32.791 21.453 36.891  3.838 19.278  0.000  0.000
   0.000  0.000  0.000  0.000  0.000  0.000  0.000 35.583   0.00
 52134 949 1 1 2 2 7080.5903 7081.5918
 13.576  0.179 26.431-19.464 -6.855 16.030 14.918-17.864 -0.181
 -18.948-19.616 26.580 26.388  3.642 12.388 -6.445 -6.945  15.67
 52234 948 6 1 7 3 7081.5918 7082.5859
 16.419 -2.935-30.925 36.891 52.240 19.278  3.482 42.565 -5.010
  40.350 35.583-28.201-31.956  5.292 13.986 52.554 52.166 -93.29
 52234 948 0 0 1 2 7081.5918 7082.5859
 13.665 -0.007-28.111 33.586 46.197  3.055  3.797  0.000  0.000
   0.000  0.000  0.000  0.000  0.000  0.000  0.000 45.450   0.00
 52234 948 1 1 2 1 7081.5918 7082.5859
 13.387 -0.012-32.308 34.985 47.319  0.723  0.165 19.345 -0.941
  35.058 34.008-32.287-32.598  0.673  0.050  0.000  0.000   0.00
 52234 948 1 1 2 8 7081.5918 7082.5859
 13.225  0.081 26.611 -6.855  5.318 14.918  5.040 -2.190  0.931
  -6.445 -6.945 26.625 26.607  2.688 12.230  5.778  4.431  31.41
 61734 943 3 811 7 7107.5942 7108.5757
 12.184 -0.119  3.340-36.179-25.185 10.054 12.532 -8.776  0.632
 -35.466-38.839  3.450  2.930  7.929  2.124-24.321-28.364   6.70
 618341011 2 5 7 6 7108.5757 7109.5737
 12.614 -0.468  3.223-25.185-13.577 12.532 13.177 -2.076  0.282
 -24.321-28.364  3.254  3.108  9.854  2.678-12.650-16.854 -11.66
 619341013 2 4 610 7109.5737 7110.5688
 12.508  0.466  2.756-13.577 -2.105 13.177 26.394-13.731  0.991
 -12.650-16.854  2.982  1.956 10.273  2.904 -0.973 -6.252   6.49
 620341020 2 810 7 7110.5688 7111.5752
 15.245  0.048  3.220 -2.105 12.249 26.394 22.529 -7.240  0.509
  -0.973 -6.252  3.363  2.694 20.735  5.659 12.447  6.632   3.04
 621341011 1 6 7 1 7111.5752 7112.5693
 11.572 -0.505  3.268 12.249 22.781 22.529 16.561 -4.199 -5.821
  12.447  6.632  3.283  2.857 21.761  0.768  0.000  0.000   0.00
 622341019 0 0 1 1 7112.5693 7113.6016
 17.177  0.843  2.766 22.781 39.495 16.561 15.076  0.000  0.000
   0.000  0.000  0.000  0.000  0.000  0.000  0.000  0.000   0.00
 62334 933 0 0 1 1 7113.6016 7114.5762
 14.044 -0.405  3.636 39.495 52.234 15.076 16.357  0.000  0.000
   0.000  0.000  0.000  0.000  0.000  0.000  0.000  0.000   0.00
 7 934 952 2 2 4 2 7129.5884 7130.5850
 13.699 -0.189 25.201-42.749-30.073 14.758 13.482 10.704 -0.686
 -41.483-42.849 24.984 25.218  1.074 13.684-30.047-30.535 -50.07
 71034 957 1 1 2 3 7130.5850 7131.5854
 14.468  0.079 25.012-30.073-16.575 13.482  7.461-39.362 -0.170
 -30.047-30.535 25.032 24.669 12.768  0.714-16.549-16.972  56.52
 71034 957 1 2 3 1 7130.5850 7131.5854
 12.746  0.501-29.071-59.220-47.445  1.022  1.679 59.689 -1.217
 -58.845-59.547-28.510-29.561  0.476  0.545  0.000  0.000   0.00
 71134 956 1 2 3 1 7131.5854 7132.5933
 13.505 -0.154 25.091-16.575 -3.953  7.461 12.026 17.158 -0.401
 -16.549-16.972 25.084 25.202  7.002  0.458  0.000  0.000   0.00
 71434 956 0 0 1 1 7134.5859 7135.6138
 14.547  0.468  1.600-37.853-23.908  6.396  6.632  0.000  0.000
   0.000  0.000  0.000  0.000  0.000  0.000  0.000  0.000   0.00
 71434 956 1 2 3 2 7134.5859 7135.6138
 14.160  0.384 24.930 21.909 35.458  9.565 11.968 24.622 -0.227
  22.119 21.608 24.843 25.055  5.640  3.925 35.523 35.347  31.22
 71534 915 0 0 1 1 7135.6138 7136.5786
 13.999  0.099  2.081-23.908-11.349  6.632  2.114  0.000  0.000
   0.000  0.000  0.000  0.000  0.000  0.000  0.000  0.000   0.00
 71534 915 1 1 2 1 7135.6138 7136.5786
 14.015 -0.142 25.324 35.458 48.033 11.968 11.096 55.840 -0.283
  35.523 35.347 25.237 25.472  7.521  4.447  0.000  0.000   0.00
 7163410 7 0 0 1 3 7136.5786 7137.5806
 14.207  0.166  2.176-11.349  1.907  2.114  2.751  0.000  0.000
   0.000  0.000  0.000  0.000  0.000  0.000  0.000  1.844   0.00
 7173410 3 1 2 3 2 7137.5806 7138.8154
 14.101 -0.116  2.343  1.907 18.110  2.751  3.195 55.510 -0.075
   2.078  1.844  2.094  2.434  0.740  2.012 18.128 18.097-140.23
 71834 425 1 1 2 3 7138.8154 7139.5806
 14.486  0.098  2.199 18.110 28.447  3.195  2.118-84.723  0.034
  18.128 18.097  2.392  2.056  1.363  1.832 28.546 28.175  82.07
 7193410 3 1 2 3 4 7139.5806 7140.5894
 13.326 -0.352  2.274 28.447 40.906  2.118  0.960 -2.655  2.174
  28.546 28.175  2.279  2.262  1.555  0.563 41.656 39.266 -17.52
 8 934 941 2 3 5 2 7160.5967 7161.6025
 14.132  0.099-27.623-38.203-24.968 13.611 18.127-18.761 -0.591
 -38.055-39.736-27.668-27.162 12.411  1.200-24.895-25.975  32.10
 81034 931 1 1 2 3 7161.6025 7162.6025
 13.255  0.795-27.722-24.968-12.692 18.127 23.291 13.336 -0.170
 -24.895-25.975-27.707-27.934 16.899  1.228-12.523-13.376   9.41
 81134 931 2 1 3 5 7162.6025 7163.5972
 13.663  0.078-28.517-12.692 -0.078 23.291 20.236 22.746 -0.001
 -12.523-13.376-28.455-28.769 18.677  4.614  0.034 -0.650  19.46
 81234 939 2 3 5 4 7163.5972 7164.5918
 13.564 -0.076-28.594 -0.078 12.437 20.236 15.868 42.207  0.124
   0.034 -0.650-28.505-29.050 16.908  3.327 12.613 11.882   4.35
 81234 939 1 3 4 4 7163.5972 7164.5918
 13.465 -0.238  5.277-31.079-18.662  2.320  1.231-12.129 -1.508
 -30.182-32.074  5.469  5.064  1.221  1.099-18.478-18.760  60.05
 81634 751 3 2 5 3 7167.6729 7168.6680
 13.506 -0.210  4.322 24.146 36.611  7.155  0.547  7.744 -2.435
  26.464 23.504  4.008  4.409  1.552  5.603 37.099 36.562   2.63
102834 655 1 1 2 2 7240.7109 7241.6870
 14.297 -0.516  4.715-38.139-25.152  1.728  4.756 11.973 -0.200
 -38.077-38.453  4.702  4.781  1.443  0.284-25.017-25.198 -19.29
102934 730 1 1 2 2 7241.6870 7242.6787
 14.776 -0.429  4.211-25.152-11.477  4.756  2.453 -7.315  0.520
 -25.017-25.198  4.229  4.205  1.219  3.537-11.069-11.753  -6.46
11 434 644 1 1 2 1 7247.7192 7248.6860
 14.593  0.275 22.756-27.169-14.016  4.423  6.767  7.109 -2.900
 -26.699-29.819 22.702 23.060  3.756  0.667  0.000  0.000   0.00
11 434 644 2 2 4 4 7247.7192 7248.6860
 14.203  0.540 24.956-35.413-22.637  4.302  2.269 30.838  0.285
 -35.333-35.537 24.913 25.023  2.599  1.703-22.595-23.020 -70.90
11 534 731 0 0 1 2 7248.6860 7249.6919
 13.959 -0.477 23.022-14.016 -0.971  6.767  5.737  0.000  0.000
   0.000  0.000  0.000  0.000  0.000  0.000  0.000 -1.878   0.00
11 534 731 1 3 4 3 7248.6860 7249.6919
 13.446 -0.370 25.478-22.637-10.108  2.269  4.040-40.058  0.302
 -22.595-23.020 25.510 25.187  2.045  0.224 -9.965-10.418  99.35
11 634 723 1 1 2 2 7249.6919 7250.6821
 13.396  0.519 22.542 -0.971 11.318  5.737 12.354-19.007  2.589
  -0.891 -1.878 22.568 22.254  5.271  0.466 11.331  8.175 -16.17
122334 746 3 0 3 5 7296.6758 7297.6563
 11.990  1.726-22.889-47.857-37.062  2.613 13.936-87.290-22.174
   1.307  0.000 25.441  0.000  1.212  1.000-35.010-38.578  77.22
122434 815 3 2 5 4 7297.6563 7298.6992
 15.435  1.148-24.581-37.062-21.985 13.936 13.753-10.074 -0.391
 -35.010-38.578-24.913-24.336  5.921  8.015-21.602-24.730  -4.07
122434 815 2 3 5 5 7297.6563 7298.6992
 13.662  0.260 25.247 13.355 26.582  7.099  5.947-27.308 -0.028
  13.638 13.169 25.379 25.160  2.810  4.289 26.844 26.425  -5.43
122534 712 2 1 3 8 7298.6992 7299.7578
 13.809  0.386-28.319-39.413-25.837  8.280 36.691-14.605  2.775
 -39.379-41.847-28.327-27.761  8.164  0.116-24.905-30.552  24.08
122534 712 3 2 5 3 7298.6992 7299.7578
 13.493  0.141 25.518 26.582 39.825  5.947  1.234-32.734  0.005
  26.844 26.425 25.670 25.427  2.232  3.716 40.047 39.563  48.83
