 11234 736 3 2 5 9 6951.6831 6952.6807
 14.532 -0.554  4.357  3.804  2.104 15.619  0.177  0.050  5.186
   4.081  2.593 13.418  2.604  1.643-21.833-19.350 13.707  -0.46
 11234 736 3 2 5 9 6951.6831 6952.6807
 14.666 -0.623  4.525  3.904  2.393 16.042  0.535  0.050  5.186
   4.081  2.593 13.418  2.604  1.643-21.833-19.350 13.707  -0.46
 11334 739 3 6 914 6952.6807 6953.6650
 15.093 -0.122  4.655  4.535 14.521 28.419  3.199  0.259  4.732
  16.774 13.418 12.034  4.247 -0.413-19.350-23.637 14.107  -0.65
 11334 739 3 6 914 6952.6807 6953.6650
 14.757 -0.086  3.702  3.617 15.472 29.039  3.280  0.264  4.732
  16.774 13.418 12.034  4.247 -0.413-19.350-23.637 14.107  -0.65
 11334 739 3 6 914 6952.6807 6953.6650
 14.766  0.130  3.467  3.595 15.785 29.362  0.989  2.622  4.732
  16.774 13.418 12.034  4.247 -0.413-19.350-23.637 14.107  -0.65
 11334 739 3 6 914 6952.6807 6953.6650
 14.608 -0.191  3.804  3.617 15.619 29.039  0.050  0.264  4.732
  16.774 13.418 12.034  4.247 -0.413-19.350-23.637 14.107  -0.65
 11334 739 3 6 914 6952.6807 6953.6650
 14.607 -0.018  5.416  5.398 18.132 31.551  0.050  0.050  4.732
  16.774 13.418 12.034  4.247 -0.413-19.350-23.637 14.107  -0.65
 11334 739 3 6 914 6952.6807 6953.6650
 14.587 -0.037  5.666  5.630 19.137 32.538  3.735  0.333  4.732
  16.774 13.418 12.034  4.247 -0.413-19.350-23.637 14.107  -0.65
 11334 739 3 6 914 6952.6807 6953.6650
 15.208 -0.009  5.362  5.353 19.303 33.315  1.614  1.455  4.732
  16.774 13.418 12.034  4.247 -0.413-19.350-23.637 14.107  -0.65
 13134 718 1 2 3 1 6970.6953 6971.6748
 14.343  0.384 29.435 29.811-30.118-17.023  3.673  3.420 29.190
 -30.551  4.240  3.420  3.375 -3.375-32.872  0.000 14.785   0.63
 21734 745 1 2 3 3 6987.6772 6988.6870
 14.076  0.394  6.897  7.295 30.347 43.568  0.187  1.485  6.408
  31.079  4.685  6.787  0.859  0.179 27.952 32.985 14.039   0.37
 21734 745 1 2 3 3 6987.6772 6988.6870
 14.400  0.513  6.392  6.911 30.379 43.928  0.050  1.124  6.408
  31.079  4.685  6.787  0.859  0.179 27.952 32.985 14.039   0.37
 21734 745 1 2 3 3 6987.6772 6988.6870
 14.335  0.174  6.388  6.564 31.117 44.600  4.448  4.178  6.408
  31.079  4.685  6.787  0.859  0.179 27.952 32.985 14.039   0.37
 32534 753 1 1 2 1 7023.6709 7024.6616
 14.965 -0.454-27.765-27.316-10.197  3.657  0.105  2.664-27.547
  -9.734  1.175  2.664  0.511 -0.511 27.963  0.000 14.498  -0.23
 32534 753 1 1 2 1 7023.6709 7024.6616
 14.452 -0.212-27.526-27.316 -9.688  3.657  1.070  2.664-27.547
  -9.734  1.175  2.664  0.511 -0.511 27.963  0.000 14.498  -0.23
 4 434 920 0 0 1 2 7033.6104 7034.6104
 15.811 -1.466 27.800 26.333 43.855 58.681  6.900  5.694 27.800
  43.855  6.900  5.848  0.000  1.745  0.000 20.100 15.763  -1.45
 41734 911 0 0 1 2 7046.6172 7047.6118
 13.684  0.121 26.872 26.993-25.372-12.744  1.033  1.363 26.872
 -25.372  1.033  1.413  0.000  1.064  0.000  3.428 13.727   0.12
 41834 918 21214 1 7047.6118 7048.6113
 13.543  0.160-27.958-28.118-38.541-25.994 61.331 63.890-28.352
 -41.184 89.076 63.890  7.607 -7.607  9.780  0.000 16.187  -0.23
 41934 919 0 0 1 6 7048.6113 7049.6196
 15.139  1.157-28.118-29.285-25.994-11.723 63.890  0.886-28.118
 -25.994 63.890 73.641  0.000  2.627  0.000-36.004 13.569   0.09
 41934 919 4 3 7 9 7048.6113 7049.6196
 14.552 -0.180-29.370-29.189-33.104-19.425  0.050  1.169-29.800
 -36.168  7.984 23.412  0.966  0.171-50.688-13.955 14.356  -0.04
 41934 919 4 3 7 9 7048.6113 7049.6196
 14.009  0.179-29.180-29.361-35.684-22.553  1.067  3.911-29.800
 -36.168  7.984 23.412  0.966  0.171-50.688-13.955 14.356  -0.04
 41934 919 4 3 7 9 7048.6113 7049.6196
 13.834  0.006-28.929-28.936-36.451-23.497  2.388  5.098-29.800
 -36.168  7.984 23.412  0.966  0.171-50.688-13.955 14.356  -0.04
 41934 919 4 3 7 9 7048.6113 7049.6196
 14.304  0.019-30.324-30.342-36.788-23.360  1.151  4.588-29.800
 -36.168  7.984 23.412  0.966  0.171-50.688-13.955 14.356  -0.04
 41934 919 4 3 7 9 7048.6113 7049.6196
 14.270 -0.117-30.475-30.357-36.018-22.623  3.228  6.095-29.800
 -36.168  7.984 23.412  0.966  0.171-50.688-13.955 14.356  -0.04
 41934 919 4 3 7 9 7048.6113 7049.6196
 14.149  0.173-29.764-29.939-36.246-22.973  0.050  0.050-29.800
 -36.168  7.984 23.412  0.966  0.171-50.688-13.955 14.356  -0.04
 42034 9 7 5 1 6 3 7049.6196 7050.7412
 12.426 -1.225-29.552-28.178-11.086  1.744  0.050 22.348-28.210
 -13.306 73.641 43.742  2.627 -1.840-36.004-13.861 14.028  -0.11
 42034 9 7 5 1 6 3 7049.6196 7050.7412
 12.501 -1.411-29.285-27.703-11.723  1.191  0.886 10.240-28.210
 -13.306 73.641 43.742  2.627 -1.840-36.004-13.861 14.028  -0.11
 42034 9 7 5 4 911 7049.6196 7050.7412
 14.129  0.415-29.189-29.654-19.425 -4.684  1.169  0.884-29.761
 -22.687 23.412  8.796  1.137  0.924-13.955 -5.284 13.804   0.05
 42034 9 7 5 4 911 7049.6196 7050.7412
 14.016  0.571-29.772-30.413-22.116 -7.503  0.806  0.378-29.761
 -22.687 23.412  8.796  1.137  0.924-13.955 -5.284 13.804   0.05
 42034 9 7 5 4 911 7049.6196 7050.7412
 13.412  0.496-29.857-30.413-21.439 -7.503  1.645  0.378-29.761
 -22.687 23.412  8.796  1.137  0.924-13.955 -5.284 13.804   0.05
 42034 9 7 5 4 911 7049.6196 7050.7412
 13.604  0.418-29.939-30.408-22.973 -8.822  0.050  1.030-29.761
 -22.687 23.412  8.796  1.137  0.924-13.955 -5.284 13.804   0.05
 42034 9 7 5 4 911 7049.6196 7050.7412
 13.754  0.408-29.361-29.818-22.553 -8.234  3.911  1.099-29.761
 -22.687 23.412  8.796  1.137  0.924-13.955 -5.284 13.804   0.05
 42034 9 7 5 4 911 7049.6196 7050.7412
 13.614  0.338-29.214-29.594-22.862 -8.700  0.050  1.798-29.761
 -22.687 23.412  8.796  1.137  0.924-13.955 -5.284 13.804   0.05
 42034 9 7 5 4 911 7049.6196 7050.7412
 13.931  0.469-28.936-29.462-23.497 -8.979  5.098  0.050-29.761
 -22.687 23.412  8.796  1.137  0.924-13.955 -5.284 13.804   0.05
 42134 612 1 2 3 2 7050.7412 7051.6089
 12.763  0.264-28.253-28.482  0.590 10.813 11.155  8.651-28.086
   1.320 43.742 51.722  0.787 -0.122-13.861 12.978 12.628   0.31
 42134 612 1 2 3 2 7050.7412 7051.6089
 12.282  0.178-28.178-28.333  1.744 11.550 22.348 43.072-28.086
   1.320 43.742 51.722  0.787 -0.122-13.861 12.978 12.628   0.31
 42234 922 1 1 2 1 7051.6089 7052.6099
 13.255  0.082-29.238-29.320 -0.236 12.041  3.619  5.971-29.285
  -0.042  4.078  5.971  1.558 -1.558-15.652  0.000 13.061   0.03
 42234 922 1 1 2 1 7051.6089 7052.6099
 14.281  0.214-28.482-28.696 10.813 24.117  8.651 41.463-28.358
  11.426 51.722 41.463  0.665 -0.665 12.978  0.000 13.668   0.34
 42234 922 1 1 2 1 7051.6089 7052.6099
 13.545  0.363-28.333-28.696 11.550 24.117 43.072 41.463-28.358
  11.426 51.722 41.463  0.665 -0.665 12.978  0.000 13.668   0.34
 42334 922 0 0 1 1 7052.6099 7053.6064
 13.999  0.195-28.696-28.891 24.117 37.084 41.463 54.922-28.696
  24.117 41.463 54.922  0.000  0.000  0.000  0.000 13.999   0.19
 42434 926 0 0 1 3 7053.6064 7054.6172
 12.875  0.430-28.891-29.326 37.084 49.105 54.922 29.244-28.891
  37.084 54.922 50.348  0.000  1.033  0.000 73.291 13.010   0.02
 5 534 918 3 6 911 7064.6123 7065.6694
 14.101 -0.040-21.077-21.035 -9.887  3.975  0.239  1.570-20.227
  -6.356  9.557 26.659  5.606  1.067  3.381 -0.548 14.829   0.08
 5 534 918 3 6 911 7064.6123 7065.6694
 14.020 -0.006-20.547-20.540-10.181  3.595  0.427  1.549-20.227
  -6.356  9.557 26.659  5.606  1.067  3.381 -0.548 14.829   0.08
 5 534 918 3 6 911 7064.6123 7065.6694
 14.621  0.098-20.931-21.035-10.437  3.975  0.518  1.570-20.227
  -6.356  9.557 26.659  5.606  1.067  3.381 -0.548 14.829   0.08
 5 534 918 3 6 911 7064.6123 7065.6694
 14.393 -0.135-20.683-20.540-10.575  3.595  0.214  1.549-20.227
  -6.356  9.557 26.659  5.606  1.067  3.381 -0.548 14.829   0.08
 5 734 941 1 3 411 7066.5957 7067.5903
 12.235  1.429-19.775-21.196 18.583 29.770  0.050  0.708-20.214
  24.900 22.611 19.273  4.751  3.986-12.624  0.225 12.482   0.23
 5 734 941 1 3 411 7066.5957 7067.5903
 11.969  1.655-19.550-21.196 18.848 29.770  0.271  0.708-20.214
  24.900 22.611 19.273  4.751  3.986-12.624  0.225 12.482   0.23
 5 834 949 4 711 7 7067.5903 7068.5771
 15.011 -0.368-20.406-20.042 40.767 54.607  8.021 16.028-20.438
  36.332 19.273 35.168  8.737 -3.045  0.225 -1.522 16.166  -0.48
 5 834 949 4 711 7 7067.5903 7068.5771
 15.124 -0.249-19.456-19.210 36.341 50.294  1.086  4.770-20.438
  36.332 19.273 35.168  8.737 -3.045  0.225 -1.522 16.166  -0.48
 5 834 949 4 711 7 7067.5903 7068.5771
 15.668 -0.312-19.517-19.210 35.805 50.294  0.742  4.770-20.438
  36.332 19.273 35.168  8.737 -3.045  0.225 -1.522 16.166  -0.48
 5 834 949 4 711 7 7067.5903 7068.5771
 15.320 -0.207-20.350-20.145 31.312 45.458  2.022  0.124-20.438
  36.332 19.273 35.168  8.737 -3.045  0.225 -1.522 16.166  -0.48
 51634 922 9 51419 7075.6099 7076.6147
 13.060 -0.680-29.472-28.789-34.654-22.520  0.060  0.580-30.664
 -38.451 35.704 38.115  4.309  0.054 24.619 22.799 13.107  -0.62
 51634 922 9 51419 7075.6099 7076.6147
 13.194 -0.579-28.645-28.063-34.594-22.325  6.051  1.284-30.664
 -38.451 35.704 38.115  4.309  0.054 24.619 22.799 13.107  -0.62
 51634 922 9 51419 7075.6099 7076.6147
 13.743 -0.605-29.044-28.436-35.218-22.398  2.344  2.964-30.664
 -38.451 35.704 38.115  4.309  0.054 24.619 22.799 13.107  -0.62
 51634 922 9 51419 7075.6099 7076.6147
 13.951 -0.569-28.635-28.063-35.354-22.325  0.206  1.284-30.664
 -38.451 35.704 38.115  4.309  0.054 24.619 22.799 13.107  -0.62
 51634 922 9 51419 7075.6099 7076.6147
 13.632 -0.395-29.853-29.456-36.691-23.982  2.200  4.374-30.664
 -38.451 35.704 38.115  4.309  0.054 24.619 22.799 13.107  -0.62
 51634 922 9 51419 7075.6099 7076.6147
 13.747 -0.686-30.145-29.456-36.805-23.982  1.648  4.374-30.664
 -38.451 35.704 38.115  4.309  0.054 24.619 22.799 13.107  -0.62
 51634 922 9 51419 7075.6099 7076.6147
 13.890 -0.758-32.934-32.172-39.510-26.542  6.876 11.163-30.664
 -38.451 35.704 38.115  4.309  0.054 24.619 22.799 13.107  -0.62
 51634 922 9 51419 7075.6099 7076.6147
 13.511 -0.854-32.197-31.339-38.069-25.482  0.800  0.050-30.664
 -38.451 35.704 38.115  4.309  0.054 24.619 22.799 13.107  -0.62
 51634 922 9 51419 7075.6099 7076.6147
 13.746 -0.766-32.211-31.441-37.898-25.075  1.519  0.120-30.664
 -38.451 35.704 38.115  4.309  0.054 24.619 22.799 13.107  -0.62
 51634 922 9 51419 7075.6099 7076.6147
 13.633 -0.454-31.718-31.262-42.672-29.963  0.171  0.050-30.664
 -38.451 35.704 38.115  4.309  0.054 24.619 22.799 13.107  -0.62
 52134 949 3 1 4 7 7080.5903 7081.5918
 13.230 -0.402-29.087-28.684 26.864 39.126  1.231  0.247-30.791
  25.518  3.834 19.278  4.826  0.726 38.680 42.565 12.342   0.13
 52134 949 3 1 4 7 7080.5903 7081.5918
 13.607 -0.651-29.735-29.083 26.853 39.494  0.376  0.050-30.791
  25.518  3.834 19.278  4.826  0.726 38.680 42.565 12.342   0.13
 52134 949 3 1 4 7 7080.5903 7081.5918
 13.366 -0.439-32.396-31.956 23.185 35.583  1.794 13.986-30.791
  25.518  3.834 19.278  4.826  0.726 38.680 42.565 12.342   0.13
 52134 949 0 0 1 7 7080.5903 7081.5918
 15.095 -0.833-32.791-31.956 21.453 35.583  3.838 13.986-32.791
  21.453  3.838 19.278  0.000  5.552  0.000 42.565 16.401  -1.86
 52134 949 1 1 2 2 7080.5903 7081.5918
 13.470  0.044 26.580 26.625-18.948 -6.445  3.642  2.688 26.431
 -19.464 16.030 14.918  0.629 -0.181-17.864 -2.190 13.576   0.18
 52134 949 1 1 2 2 7080.5903 7081.5918
 13.638  0.220 26.388 26.607-19.616 -6.945 12.388 12.230 26.431
 -19.464 16.030 14.918  0.629 -0.181-17.864 -2.190 13.576   0.18
 52234 948 0 0 1 2 7081.5918 7082.5859
 13.704 -0.016-28.111-28.095 33.586 46.235  3.055  3.609-28.111
  33.586  3.055  3.797  0.000  0.720  0.000 15.623 13.665  -0.01
 52234 948 1 1 2 1 7081.5918 7082.5859
 13.314  0.010-32.287-32.296 35.058 47.319  0.673  0.165-32.308
  34.985  0.723  0.165  0.941 -0.941 19.345  0.000 13.387  -0.01
 52234 948 1 1 2 8 7081.5918 7082.5859
 13.191 -0.187 26.607 26.421 -6.945  5.193 12.230  0.768 26.611
  -6.855 14.918  5.040  0.448  0.931 -2.190 29.224 13.225   0.08
 52234 948 1 1 2 8 7081.5918 7082.5859
 13.276 -0.193 26.625 26.432 -6.445  5.779  2.688  3.267 26.611
  -6.855 14.918  5.040  0.448  0.931 -2.190 29.224 13.225   0.08
 61734 943 3 811 7 7107.5942 7108.5757
 12.308 -0.149  3.655  3.510-35.309-24.195  4.503  4.313  3.340
 -36.179 10.054 12.532  3.407  0.632 -8.776 -2.076 12.184  -0.12
 61734 943 3 811 7 7107.5942 7108.5757
 12.050 -0.190  3.242  3.055-35.281-24.420  0.489  5.540  3.340
 -36.179 10.054 12.532  3.407  0.632 -8.776 -2.076 12.184  -0.12
 61734 943 3 811 7 7107.5942 7108.5757
 12.514 -0.116  3.169  3.055-35.737-24.420  2.937  5.540  3.340
 -36.179 10.054 12.532  3.407  0.632 -8.776 -2.076 12.184  -0.12
 61734 943 3 811 7 7107.5942 7108.5757
 11.808 -0.137  2.345  2.211-36.500-25.876  0.230  0.190  3.340
 -36.179 10.054 12.532  3.407  0.632 -8.776 -2.076 12.184  -0.12
 61734 943 3 811 7 7107.5942 7108.5757
 12.376  0.091  2.351  2.440-37.180-25.998  0.050  0.111  3.340
 -36.179 10.054 12.532  3.407  0.632 -8.776 -2.076 12.184  -0.12
 61734 943 3 811 7 7107.5942 7108.5757
 11.757 -0.011  3.204  3.193-39.582-29.008  1.091  1.594  3.340
 -36.179 10.054 12.532  3.407  0.632 -8.776 -2.076 12.184  -0.12
 61734 943 3 811 7 7107.5942 7108.5757
 12.579  0.176  3.015  3.188-42.785-31.405  0.050  0.050  3.340
 -36.179 10.054 12.532  3.407  0.632 -8.776 -2.076 12.184  -0.12
 61734 943 3 811 7 7107.5942 7108.5757
 12.411  0.023  3.165  3.188-42.621-31.405  0.050  0.050  3.340
 -36.179 10.054 12.532  3.407  0.632 -8.776 -2.076 12.184  -0.12
 618341011 2 5 7 6 7108.5757 7109.5737
 12.931 -0.164  3.510  3.346-24.195-12.270  4.313  1.147  3.223
 -25.185 12.532 13.177  4.039  0.282 -2.076-13.731 12.614  -0.47
 618341011 2 5 7 6 7108.5757 7109.5737
 12.727 -0.120  3.055  2.936-24.420-12.698  5.540  9.125  3.223
 -25.185 12.532 13.177  4.039  0.282 -2.076-13.731 12.614  -0.47
 618341011 2 5 7 6 7108.5757 7109.5737
 12.956  0.029  3.193  3.222-29.008-17.058  1.594  0.050  3.223
 -25.185 12.532 13.177  4.039  0.282 -2.076-13.731 12.614  -0.47
 619341013 2 4 610 7109.5737 7110.5688
 12.483  0.144  3.346  3.490-12.270 -0.824  1.147 14.499  2.756
 -13.577 13.177 26.394  4.322  0.991-13.731 -7.240 12.508   0.47
 619341013 2 4 610 7109.5737 7110.5688
 12.413  0.134  2.936  3.069-12.698 -1.321  9.125  6.236  2.756
 -13.577 13.177 26.394  4.322  0.991-13.731 -7.240 12.508   0.47
 619341013 2 4 610 7109.5737 7110.5688
 12.464  0.193  1.852  2.043-17.044 -5.616  2.401  0.350  2.756
 -13.577 13.177 26.394  4.322  0.991-13.731 -7.240 12.508   0.47
 619341013 2 4 610 7109.5737 7110.5688
 12.671  0.313  1.907  2.219-17.599 -5.966  0.141  0.510  2.756
 -13.577 13.177 26.394  4.322  0.991-13.731 -7.240 12.508   0.47
 620341020 2 810 7 7110.5688 7111.5752
 14.410  0.165  2.531  2.697 -5.509  8.004  0.438  0.328  3.220
  -2.105 26.394 22.529  5.312  0.509 -7.240 -4.199 15.245   0.05
 620341020 2 810 7 7110.5688 7111.5752
 14.887  0.250  2.219  2.471 -5.966  8.028  0.510  0.050  3.220
  -2.105 26.394 22.529  5.312  0.509 -7.240 -4.199 15.245   0.05
 620341020 2 810 7 7110.5688 7111.5752
 14.540  0.425  2.043  2.471 -5.616  8.028  0.350  0.050  3.220
  -2.105 26.394 22.529  5.312  0.509 -7.240 -4.199 15.245   0.05
 620341020 2 810 7 7110.5688 7111.5752
 15.263  0.391  2.304  2.697 -6.368  8.004  0.785  0.328  3.220
  -2.105 26.394 22.529  5.312  0.509 -7.240 -4.199 15.245   0.05
 620341020 2 810 7 7110.5688 7111.5752
 14.608  0.583  2.193  2.779 -6.860  6.852  0.282  0.050  3.220
  -2.105 26.394 22.529  5.312  0.509 -7.240 -4.199 15.245   0.05
 620341020 2 810 7 7110.5688 7111.5752
 14.984  0.265  2.512  2.779 -7.238  6.852  2.279  0.050  3.220
  -2.105 26.394 22.529  5.312  0.509 -7.240 -4.199 15.245   0.05
 620341020 2 810 7 7110.5688 7111.5752
 14.663  0.212  3.069  3.283 -1.321 12.447  6.236 21.761  3.220
  -2.105 26.394 22.529  5.312  0.509 -7.240 -4.199 15.245   0.05
 621341011 1 6 7 1 7111.5752 7112.5693
 11.373 -0.519  3.283  2.766 12.447 22.781 21.761 16.561  3.268
  12.249 22.529 16.561  5.821 -5.821 -4.199  0.000 11.572  -0.50
 622341019 0 0 1 1 7112.5693 7113.6016
 17.177  0.843  2.766  3.636 22.781 39.495 16.561 15.076  2.766
  22.781 16.561 15.076  0.000  0.000  0.000  0.000 17.177   0.84
 62334 933 0 0 1 1 7113.6016 7114.5762
 14.044 -0.405  3.636  3.242 39.495 52.234 15.076 16.357  3.636
  39.495 15.076 16.357  0.000  0.000  0.000  0.000 14.044  -0.40
 7 934 952 2 2 4 2 7129.5884 7130.5850
 11.913 -0.272 24.941 24.669-41.431-30.535  0.849  0.714 25.201
 -42.749 14.758 13.482  1.257 -0.686 10.704-39.362 13.699  -0.19
 7 934 952 2 2 4 2 7129.5884 7130.5850
 12.162 -0.481 25.149 24.669-41.680-30.535  0.225  0.714 25.201
 -42.749 14.758 13.482  1.257 -0.686 10.704-39.362 13.699  -0.19
 71034 957 1 1 2 3 7130.5850 7131.5854
 14.468  0.052 25.032 25.084-30.047-16.549 12.768  7.002 25.012
 -30.073 13.482  7.461  0.571 -0.170-39.362 17.158 14.468   0.08
 71034 957 1 1 2 3 7130.5850 7131.5854
 14.372  0.177 24.669 24.846-30.535-17.132  0.714  0.140 25.012
 -30.073 13.482  7.461  0.571 -0.170-39.362 17.158 14.468   0.08
 71034 957 1 2 3 1 7130.5850 7131.5854
 13.079  0.036-29.535-29.572-59.553-47.445  0.495  1.679-29.071
 -59.220  1.022  1.679  1.217 -1.217 59.689  0.000 12.746   0.50
 71034 957 1 2 3 1 7130.5850 7131.5854
 13.017 -0.239-29.811-29.572-59.491-47.445  0.050  1.679-29.071
 -59.220  1.022  1.679  1.217 -1.217 59.689  0.000 12.746   0.50
 71134 956 1 2 3 1 7131.5854 7132.5933
 13.479 -0.146 25.084 24.936-16.549 -3.953  7.002 12.026 25.091
 -16.575  7.461 12.026  0.401 -0.401 17.158  0.000 13.505  -0.15
 71134 956 1 2 3 1 7131.5854 7132.5933
 14.058  0.089 24.846 24.936-17.132 -3.953  0.140 12.026 25.091
 -16.575  7.461 12.026  0.401 -0.401 17.158  0.000 13.505  -0.15
 71434 956 0 0 1 1 7134.5859 7135.6138
 14.547  0.468  1.600  2.081-37.853-23.908  6.396  6.632  1.600
 -37.853  6.396  6.632  0.000  0.000  0.000  0.000 14.547   0.47
 71434 956 1 2 3 2 7134.5859 7135.6138
 14.565  0.549 24.907 25.472 21.384 35.347  1.363  4.447 24.930
  21.909  9.565 11.968  0.510 -0.227 24.622 55.840 14.160   0.38
 71434 956 1 2 3 2 7134.5859 7135.6138
 14.230  0.328 25.134 25.472 21.728 35.347  2.562  4.447 24.930
  21.909  9.565 11.968  0.510 -0.227 24.622 55.840 14.160   0.38
 71434 956 1 2 3 2 7134.5859 7135.6138
 14.020  0.384 24.843 25.237 22.119 35.523  5.640  7.521 24.930
  21.909  9.565 11.968  0.510 -0.227 24.622 55.840 14.160   0.38
 71534 915 0 0 1 1 7135.6138 7136.5786
 13.999  0.099  2.081  2.176-23.908-11.349  6.632  2.114  2.081
 -23.908  6.632  2.114  0.000  0.000  0.000  0.000 13.999   0.10
 71534 915 1 1 2 1 7135.6138 7136.5786
 13.947 -0.052 25.237 25.188 35.523 48.033  7.521 11.096 25.324
  35.458 11.968 11.096  0.283 -0.283 55.840  0.000 14.015  -0.14
 71534 915 1 1 2 1 7135.6138 7136.5786
 14.130 -0.294 25.472 25.188 35.347 48.033  4.447 11.096 25.324
  35.458 11.968 11.096  0.283 -0.283 55.840  0.000 14.015  -0.14
 7163410 7 0 0 1 3 7136.5786 7137.5806
 14.192  0.329  2.176  2.505-11.349  1.892  2.114  1.711  2.176
 -11.349  2.114  2.751  0.000  0.412  0.000 55.510 14.207   0.17
 7173410 3 1 2 3 2 7137.5806 7138.8154
 13.952 -0.031  2.094  2.056  2.078 18.097  0.740  1.832  2.343
   1.907  2.751  3.195  0.412 -0.075 55.510-84.723 14.101  -0.12
 7173410 3 1 2 3 2 7137.5806 7138.8154
 14.363  0.022  2.029  2.056  1.571 18.097  0.301  1.832  2.343
   1.907  2.751  3.195  0.412 -0.075 55.510-84.723 14.101  -0.12
 7173410 3 1 2 3 2 7137.5806 7138.8154
 14.128 -0.092  2.505  2.392  1.892 18.128  1.711  1.363  2.343
   1.907  2.751  3.195  0.412 -0.075 55.510-84.723 14.101  -0.12
 71834 425 1 1 2 3 7138.8154 7139.5806
 14.260  0.031  2.056  2.079 18.097 28.261  1.832  0.190  2.199
  18.110  3.195  2.118  0.338  0.034-84.723 -2.655 14.486   0.10
 71834 425 1 1 2 3 7138.8154 7139.5806
 14.591 -0.147  2.392  2.279 18.128 28.546  1.363  1.555  2.199
  18.110  3.195  2.118  0.338  0.034-84.723 -2.655 14.486   0.10
 7193410 3 1 2 3 4 7139.5806 7140.5894
 13.872 -0.036  2.079  2.043 28.261 41.271  0.190  0.157  2.274
  28.447  2.118  0.960  0.371  2.174 -2.655-20.174 13.326  -0.35
 7193410 3 1 2 3 4 7139.5806 7140.5894
 14.091 -0.037  2.279  2.242 28.546 41.777  1.555  0.502  2.274
  28.447  2.118  0.960  0.371  2.174 -2.655-20.174 13.326  -0.35
 7193410 3 1 2 3 4 7139.5806 7140.5894
 14.001 -0.309  2.355  2.043 28.131 41.271  0.372  0.157  2.274
  28.447  2.118  0.960  0.371  2.174 -2.655-20.174 13.326  -0.35
 8 934 941 2 3 5 2 7160.5967 7161.6025
 13.896  0.345-27.587-27.934-38.973-25.975  0.960  1.228-27.623
 -38.203 13.611 18.127  1.573 -0.591-18.761 13.336 14.132   0.10
 8 934 941 2 3 5 2 7160.5967 7161.6025
 13.118  0.640-27.290-27.934-38.190-25.975  0.050  1.228-27.623
 -38.203 13.611 18.127  1.573 -0.591-18.761 13.336 14.132   0.10
 8 934 941 2 3 5 2 7160.5967 7161.6025
 12.983  0.263-27.669-27.934-38.054-25.975 12.361  1.228-27.623
 -38.203 13.611 18.127  1.573 -0.591-18.761 13.336 14.132   0.10
 81034 931 1 1 2 3 7161.6025 7162.6025
 13.578  0.835-27.934-28.769-25.975-13.376  1.228  4.614-27.722
 -24.968 18.127 23.291  0.983 -0.170 13.336 22.746 13.255   0.79
 81034 931 1 1 2 3 7161.6025 7162.6025
 13.340  0.530-27.707-28.237-24.895-12.534 16.899 13.198-27.722
 -24.968 18.127 23.291  0.983 -0.170 13.336 22.746 13.255   0.79
 81134 931 2 1 3 5 7162.6025 7163.5972
 13.623  0.218-28.237-28.454-12.534  0.040 13.198 15.629-28.517
 -12.692 23.291 20.236  0.812 -0.001 22.746 42.207 13.663   0.08
 81134 931 2 1 3 5 7162.6025 7163.5972
 13.508  0.143-28.979-29.121-12.497 -0.037  5.480  1.279-28.517
 -12.692 23.291 20.236  0.812 -0.001 22.746 42.207 13.663   0.08
 81134 931 2 1 3 5 7162.6025 7163.5972
 13.636  0.169-28.769-28.937-13.376 -0.789  4.614  1.091-28.517
 -12.692 23.291 20.236  0.812 -0.001 22.746 42.207 13.663   0.08
 81234 939 2 3 5 4 7163.5972 7164.5918
 13.622 -0.099-28.454-28.356  0.040 12.613 15.629 12.055-28.594
  -0.078 20.236 15.868  0.811  0.124 42.207 46.557 13.564  -0.08
 81234 939 2 3 5 4 7163.5972 7164.5918
 13.385 -0.169-29.121-28.953 -0.037 12.300  1.279  0.959-28.594
  -0.078 20.236 15.868  0.811  0.124 42.207 46.557 13.564  -0.08
 81234 939 2 3 5 4 7163.5972 7164.5918
 13.366 -0.120-29.174-29.054 -0.471 11.848  1.861  2.243-28.594
  -0.078 20.236 15.868  0.811  0.124 42.207 46.557 13.564  -0.08
 81234 939 2 3 5 4 7163.5972 7164.5918
 13.184  0.157-28.937-29.093 -0.789 11.348  1.091  0.610-28.594
  -0.078 20.236 15.868  0.811  0.124 42.207 46.557 13.564  -0.08
 81234 939 1 3 4 4 7163.5972 7164.5918
 14.602  0.566  5.051  5.615-32.160-18.613  0.050  0.050  5.277
 -31.079  2.320  1.231  1.927 -1.508-12.129 47.925 13.465  -0.24
 81234 939 1 3 4 4 7163.5972 7164.5918
 14.542  0.361  5.256  5.615-32.101-18.613  0.881  0.050  5.277
 -31.079  2.320  1.231  1.927 -1.508-12.129 47.925 13.465  -0.24
 81234 939 1 3 4 4 7163.5972 7164.5918
 14.516  0.566  4.069  4.632-31.911-18.449  0.169  0.328  5.277
 -31.079  2.320  1.231  1.927 -1.508-12.129 47.925 13.465  -0.24
 81634 751 3 2 5 3 7167.6729 7168.6680
 14.668 -0.318  4.341  4.024 23.477 37.099  4.633  0.050  4.322
  24.146  7.155  0.547  2.980 -2.435  7.744 10.374 13.506  -0.21
 81634 751 3 2 5 3 7167.6729 7168.6680
 13.999 -0.653  4.736  4.085 23.629 36.585  0.970  0.447  4.322
  24.146  7.155  0.547  2.980 -2.435  7.744 10.374 13.506  -0.21
102834 655 1 1 2 2 7240.7109 7241.6870
 14.373 -0.485  4.702  4.229-38.077-25.017  1.443  1.219  4.715
 -38.139  1.728  4.756  0.382 -0.200 11.973 -7.315 14.297  -0.52
102834 655 1 1 2 2 7240.7109 7241.6870
 14.571 -0.590  4.781  4.205-38.453-25.198  0.284  3.537  4.715
 -38.139  1.728  4.756  0.382 -0.200 11.973 -7.315 14.297  -0.52
102934 730 1 1 2 2 7241.6870 7242.6787
 15.051 -0.346  4.229  3.886-25.017-11.069  1.219  0.991  4.211
 -25.152  4.756  2.453  0.183  0.520 -7.315-13.775 14.776  -0.43
102934 730 1 1 2 2 7241.6870 7242.6787
 14.545 -0.491  4.205  3.719-25.198-11.753  3.537  1.462  4.211
 -25.152  4.756  2.453  0.183  0.520 -7.315-13.775 14.776  -0.43
11 434 644 1 1 2 1 7247.7192 7248.6860
 14.106  0.331 22.702 23.022-26.699-14.016  3.756  6.767 22.756
 -27.169  4.423  6.767  2.900 -2.900  7.109  0.000 14.593   0.28
11 434 644 2 2 4 4 7247.7192 7248.6860
 14.178  0.221 25.027 25.240-35.521-22.769  1.653  0.050 24.956
 -35.413  4.302  2.269  0.215  0.285 30.838-40.058 14.203   0.54
11 434 644 2 2 4 4 7247.7192 7248.6860
 14.239  0.367 24.882 25.237-36.044-23.233  0.050  0.124 24.956
 -35.413  4.302  2.269  0.215  0.285 30.838-40.058 14.203   0.54
11 434 644 2 2 4 4 7247.7192 7248.6860
 14.179  0.272 25.247 25.510-35.348-22.595  2.059  2.045 24.956
 -35.413  4.302  2.269  0.215  0.285 30.838-40.058 14.203   0.54
11 534 731 0 0 1 2 7248.6860 7249.6919
 14.038 -0.451 23.022 22.568-14.016 -0.891  6.767  5.271 23.022
 -14.016  6.767  5.737  0.000  0.964  0.000-19.007 13.959  -0.48
11 534 731 1 3 4 3 7248.6860 7249.6919
 13.546 -0.618 25.510 24.888-22.595 -9.965  2.045  2.765 25.478
 -22.637  2.269  4.040  0.501  0.302-40.058 59.288 13.446  -0.37
11 534 731 1 3 4 3 7248.6860 7249.6919
 13.719 -0.350 25.240 24.888-22.769 -9.965  0.050  2.765 25.478
 -22.637  2.269  4.040  0.501  0.302-40.058 59.288 13.446  -0.37
11 534 731 1 3 4 3 7248.6860 7249.6919
 13.694 -0.123 25.012 24.888-22.744 -9.965  0.050  2.765 25.478
 -22.637  2.269  4.040  0.501  0.302-40.058 59.288 13.446  -0.37
11 534 731 1 3 4 3 7248.6860 7249.6919
 13.718 -0.187 25.237 25.049-23.233-10.431  0.124  0.757 25.478
 -22.637  2.269  4.040  0.501  0.302-40.058 59.288 13.446  -0.37
11 634 723 1 1 2 2 7249.6919 7250.6821
 13.328  0.501 22.568 23.064 -0.891 11.331  5.271 12.304 22.542
  -0.971  5.737 12.354  0.964  2.589-19.007-35.174 13.396   0.52
122434 815 3 2 5 4 7297.6563 7298.6992
 14.002  0.714-25.155-25.900-35.145-21.563  1.292 10.327-24.581
 -37.062 13.936 13.753  3.296 -0.391-10.074-14.149 15.435   1.15
122434 815 3 2 5 4 7297.6563 7298.6992
 14.203  0.461-25.419-25.900-35.355-21.563  0.552 10.327-24.581
 -37.062 13.936 13.753  3.296 -0.391-10.074-14.149 15.435   1.15
122434 815 3 2 5 4 7297.6563 7298.6992
 14.672  0.607-24.333-24.966-38.580-24.299  7.965  0.730-24.581
 -37.062 13.936 13.753  3.296 -0.391-10.074-14.149 15.435   1.15
122434 815 3 2 5 4 7297.6563 7298.6992
 13.699  0.424-24.857-25.300-38.325-25.059  0.050  0.956-24.581
 -37.062 13.936 13.753  3.296 -0.391-10.074-14.149 15.435   1.15
122434 815 2 3 5 5 7297.6563 7298.6992
 13.645  0.278 25.132 25.422 13.216 26.426  4.189  3.666 25.247
  13.355  7.099  5.947  0.477 -0.028-27.308-32.734 13.662   0.26
122434 815 2 3 5 5 7297.6563 7298.6992
 13.414  0.200 25.033 25.242 13.617 26.585  1.142  0.794 25.247
  13.355  7.099  5.947  0.477 -0.028-27.308-32.734 13.662   0.26
122434 815 2 3 5 5 7297.6563 7298.6992
 13.709  0.204 25.616 25.828 13.653 26.930  1.668  0.686 25.247
  13.355  7.099  5.947  0.477 -0.028-27.308-32.734 13.662   0.26
122434 815 2 3 5 5 7297.6563 7298.6992
 14.187  0.047 25.929 25.978 13.264 27.039  0.050  0.752 25.247
  13.355  7.099  5.947  0.477 -0.028-27.308-32.734 13.662   0.26
122534 712 2 1 3 8 7298.6992 7299.7578
 14.566  0.593-28.265-28.892-39.384-25.006  5.758  2.071-28.319
 -39.413  8.280 36.691  2.245  2.775-14.605  9.474 13.809   0.39
122534 712 2 1 3 8 7298.6992 7299.7578
 14.550  0.394-28.476-28.892-39.367-25.006  2.405  2.071-28.319
 -39.413  8.280 36.691  2.245  2.775-14.605  9.474 13.809   0.39
122534 712 3 2 5 3 7298.6992 7299.7578
 13.421 -0.034 25.772 25.735 26.397 39.563  0.050  0.566 25.518
  26.582  5.947  1.234  0.449  0.005-32.734 16.099 13.493   0.14
122534 712 3 2 5 3 7298.6992 7299.7578
 13.643 -0.113 25.422 25.303 26.426 39.827  3.666  0.121 25.518
  26.582  5.947  1.234  0.449  0.005-32.734 16.099 13.493   0.14
122534 712 3 2 5 3 7298.6992 7299.7578
 13.492  0.058 25.242 25.303 26.585 39.827  0.794  0.121 25.518
  26.582  5.947  1.234  0.449  0.005-32.734 16.099 13.493   0.14
122534 712 3 2 5 3 7298.6992 7299.7578
 13.421 -0.142 25.828 25.677 26.930 40.096  0.686  0.547 25.518
  26.582  5.947  1.234  0.449  0.005-32.734 16.099 13.493   0.14
122534 712 3 2 5 3 7298.6992 7299.7578
 13.318 -0.283 25.978 25.677 27.039 40.096  0.752  0.547 25.518
  26.582  5.947  1.234  0.449  0.005-32.734 16.099 13.493   0.14
