 52944 848 2 4 6 310741.633810742.5801
 16.448 -0.676-22.571  0.915 15.564  2.433  1.378 13.671  0.637
   2.148 -1.127-22.294-23.029  1.517  0.916 16.343 12.302 -13.92
 619441030 0 0 1 110762.561510763.5664
 14.522 -0.267  1.973-39.879-26.271  7.351  8.495  0.000  0.000
   0.000  0.000  0.000  0.000  0.000  0.000  0.000  0.000   0.00
 620441023 0 0 1 110763.566410764.5674
 14.008 -0.458  1.705-26.271-13.234  8.495 13.650  0.000  0.000
   0.000  0.000  0.000  0.000  0.000  0.000  0.000  0.000   0.00
 621441022 0 0 1 110764.567410765.5566
 15.075 -0.019  1.246-13.234  0.713 13.650  9.568  0.000  0.000
   0.000  0.000  0.000  0.000  0.000  0.000  0.000  0.000   0.00
 622441037 0 0 1 110765.556610766.5645
 14.033  0.014  1.228  0.713 13.866  9.568  2.953  0.000  0.000
   0.000  0.000  0.000  0.000  0.000  0.000  0.000  0.000   0.00
 622441037 0 0 0 110765.556610766.5645
 14.741  1.233  0.000  0.000 13.866  1.000  2.953  0.000  0.000
   0.000  0.000  0.000  0.000  0.000  0.000  0.000  0.000   0.00
 623441026 0 0 1 110766.564510767.5566
 14.115  0.185  1.242 13.866 26.892  2.953  6.167  0.000  0.000
   0.000  0.000  0.000  0.000  0.000  0.000  0.000  0.000   0.00
 624441038 0 0 1 110767.556610768.5977
 14.530  0.211  1.425 26.892 40.997  6.167  4.393  0.000  0.000
   0.000  0.000  0.000  0.000  0.000  0.000  0.000  0.000   0.00
 62544 939 0 0 1 210768.597710769.5977
 13.826 -0.119  1.645 40.997 53.843  4.393  4.339  0.000  0.000
   0.000  0.000  0.000  0.000  0.000  0.000  0.000 53.682   0.00
 8 644 4 0 0 0 1 710810.833010811.8330
 13.597  0.675-25.532-21.282 -8.664  4.434  7.080  0.000  0.000
   0.000  0.000  0.000  0.000  0.000  0.000  0.000-10.481   0.00
 81744 9 8 6 410 310821.619110822.6279
 17.415 -0.950 -7.468 31.300 47.884 14.745  1.514 15.900 -3.680
  33.865 30.016 -6.744 -7.831  4.920  9.825 47.914 47.665 -46.73
 81744 9 8 2 2 4 810821.619110822.6279
 13.443 -0.209 -1.374  5.698 18.274  0.583  5.648-22.095  2.921
   6.479  5.537 -1.691 -1.308  0.100  0.483 19.345 15.407  23.88
 81844 856 0 0 1 410822.627910823.6211
 14.261  0.452 -8.071 42.634 55.824  3.478  2.839  0.000  0.000
   0.000  0.000  0.000  0.000  0.000  0.000  0.000 55.678   0.00
 82444 8 0 0 0 1 810828.667010829.6074
 15.249  1.305-20.638-41.896-28.469  2.701 24.421  0.000  0.000
   0.000  0.000  0.000  0.000  0.000  0.000  0.000-29.456   0.00
 82544 924 4 4 8 310829.607410830.6143
 13.736 -0.787-21.866-28.469-15.625 24.421 14.867-28.453  1.341
 -27.826-29.456-22.190-21.370 14.781  9.640-14.273-17.524  20.45
 82644 915 1 2 3 610830.614310831.6875
 14.627 -0.178-21.074-15.625 -0.983 14.867  6.865 -8.000  0.843
 -14.273-17.524-21.251-20.825  8.685  6.182  0.425 -3.742  12.49
 82744 730 1 5 6 610831.687510832.6768
 12.979  0.024-20.883 -0.983 10.890  6.865  8.925  4.489 -0.052
   0.425 -3.742-20.779-21.085  4.545  2.320 13.050  8.957   2.68
 82844 745 2 1 3 310832.676810833.8330
 12.679 -1.875-30.931 22.483 36.008  0.178  0.381 75.593  2.031
  22.837 22.309-29.747-31.509  0.058  0.120 37.139 33.043 -54.46
 82844 745 3 3 6 510832.676810833.8330
 11.796 -0.454-20.906 10.890 23.395  8.925  6.499  7.170  1.093
  13.050  8.957-20.653-21.134  4.215  4.709 26.140 20.947   3.06
 82944 4 0 3 2 5 210833.833010834.6553
 14.006  0.557-20.382 23.395 34.104  6.499  7.421 10.227 -3.050
  26.140 20.947-19.917-20.796  3.063  3.436 35.360 34.095 -61.66
 91244 83713 9222210847.640610848.6514
 15.695 -0.351-23.544-38.156-23.291 33.038 34.834 12.043 -1.675
 -35.465-42.056-23.017-24.306 19.546 13.492-21.960-26.859 -13.08
 91344 8221210221310848.651410849.6240
 14.897  0.231-23.189-23.291 -9.764 34.834 44.749 -1.039 -0.181
 -21.960-26.859-23.211-23.129 25.370  9.465 -6.934-11.603  -6.62
 91444 9 1 211131210849.624010850.6260
 13.626 -0.298-23.413 -9.764  2.906 44.749 37.539 -7.656  0.225
  -6.934-11.603-23.762-23.186 17.630 27.118  6.275  1.416  -3.05
 91544 858 6 612 310850.626010851.6309
 13.554 -0.292-23.115  2.906 15.537 37.539 31.507-10.703 -0.145
   6.275  1.416-23.700-22.856 11.505 26.033 18.969 14.255   1.41
 91544 858 1 1 2 110850.626010851.6309
 13.808 -0.320-23.015 -5.067  7.820  5.088  2.009-58.539 -0.300
  -5.065 -5.235-23.018-22.762  5.038  0.050  0.000  0.000   0.00
 91644 852 2 1 3 310851.630910852.6348
 13.725  0.294-22.821 15.537 28.332 31.507 30.682 -9.293 -0.091
  18.969 14.255-23.339-22.628  8.571 22.936 31.639 26.995   1.46
 91644 852 0 0 1 110851.630910852.6348
 13.723  0.098-22.693  7.820 20.613  2.009  0.554  0.000  0.000
   0.000  0.000  0.000  0.000  0.000  0.000  0.000  0.000   0.00
 91744 845 2 1 3 310852.634810853.6387
 13.900  0.139-23.116 28.332 41.294 30.682 24.316 -7.833  0.282
  31.639 26.995-23.534-22.947  8.836 21.846 44.762 39.796   1.17
 91844 841 1 2 3 310853.638710854.6318
 12.839 -0.102-23.256 41.294 53.075 24.316 13.389 -6.659 -0.067
  44.762 39.796-23.628-23.095  7.335 16.980 57.109 52.189   4.61
 92244 730 2 4 61110857.687510858.6602
 13.879  0.019-22.526-16.131 -3.594 22.823 29.611 10.355  6.260
 -15.138-16.668-22.359-22.617  8.014 14.809 -0.857 -9.130  -3.47
 92344 8 9 5 611 610858.660210859.6982
 16.327 -0.877-22.544 -3.594 12.335 29.611 12.355  6.882 -6.393
  -0.857 -9.130-22.239-23.161 19.814  9.797 12.587 11.412  26.24
 92444 715 4 2 61010859.698210860.6182
 13.433  0.111-21.634 12.335 23.789 12.355 25.739 33.124  1.537
  12.587 11.412-21.481-22.193  9.707  2.648 24.780 21.975  -9.67
 92544 9 9 3 7101410860.618210861.6123
 11.769  0.081-21.736 23.789 34.513 25.739 45.436 23.457  2.378
  24.780 21.975-21.337-22.467 16.643  9.096 36.928 31.441 -10.95
 92644 918 7 714 410861.612310862.6289
 15.562 -0.662-21.817 34.513 49.333 45.436 27.190 12.504 -3.823
  36.928 31.441-21.319-22.449 25.441 19.995 49.732 48.315   6.26
10 144 841 2 4 61010866.638710867.6377
 13.900  0.650 21.377 28.235 41.141 40.399 43.804 34.673 -1.145
  28.914 23.492 20.939 24.432 35.338  5.061 43.049 37.944 -16.04
10 144 841 0 0 1 310866.638710867.6377
 13.600 -1.186-24.164-47.986-35.379  0.291  9.150  0.000  0.000
   0.000  0.000  0.000  0.000  0.000  0.000  0.000-37.752   0.00
10 244 841 2 1 3 510867.637710868.6514
 11.402  0.668-22.978-35.379-24.818  9.150  5.797 -4.502  1.962
 -35.305-37.752-22.984-22.806  8.874  0.276-21.582-26.117  14.81
10 244 841 0 0 1 110867.637710868.6514
 13.624 -0.077-30.000-55.331-42.516  1.646  8.120  0.000  0.000
   0.000  0.000  0.000  0.000  0.000  0.000  0.000  0.000   0.00
10 244 841 2 8101210867.637710868.6514
 13.037 -0.485 22.026 41.141 53.360 43.804 24.471 18.631  1.855
  43.049 37.944 21.430 23.026 27.434 16.371 56.454 49.278  -5.65
10 344 822 0 0 1 110868.651410869.6670
 12.746  0.267-29.922-42.516-30.576  8.120 11.694  0.000  0.000
   0.000  0.000  0.000  0.000  0.000  0.000  0.000  0.000   0.00
10 444 8 0 0 0 1 110869.667010870.6504
 14.150 -0.092-30.193-30.576-17.623 11.694 12.573  0.000  0.000
   0.000  0.000  0.000  0.000  0.000  0.000  0.000  0.000   0.00
10 544 822 0 0 1 110870.650410871.6445
 13.775 -0.398-30.102-17.623 -4.913 12.573  5.348  0.000  0.000
   0.000  0.000  0.000  0.000  0.000  0.000  0.000  0.000   0.00
10 644 831 0 0 1 110871.644510872.7207
 13.873  0.013-29.707 -4.913  8.959  5.348  7.903  0.000  0.000
   0.000  0.000  0.000  0.000  0.000  0.000  0.000  0.000   0.00
10 744 641 0 0 1 210872.720710873.6416
 13.402 -0.218-29.721  8.959 20.393  7.903  9.888  0.000  0.000
   0.000  0.000  0.000  0.000  0.000  0.000  0.000 20.357   0.00
10 844 835 1 1 2 110873.641610874.6445
 13.835 -0.420-29.520 20.393 33.278  9.888  0.137-62.736 -0.327
  20.529 20.357-29.750-29.459  2.069  7.819  0.000  0.000   0.00
10 944 831 0 0 1 110874.644510875.6758
 13.107  0.151-29.099 33.278 45.778  0.137 12.589  0.000  0.000
   0.000  0.000  0.000  0.000  0.000  0.000  0.000  0.000   0.00
101044 746 0 0 1 110875.675810876.6553
 12.601 -0.338-29.255 45.778 57.159 12.589  2.898  0.000  0.000
   0.000  0.000  0.000  0.000  0.000  0.000  0.000  0.000   0.00
101644 833 2 5 7 410881.642610882.6602
 13.856 -0.538 19.473-22.075 -8.991 13.800  4.066-13.284  2.392
 -21.645-22.889 19.569 19.292  9.038  4.762 -8.255-12.030   6.31
101744 8 9 0 0 1 110882.660210883.6982
 14.530  0.213-22.352-50.482-36.421 29.083 21.932  0.000  0.000
   0.000  0.000  0.000  0.000  0.000  0.000  0.000  0.000   0.00
101844 715 0 0 1 110883.698210884.6836
 14.047 -0.448-22.573-36.421-23.542 21.932 13.142  0.000  0.000
   0.000  0.000  0.000  0.000  0.000  0.000  0.000  0.000   0.00
101944 734 0 0 1 710884.683610885.6709
 14.758  0.551-22.132-23.542 -9.952 13.142 28.217  0.000  0.000
   0.000  0.000  0.000  0.000  0.000  0.000  0.000-11.541   0.00
102044 753 5 2 7 810885.670910886.7402
 13.195 -0.143-22.675 -9.952  3.104 28.217 36.895 -7.089  0.196
  -8.144-11.541-22.882-22.492 13.200 15.016  5.786  2.163   3.01
102144 614 6 2 8 710886.740210887.6719
 15.581  0.230-22.522  3.104 16.695 36.895 34.497 -4.081  1.042
   5.786  2.163-22.698-22.460  9.582 27.313 18.812 14.092  -4.02
103144 731 0 0 1 710896.686510897.6611
 16.316  0.847 -4.382-49.013-34.066  1.580 10.136  0.000  0.000
   0.000  0.000  0.000  0.000  0.000  0.000  0.000-36.060   0.00
11 144 8 7 4 3 7 710897.661110898.6602
 16.668  1.123 -5.207-34.066-18.407 10.136  1.614-15.071 -0.651
 -31.088-36.060 -6.006 -4.673  4.064  6.072-16.810-21.104  -2.54
11 244 8 9 4 3 7 310898.660210899.6484
 15.901  0.708 -6.329-18.407 -3.658  1.614  0.244-17.614 -1.328
 -16.810-21.104 -6.832 -5.478  1.014  0.600 -3.146 -5.643  55.73
112044 730 0 0 1 210916.687510917.7676
 14.433 -0.315 21.208-19.149 -4.627 35.510 41.371  0.000  0.000
   0.000  0.000  0.000  0.000  0.000  0.000  0.000 -5.151   0.00
112144 534 1 1 2 110917.767610918.6572
 12.595 -0.467 20.867 -4.627  5.709 41.371 42.579 49.651 -0.849
  -4.563 -5.151 20.797 21.444 36.885  4.486  0.000  0.000   0.00
112244 812 0 0 1 110918.657210919.6611
 14.006 -0.174 20.452  5.709 18.776 42.579 46.113  0.000  0.000
   0.000  0.000  0.000  0.000  0.000  0.000  0.000  0.000   0.00
112244 812 0 0 1 410918.657210919.6611
 14.193  0.310-19.532-24.961-11.706  0.050  2.468  0.000  0.000
   0.000  0.000  0.000  0.000  0.000  0.000  0.000-12.254   0.00
112344 8 7 1 3 4 110919.661110920.6885
 14.293 -0.605-19.843-11.706  1.973  2.468  5.956  4.123 -4.499
  -7.483-12.254-19.556-19.880  0.284  2.185  0.000  0.000   0.00
112344 8 7 0 0 1 110919.661110920.6885
 14.140  0.533 20.277 18.776 32.297 46.113 12.985  0.000  0.000
   0.000  0.000  0.000  0.000  0.000  0.000  0.000  0.000   0.00
112444 727 0 0 1 210920.688510921.6650
 14.522 -1.030 20.825 32.297 45.505 12.985 48.464  0.000  0.000
   0.000  0.000  0.000  0.000  0.000  0.000  0.000 45.291   0.00
112444 727 0 0 1 210920.688510921.6650
 15.272  0.720-19.221  1.973 15.913  5.956  2.731  0.000  0.000
   0.000  0.000  0.000  0.000  0.000  0.000  0.000 14.094   0.00
112544 8 3 1 1 2 210921.665010922.7246
 13.664  0.361 19.819 45.505 58.951 48.464 18.374 60.006 -0.023
  45.766 45.291 19.395 20.169 21.894 26.569 58.991 58.256 -22.41
112744 724 1 2 3 310923.691410924.6592
 15.545 -0.418 19.004 -8.709  5.387  2.615  9.539 -9.212  3.293
  -8.245 -9.011 19.076 18.958  1.031  1.584  5.612  1.448  -2.21
12 744 734 2 2 4 210933.683610934.7139
 15.430 -0.326 23.285-13.468  1.411  5.249  1.673  0.132 -1.887
 -12.526-15.031 23.283 23.288  3.274  1.974  1.418  1.183  58.32
12 844 652 1 1 2 610934.713910935.7314
 13.456  1.024 22.949  1.411 14.101  1.673 15.193 58.456  2.852
   1.418  1.183 22.938 23.291  1.623  0.050 15.285 12.254 -26.45
12 944 626 2 4 6 610935.731410936.6758
 12.243  0.465 23.991 14.101 24.736 15.193 14.639 32.007  1.530
  15.285 12.254 23.314 25.045  9.255  5.938 27.780 22.616 -20.61
121044 746 9 6151210936.675810937.8955
 14.444 -0.138-21.451-48.444-32.019 66.402 63.045 -5.266 -0.106
 -45.876-49.910-21.671-21.325 24.121 42.280-30.663-34.581  10.27
121144 230 5 7121310937.895510938.6572
 13.208 -0.397-21.282-32.019-22.705 63.045 80.299  5.003  0.227
 -30.663-34.581-21.172-21.491 41.235 21.810-21.282-25.450  -5.94
121144 230 0 0 1 110937.895510938.6572
 12.578 -0.532 22.354 45.457 54.291 16.489  5.176  0.000  0.000
   0.000  0.000  0.000  0.000  0.000  0.000  0.000  0.000   0.00
121244 812 8 5131710938.657210939.6504
 13.082  0.573-20.980-22.705-10.688 80.299 46.759 -0.934 -0.456
 -21.282-25.450-21.001-20.938 52.889 27.410 -8.853-12.536  -3.62
121244 812 0 0 1 210938.657210939.6504
 14.881  0.461-23.792-36.796-22.993  3.362  2.638  0.000  0.000
   0.000  0.000  0.000  0.000  0.000  0.000  0.000-23.008   0.00
121844 8 0 2 4 6 810944.667010945.9814
 12.418  1.038 32.510 28.520 43.555 20.532 27.284  1.075  1.957
  30.048 25.605 32.486 32.557 13.470  7.062 44.997 38.310 -14.38
122844 752 1 1 2 210954.671910955.8965
 12.488 -0.060 25.968 22.303 36.392  5.213  9.331-61.863 41.603
  22.395 21.695 26.122 24.945  4.529  0.684 38.590  0.000  25.81
