 52944 848 2 4 6 310741.633810742.5801
 16.855 -0.696-22.594-21.934  1.309 16.343  0.658  1.112-22.571
   0.915  2.433  1.378  3.112  0.637 13.671 -0.251 16.448  -0.68
 52944 848 2 4 6 310741.633810742.5801
 17.363 -0.604-22.507-21.934  0.828 16.343  0.282  1.112-22.571
   0.915  2.433  1.378  3.112  0.637 13.671 -0.251 16.448  -0.68
 52944 848 2 4 6 310741.633810742.5801
 17.075 -0.559-22.456-21.927 -1.975 13.268  0.105  0.050-22.571
   0.915  2.433  1.378  3.112  0.637 13.671 -0.251 16.448  -0.68
 619441030 0 0 1 110762.561510763.5664
 14.522 -0.267  1.973  1.705-39.879-26.271  7.351  8.495  1.973
 -39.879  7.351  8.495  0.000  0.000  0.000  0.000 14.522  -0.27
 620441023 0 0 1 110763.566410764.5674
 14.008 -0.458  1.705  1.246-26.271-13.234  8.495 13.650  1.705
 -26.271  8.495 13.650  0.000  0.000  0.000  0.000 14.008  -0.46
 621441022 0 0 1 110764.567410765.5566
 15.075 -0.019  1.246  1.228-13.234  0.713 13.650  9.568  1.246
 -13.234 13.650  9.568  0.000  0.000  0.000  0.000 15.075  -0.02
 622441037 0 0 1 110765.556610766.5645
 14.033  0.014  1.228  1.242  0.713 13.866  9.568  2.953  1.228
   0.713  9.568  2.953  0.000  0.000  0.000  0.000 14.033   0.01
 623441026 0 0 1 110766.564510767.5566
 14.115  0.185  1.242  1.425 13.866 26.892  2.953  6.167  1.242
  13.866  2.953  6.167  0.000  0.000  0.000  0.000 14.115   0.18
 624441038 0 0 1 110767.556610768.5977
 14.530  0.211  1.425  1.645 26.892 40.997  6.167  4.393  1.425
  26.892  6.167  4.393  0.000  0.000  0.000  0.000 14.530   0.21
 62544 939 0 0 1 210768.597710769.5977
 13.929 -0.053  1.645  1.592 40.997 53.947  4.393  2.644  1.645
  40.997  4.393  4.339  0.000  0.314  0.000-32.347 13.826  -0.12
 8 644 4 0 0 0 1 710810.833010811.8330
 14.283 -0.015-25.532-25.517-21.282 -7.978  4.434  1.982-25.532
 -21.282  4.434  7.080  0.000  4.107  0.000 51.456 13.597   0.68
 81744 9 8 6 410 310821.619110822.6279
 14.749  0.063 -6.464 -6.527 34.020 47.914  0.050  1.331 -7.468
  31.300 14.745  1.514  3.968 -3.680 15.900-30.834 17.415  -0.95
 81744 9 8 6 410 310821.619110822.6279
 15.034 -0.221 -6.471 -6.248 33.471 47.652  0.809  0.133 -7.468
  31.300 14.745  1.514  3.968 -3.680 15.900-30.834 17.415  -0.95
 81744 9 8 6 410 310821.619110822.6279
 14.890 -0.351 -6.882 -6.527 33.878 47.914  2.333  1.331 -7.468
  31.300 14.745  1.514  3.968 -3.680 15.900-30.834 17.415  -0.95
 81744 9 8 2 2 4 810821.619110822.6279
 15.426 -0.020 -2.148 -2.127  7.237 21.815  0.050  0.315 -1.374
   5.698  0.583  5.648  1.017  2.921-22.095  1.784 13.443  -0.21
 81744 9 8 2 2 4 810821.619110822.6279
 15.531  0.136 -1.343 -1.481  5.687 20.370  0.267  0.366 -1.374
   5.698  0.583  5.648  1.017  2.921-22.095  1.784 13.443  -0.21
 81744 9 8 2 2 4 810821.619110822.6279
 15.497  0.244 -1.234 -1.481  5.722 20.370  0.050  0.366 -1.374
   5.698  0.583  5.648  1.017  2.921-22.095  1.784 13.443  -0.21
 81744 9 8 2 2 4 810821.619110822.6279
 15.865  0.214 -1.265 -1.481  5.350 20.370  0.215  0.366 -1.374
   5.698  0.583  5.648  1.017  2.921-22.095  1.784 13.443  -0.21
 81844 856 0 0 1 410822.627910823.6211
 14.399  0.197 -8.071 -8.266 42.634 55.960  3.478  0.050 -8.071
  42.634  3.478  2.839  0.000  0.849  0.000 20.446 14.261   0.45
 82444 8 0 0 0 1 810828.667010829.6074
 13.894  1.104-20.638-21.677-41.896-29.745  2.701  1.932-20.638
 -41.896  2.701 24.421  0.000  1.721  0.000-28.453 15.249   1.31
 82544 924 4 4 8 310829.607410830.6143
 12.496 -0.612-21.427-20.811-29.110-17.515  5.144  5.960-21.866
 -28.469 24.421 14.867  1.721  1.341-28.453 -8.000 13.736  -0.79
 82544 924 4 4 8 310829.607410830.6143
 13.314 -0.203-21.016-20.811-29.935-17.515  2.514  5.960-21.866
 -28.469 24.421 14.867  1.721  1.341-28.453 -8.000 13.736  -0.79
 82544 924 4 4 8 310829.607410830.6143
 12.995 -0.204-21.393-21.187-29.847-17.749  0.050  0.222-21.866
 -28.469 24.421 14.867  1.721  1.341-28.453 -8.000 13.736  -0.79
 82544 924 4 4 8 310829.607410830.6143
 12.894 -0.486-21.677-21.187-29.745-17.749  1.932  0.222-21.866
 -28.469 24.421 14.867  1.721  1.341-28.453 -8.000 13.736  -0.79
 82644 915 1 2 3 610830.614310831.6875
 13.720  0.104-20.811-20.923-17.515 -3.847  5.960  1.939-21.074
 -15.625 14.867  6.865  3.063  0.843 -8.000  4.489 14.627  -0.18
 82644 915 1 2 3 610830.614310831.6875
 14.340  0.012-21.187-21.200-17.749 -3.416  0.222  0.050-21.074
 -15.625 14.867  6.865  3.063  0.843 -8.000  4.489 14.627  -0.18
 82744 730 1 5 6 610831.687510832.6768
 13.515  0.267-20.779-21.044  0.425 12.829  4.545  0.050-20.883
  -0.983  6.865  8.925  3.906 -0.052  4.489  7.170 12.979   0.02
 82744 730 1 5 6 610831.687510832.6768
 13.577  0.081-22.118-22.198 -3.243  9.222  0.232  0.050-20.883
  -0.983  6.865  8.925  3.906 -0.052  4.489  7.170 12.979   0.02
 82744 730 1 5 6 610831.687510832.6768
 13.898  0.149-20.923-21.071 -3.847  8.936  1.939  4.537-20.883
  -0.983  6.865  8.925  3.906 -0.052  4.489  7.170 12.979   0.02
 82744 730 1 5 6 610831.687510832.6768
 13.462 -0.131-21.200-21.071 -3.416  8.936  0.050  4.537-20.883
  -0.983  6.865  8.925  3.906 -0.052  4.489  7.170 12.979   0.02
 82844 745 2 1 3 310832.676810833.8330
 13.445 -1.107-29.782-28.502 22.525 36.937  0.050  0.155-30.931
  22.483  0.178  0.381  1.819  2.031 75.593 21.131 12.679  -1.87
 82844 745 3 3 6 510832.676810833.8330
 11.916 -0.330-20.321-19.939 13.696 26.340  3.023  2.476-20.906
  10.890  8.925  6.499  3.853  1.093  7.170 10.227 11.796  -0.45
 82844 745 3 3 6 510832.676810833.8330
 11.411 -0.225-22.198-21.938  9.222 21.282  0.050  0.126-20.906
  10.890  8.925  6.499  3.853  1.093  7.170 10.227 11.796  -0.45
 82844 745 3 3 6 510832.676810833.8330
 11.358 -0.275-21.071-20.752  8.936 20.934  4.537  3.310-20.906
  10.890  8.925  6.499  3.853  1.093  7.170 10.227 11.796  -0.45
 82944 4 0 3 2 5 210833.833010834.6553
 11.563  1.280-19.777-20.829 25.394 34.095  0.394  7.371-20.382
  23.395  6.499  7.421  4.947 -3.050 10.227-51.434 14.006   0.56
 82944 4 0 3 2 5 210833.833010834.6553
 11.929  1.107-19.920-20.829 25.094 34.095  0.193  7.371-20.382
  23.395  6.499  7.421  4.947 -3.050 10.227-51.434 14.006   0.56
 91244 83713 9222210847.640610848.6514
 14.082 -0.302-24.049-23.744-32.721-19.486  0.794  2.240-23.544
 -38.156 33.038 34.834  6.179 -1.675 12.043 -1.039 15.695  -0.35
 91244 83713 9222210847.640610848.6514
 14.098 -0.164-23.549-23.383-32.813-19.562  1.431  0.050-23.544
 -38.156 33.038 34.834  6.179 -1.675 12.043 -1.039 15.695  -0.35
 91244 83713 9222210847.640610848.6514
 14.503 -0.126-23.871-23.744-33.146-19.486  0.116  2.240-23.544
 -38.156 33.038 34.834  6.179 -1.675 12.043 -1.039 15.695  -0.35
 91244 83713 9222210847.640610848.6514
 13.957 -0.042-23.365-23.322-35.634-22.525 14.315 10.886-23.544
 -38.156 33.038 34.834  6.179 -1.675 12.043 -1.039 15.695  -0.35
 91244 83713 9222210847.640610848.6514
 14.488 -0.254-21.852-21.595-34.482-20.836  0.050  0.277-23.544
 -38.156 33.038 34.834  6.179 -1.675 12.043 -1.039 15.695  -0.35
 91244 83713 9222210847.640610848.6514
 13.864  0.102-21.492-21.595-33.852-20.836  0.050  0.277-23.544
 -38.156 33.038 34.834  6.179 -1.675 12.043 -1.039 15.695  -0.35
 91244 83713 9222210847.640610848.6514
 14.350  0.030-21.653-21.683-35.270-21.763  0.050  0.050-23.544
 -38.156 33.038 34.834  6.179 -1.675 12.043 -1.039 15.695  -0.35
 91244 83713 9222210847.640610848.6514
 13.749 -0.074-22.208-22.133-36.747-23.848  0.172  4.343-23.544
 -38.156 33.038 34.834  6.179 -1.675 12.043 -1.039 15.695  -0.35
 91244 83713 9222210847.640610848.6514
 13.756  0.183-24.569-24.754-39.165-26.259  3.190  1.349-23.544
 -38.156 33.038 34.834  6.179 -1.675 12.043 -1.039 15.695  -0.35
 91244 83713 9222210847.640610848.6514
 13.969 -0.157-25.674-25.516-42.953-29.831  2.660  0.346-23.544
 -38.156 33.038 34.834  6.179 -1.675 12.043 -1.039 15.695  -0.35
 91244 83713 9222210847.640610848.6514
 14.017 -0.283-23.853-23.567-43.702-30.531  0.640  0.171-23.544
 -38.156 33.038 34.834  6.179 -1.675 12.043 -1.039 15.695  -0.35
 91244 83713 9222210847.640610848.6514
 14.060  0.117-23.448-23.567-43.745-30.531  3.733  0.171-23.544
 -38.156 33.038 34.834  6.179 -1.675 12.043 -1.039 15.695  -0.35
 91344 8221210221310848.651410849.6240
 13.799 -0.159-23.374-23.219-23.254-10.794  5.961 16.382-23.189
 -23.291 34.834 44.749  4.504 -0.181 -1.039 -7.656 14.897   0.23
 91344 8221210221310848.651410849.6240
 13.646 -0.336-21.346-21.019-22.956-10.644  1.955  0.537-23.189
 -23.291 34.834 44.749  4.504 -0.181 -1.039 -7.656 14.897   0.23
 91344 8221210221310848.651410849.6240
 14.128 -0.449-21.079-20.643-23.378-10.598  0.103  0.050-23.189
 -23.291 34.834 44.749  4.504 -0.181 -1.039 -7.656 14.897   0.23
 91344 8221210221310848.651410849.6240
 13.603 -0.505-22.133-21.642-23.848-11.579  4.343  0.331-23.189
 -23.291 34.834 44.749  4.504 -0.181 -1.039 -7.656 14.897   0.23
 91344 8221210221310848.651410849.6240
 14.076 -0.147-23.380-23.237-30.714-17.985  2.100  0.494-23.189
 -23.291 34.834 44.749  4.504 -0.181 -1.039 -7.656 14.897   0.23
 91344 8221210221310848.651410849.6240
 13.888 -0.339-23.567-23.237-30.531-17.985  0.171  0.494-23.189
 -23.291 34.834 44.749  4.504 -0.181 -1.039 -7.656 14.897   0.23
 91344 8221210221310848.651410849.6240
 14.335 -0.437-23.692-23.267-31.190-18.209  0.903  0.687-23.189
 -23.291 34.834 44.749  4.504 -0.181 -1.039 -7.656 14.897   0.23
 91444 9 1 211131210849.624010850.6260
 13.311 -0.652-24.212-23.558 -6.627  5.726  0.327  0.335-23.413
  -9.764 44.749 37.539  4.323  0.225 -7.656-10.703 13.626  -0.30
 91444 9 1 211131210849.624010850.6260
 13.188 -0.363-23.754-23.391 -6.940  5.290 17.304  0.050-23.413
  -9.764 44.749 37.539  4.323  0.225 -7.656-10.703 13.626  -0.30
 91444 9 1 211131210849.624010850.6260
 13.169 -0.347-23.219-22.871-10.794  1.417 16.382 25.783-23.413
  -9.764 44.749 37.539  4.323  0.225 -7.656-10.703 13.626  -0.30
 91444 9 1 211131210849.624010850.6260
 13.828 -0.386-23.258-22.871-11.455  1.417  7.461 25.783-23.413
  -9.764 44.749 37.539  4.323  0.225 -7.656-10.703 13.626  -0.30
 91444 9 1 211131210849.624010850.6260
 13.337 -0.341-21.586-21.245-11.007  1.372  0.050  0.050-23.413
  -9.764 44.749 37.539  4.323  0.225 -7.656-10.703 13.626  -0.30
 91444 9 1 211131210849.624010850.6260
 13.925 -0.255-21.019-20.764-10.644  2.324  0.537  0.050-23.413
  -9.764 44.749 37.539  4.323  0.225 -7.656-10.703 13.626  -0.30
 91444 9 1 211131210849.624010850.6260
 13.907 -0.397-21.642-21.245-11.579  1.372  0.331  0.050-23.413
  -9.764 44.749 37.539  4.323  0.225 -7.656-10.703 13.626  -0.30
 91544 858 6 612 310850.626010851.6309
 13.627 -0.341-23.778-23.435  6.431 19.136 10.017  6.522-23.115
   2.906 37.539 31.507  4.548 -0.145-10.703 -9.293 13.554  -0.29
 91544 858 6 612 310850.626010851.6309
 13.632 -0.523-23.558-23.033  5.726 18.436  0.335  2.049-23.115
   2.906 37.539 31.507  4.548 -0.145-10.703 -9.293 13.554  -0.29
 91544 858 6 612 310850.626010851.6309
 14.127 -0.126-23.159-23.033  5.228 18.436  1.003  2.049-23.115
   2.906 37.539 31.507  4.548 -0.145-10.703 -9.293 13.554  -0.29
 91544 858 6 612 310850.626010851.6309
 14.065 -0.356-23.391-23.033  5.290 18.436  0.050  2.049-23.115
   2.906 37.539 31.507  4.548 -0.145-10.703 -9.293 13.554  -0.29
 91544 858 6 612 310850.626010851.6309
 13.759 -0.242-22.871-22.628  1.417 14.255 25.783 22.936-23.115
   2.906 37.539 31.507  4.548 -0.145-10.703 -9.293 13.554  -0.29
 91544 858 1 1 2 110850.626010851.6309
 13.975 -0.068-22.762-22.693 -5.235  7.820  0.050  2.009-23.015
  -5.067  5.088  2.009  0.300 -0.300-58.539  0.000 13.808  -0.32
 91544 858 1 1 2 110850.626010851.6309
 13.806 -0.323-23.018-22.693 -5.065  7.820  5.038  2.009-23.015
  -5.067  5.088  2.009  0.300 -0.300-58.539  0.000 13.808  -0.32
 91644 852 2 1 3 310851.630910852.6348
 13.436  0.101-23.435-23.536 19.136 31.640  6.522  8.786-22.821
  15.537 31.507 30.682  4.403 -0.091 -9.293 -7.833 13.725   0.29
 91644 852 2 1 3 310851.630910852.6348
 13.922  0.145-23.033-23.178 18.436 31.429  2.049  0.050-22.821
  15.537 31.507 30.682  4.403 -0.091 -9.293 -7.833 13.725   0.29
 91644 852 2 1 3 310851.630910852.6348
 13.670  0.318-22.628-22.947 14.255 26.995 22.936 21.846-22.821
  15.537 31.507 30.682  4.403 -0.091 -9.293 -7.833 13.725   0.29
 91644 852 0 0 1 110851.630910852.6348
 13.723  0.098-22.693-22.791  7.820 20.613  2.009  0.554-22.693
   7.820  2.009  0.554  0.000  0.000  0.000  0.000 13.723   0.10
 91744 845 2 1 3 310852.634810853.6387
 14.060  0.091-23.536-23.628 31.640 44.762  8.786  7.335-23.116
  28.332 30.682 24.316  4.312  0.282 -7.833 -6.659 13.900   0.14
 91744 845 2 1 3 310852.634810853.6387
 14.271  0.448-23.178-23.628 31.429 44.762  0.050  7.335-23.116
  28.332 30.682 24.316  4.312  0.282 -7.833 -6.659 13.900   0.14
 91744 845 2 1 3 310852.634810853.6387
 13.745  0.142-22.947-23.089 26.995 39.800 21.846 16.930-23.116
  28.332 30.682 24.316  4.312  0.282 -7.833 -6.659 13.900   0.14
 91844 841 1 2 3 310853.638710854.6318
 13.409  0.019-23.628-23.647 44.762 57.109  7.335  1.338-23.256
  41.294 24.316 13.389  4.593 -0.067 -6.659 -2.047 12.839  -0.10
 91844 841 1 2 3 310853.638710854.6318
 13.451  0.036-23.089-23.125 39.800 52.189 16.930 10.978-23.256
  41.294 24.316 13.389  4.593 -0.067 -6.659 -2.047 12.839  -0.10
 92244 730 2 4 61110857.687510858.6602
 14.131 -0.164-22.366-22.206-15.121 -2.339  7.802  2.590-22.526
 -16.131 22.823 29.611  1.437  6.260 10.355  6.882 13.879   0.02
 92244 730 2 4 61110857.687510858.6602
 14.325  0.052-22.084-22.135-15.758 -2.787  0.212  0.244-22.526
 -16.131 22.823 29.611  1.437  6.260 10.355  6.882 13.879   0.02
 92244 730 2 4 61110857.687510858.6602
 13.498 -0.242-22.182-21.947-16.489 -4.323  5.749  0.904-22.526
 -16.131 22.823 29.611  1.437  6.260 10.355  6.882 13.879   0.02
 92244 730 2 4 61110857.687510858.6602
 13.962 -0.237-23.909-23.678-19.959 -7.341  0.555  0.975-22.526
 -16.131 22.823 29.611  1.437  6.260 10.355  6.882 13.879   0.02
 92244 730 2 4 61110857.687510858.6602
 14.480 -0.374-24.042-23.678-20.462 -7.341  0.050  0.975-22.526
 -16.131 22.823 29.611  1.437  6.260 10.355  6.882 13.879   0.02
 92344 8 9 5 611 610858.660210859.6982
 15.644 -0.879-22.206-21.294 -2.339 12.881  2.590  1.191-22.544
  -3.594 29.611 12.355  7.697 -6.393  6.882 33.124 16.327  -0.88
 92344 8 9 5 611 610858.660210859.6982
 15.695 -0.864-22.135-21.238 -2.787 12.485  0.244  1.222-22.544
  -3.594 29.611 12.355  7.697 -6.393  6.882 33.124 16.327  -0.88
 92444 715 4 2 61010859.698210860.6182
 13.273  0.495-21.294-21.749 12.881 24.188  1.191  0.050-21.634
  12.335 12.355 25.739  1.303  1.537 33.124 23.457 13.433   0.11
 92444 715 4 2 61010859.698210860.6182
 13.405  0.762-21.048-21.749 12.760 24.188  2.338  0.050-21.634
  12.335 12.355 25.739  1.303  1.537 33.124 23.457 13.433   0.11
 92444 715 4 2 61010859.698210860.6182
 13.704  0.556-21.238-21.749 12.485 24.188  1.222  0.050-21.634
  12.335 12.355 25.739  1.303  1.537 33.124 23.457 13.433   0.11
 92444 715 4 2 61010859.698210860.6182
 13.402  0.379-21.791-22.139 12.459 23.885  4.955  0.814-21.634
  12.335 12.355 25.739  1.303  1.537 33.124 23.457 13.433   0.11
 92444 715 4 2 61010859.698210860.6182
 13.683  0.489-22.192-22.642 11.433 23.117  2.598  6.867-21.634
  12.335 12.355 25.739  1.303  1.537 33.124 23.457 13.433   0.11
 92544 9 9 3 7101410860.618210861.6123
 13.225 -0.447-22.139-21.695 23.885 36.057  0.814  4.019-21.736
  23.789 25.739 45.436  2.840  2.378 23.457 12.504 11.769   0.08
 92544 9 9 3 7101410860.618210861.6123
 12.920 -0.055-21.749-21.695 24.188 36.057  0.050  4.019-21.736
  23.789 25.739 45.436  2.840  2.378 23.457 12.504 11.769   0.08
 92544 9 9 3 7101410860.618210861.6123
 13.319 -0.184-21.294-21.111 24.828 37.095 15.780  5.086-21.736
  23.789 25.739 45.436  2.840  2.378 23.457 12.504 11.769   0.08
 92544 9 9 3 7101410860.618210861.6123
 13.286 -0.372-24.368-23.998 14.225 26.459  0.520  5.758-21.736
  23.789 25.739 45.436  2.840  2.378 23.457 12.504 11.769   0.08
 92644 918 7 714 410861.612310862.6289
 13.032 -0.229-21.250-21.018 37.484 49.732 12.002 19.541-21.817
  34.513 45.436 27.190  5.218 -3.823 12.504 18.763 15.562  -0.66
 92644 918 7 714 410861.612310862.6289
 13.415 -0.092-21.111-21.018 37.095 49.732  5.086 19.541-21.817
  34.513 45.436 27.190  5.218 -3.823 12.504 18.763 15.562  -0.66
 92644 918 7 714 410861.612310862.6289
 13.628 -0.351-21.695-21.338 36.057 48.912  4.019  6.363-21.817
  34.513 45.436 27.190  5.218 -3.823 12.504 18.763 15.562  -0.66
 92644 918 7 714 410861.612310862.6289
 13.898  0.062-21.275-21.338 35.783 48.912  0.253  6.363-21.817
  34.513 45.436 27.190  5.218 -3.823 12.504 18.763 15.562  -0.66
10 144 841 2 4 61010866.638710867.6377
 12.437 -0.187 21.350 21.163 28.050 39.494  0.050  0.292 21.377
  28.235 40.399 43.804  6.140 -1.145 34.673 18.631 13.900   0.65
10 144 841 2 4 61010866.638710867.6377
 13.045 -0.576 22.630 22.055 27.894 39.945  0.050  4.077 21.377
  28.235 40.399 43.804  6.140 -1.145 34.673 18.631 13.900   0.65
10 144 841 2 4 61010866.638710867.6377
 13.258 -0.339 24.481 24.143 23.382 35.646  4.911  0.232 21.377
  28.235 40.399 43.804  6.140 -1.145 34.673 18.631 13.900   0.65
10 144 841 0 0 1 310866.638710867.6377
 13.674 -1.181-24.164-22.983-47.986-35.306  0.291  8.864-24.164
 -47.986  0.291  9.150  0.000  2.259  0.000 -4.502 13.600  -1.19
10 244 841 2 1 3 510867.637710868.6514
 11.822  0.225-23.308-23.536-34.742-23.755  0.009  0.202-22.978
 -35.379  9.150  5.797  2.259  1.962 -4.502 10.303 11.402   0.67
10 244 841 2 1 3 510867.637710868.6514
 12.378  0.545-22.983-23.536-35.306-23.755  8.864  0.202-22.978
 -35.379  9.150  5.797  2.259  1.962 -4.502 10.303 11.402   0.67
10 244 841 0 0 1 110867.637710868.6514
 13.624 -0.077-30.000-29.922-55.331-42.516  1.646  8.120-30.000
 -55.331  1.646  8.120  0.000  0.000  0.000  0.000 13.624  -0.08
10 244 841 2 8101210867.637710868.6514
 13.235 -0.507 25.065 24.552 36.151 48.570  4.840  0.796 22.026
  41.141 43.804 24.471  4.995  1.855 18.631 12.986 13.037  -0.49
10 244 841 2 8101210867.637710868.6514
 13.331 -0.836 24.143 23.295 35.646 48.163  0.232  0.104 22.026
  41.141 43.804 24.471  4.995  1.855 18.631 12.986 13.037  -0.49
10 244 841 2 8101210867.637710868.6514
 13.291 -0.653 22.382 21.719 36.911 49.387  3.190  0.838 22.026
  41.141 43.804 24.471  4.995  1.855 18.631 12.986 13.037  -0.49
10 244 841 2 8101210867.637710868.6514
 13.795 -0.436 22.307 21.865 40.174 53.162  2.286  0.050 22.026
  41.141 43.804 24.471  4.995  1.855 18.631 12.986 13.037  -0.49
10 244 841 2 8101210867.637710868.6514
 14.110 -0.463 21.739 21.269 42.991 56.299 16.028  3.160 22.026
  41.141 43.804 24.471  4.995  1.855 18.631 12.986 13.037  -0.49
10 344 822 0 0 1 110868.651410869.6670
 12.746  0.267-29.922-30.193-42.516-30.576  8.120 11.694-29.922
 -42.516  8.120 11.694  0.000  0.000  0.000  0.000 12.746   0.27
10 444 8 0 0 0 1 110869.667010870.6504
 14.150 -0.092-30.193-30.102-30.576-17.623 11.694 12.573-30.193
 -30.576 11.694 12.573  0.000  0.000  0.000  0.000 14.150  -0.09
10 544 822 0 0 1 110870.650410871.6445
 13.775 -0.398-30.102-29.707-17.623 -4.913 12.573  5.348-30.102
 -17.623 12.573  5.348  0.000  0.000  0.000  0.000 13.775  -0.40
10 644 831 0 0 1 110871.644510872.7207
 13.873  0.013-29.707-29.721 -4.913  8.959  5.348  7.903-29.707
  -4.913  5.348  7.903  0.000  0.000  0.000  0.000 13.873   0.01
10 744 641 0 0 1 210872.720710873.6416
 13.363 -0.284-29.721-29.459  8.959 20.357  7.903  7.819-29.721
   8.959  7.903  9.888  0.000  0.327  0.000-62.736 13.402  -0.22
10 844 835 1 1 2 110873.641610874.6445
 13.700 -0.649-29.750-29.099 20.529 33.278  2.069  0.137-29.520
  20.393  9.888  0.137  0.327 -0.327-62.736  0.000 13.835  -0.42
10 844 835 1 1 2 110873.641610874.6445
 13.871 -0.359-29.459-29.099 20.357 33.278  7.819  0.137-29.520
  20.393  9.888  0.137  0.327 -0.327-62.736  0.000 13.835  -0.42
10 944 831 0 0 1 110874.644510875.6758
 13.107  0.151-29.099-29.255 33.278 45.778  0.137 12.589-29.099
  33.278  0.137 12.589  0.000  0.000  0.000  0.000 13.107   0.15
101044 746 0 0 1 110875.675810876.6553
 12.601 -0.338-29.255-28.924 45.778 57.159 12.589  2.898-29.255
  45.778 12.589  2.898  0.000  0.000  0.000  0.000 12.601  -0.34
101644 833 2 5 7 410881.642610882.6602
 13.878 -0.165 19.566 19.398-24.448-11.342  0.030  0.348 19.473
 -22.075 13.800  4.066  1.205  2.392-13.284 -6.969 13.856  -0.54
101644 833 2 5 7 410881.642610882.6602
 14.153 -0.111 19.511 19.398-24.728-11.342  0.803  0.348 19.473
 -22.075 13.800  4.066  1.205  2.392-13.284 -6.969 13.856  -0.54
101644 833 2 5 7 410881.642610882.6602
 14.799 -0.100 19.114 19.012-22.299 -8.255  1.536  3.274 19.473
 -22.075 13.800  4.066  1.205  2.392-13.284 -6.969 13.856  -0.54
101644 833 2 5 7 410881.642610882.6602
 14.232 -0.239 19.255 19.012-21.722 -8.255  1.849  3.274 19.473
 -22.075 13.800  4.066  1.205  2.392-13.284 -6.969 13.856  -0.54
101744 8 9 0 0 1 110882.660210883.6982
 14.530  0.213-22.352-22.573-50.482-36.421 29.083 21.932-22.352
 -50.482 29.083 21.932  0.000  0.000  0.000  0.000 14.530   0.21
101844 715 0 0 1 110883.698210884.6836
 14.047 -0.448-22.573-22.132-36.421-23.542 21.932 13.142-22.573
 -36.421 21.932 13.142  0.000  0.000  0.000  0.000 14.047  -0.45
101944 734 0 0 1 710884.683610885.6709
 13.117  0.269-22.132-22.397-23.542-11.571 13.142 14.521-22.132
 -23.542 13.142 28.217  0.000  3.159  0.000 -7.089 14.758   0.55
102044 753 5 2 7 810885.670910886.7402
 13.815 -0.328-22.899-22.548 -7.797  5.922  5.524  5.293-22.675
  -9.952 28.217 36.895  3.159  0.196 -7.089 -4.081 13.195  -0.14
102044 753 5 2 7 810885.670910886.7402
 13.807 -0.348-22.427-22.054 -8.371  5.340  5.724  1.223-22.675
  -9.952 28.217 36.895  3.159  0.196 -7.089 -4.081 13.195  -0.14
102044 753 5 2 7 810885.670910886.7402
 13.715 -0.352-25.294-24.918-10.678  2.934  0.495  3.894-22.675
  -9.952 28.217 36.895  3.159  0.196 -7.089 -4.081 13.195  -0.14
102044 753 5 2 7 810885.670910886.7402
 13.709 -0.323-22.397-22.051-11.571  2.035 14.521 23.419-22.675
  -9.952 28.217 36.895  3.159  0.196 -7.089 -4.081 13.195  -0.14
102144 614 6 2 8 710886.740210887.6719
 13.966  0.239-22.600-22.822  6.795 18.883  1.626  9.059-22.522
   3.104 36.895 34.497  3.355  1.042 -4.081 -8.096 15.581   0.23
102144 614 6 2 8 710886.740210887.6719
 14.478  0.242-22.597-22.822  6.319 18.883  0.050  9.059-22.522
   3.104 36.895 34.497  3.355  1.042 -4.081 -8.096 15.581   0.23
102144 614 6 2 8 710886.740210887.6719
 13.904 -0.070-22.472-22.406  5.427 17.457  0.050  0.492-22.522
   3.104 36.895 34.497  3.355  1.042 -4.081 -8.096 15.581   0.23
102144 614 6 2 8 710886.740210887.6719
 13.907  0.274-22.051-22.306  2.035 14.067 23.419 14.965-22.522
   3.104 36.895 34.497  3.355  1.042 -4.081 -8.096 15.581   0.23
102144 614 6 2 8 710886.740210887.6719
 13.655  0.096-24.918-25.007  2.934 14.732  3.894  0.457-22.522
   3.104 36.895 34.497  3.355  1.042 -4.081 -8.096 15.581   0.23
103144 731 0 0 1 710896.686510897.6611
 14.117  0.229 -4.382 -4.605-49.013-36.210  1.580  5.349 -4.382
 -49.013  1.580 10.136  0.000  5.128  0.000-15.071 16.316   0.85
11 144 8 7 4 3 7 710897.661110898.6602
 14.425  0.751 -5.979 -6.729-29.899-16.479  0.222  0.050 -5.207
 -34.066 10.136  1.614  5.128 -0.651-15.071-17.614 16.668   1.12
11 144 8 7 4 3 7 710897.661110898.6602
 14.707  0.627 -5.825 -6.451-30.378-16.676  1.180  0.172 -5.207
 -34.066 10.136  1.614  5.128 -0.651-15.071-17.614 16.668   1.12
11 144 8 7 4 3 7 710897.661110898.6602
 14.429  0.774 -6.308 -7.081-30.602-17.179  1.599  0.742 -5.207
 -34.066 10.136  1.614  5.128 -0.651-15.071-17.614 16.668   1.12
11 144 8 7 4 3 7 710897.661110898.6602
 15.040  0.551 -5.759 -6.309-32.856-18.822  1.062  0.120 -5.207
 -34.066 10.136  1.614  5.128 -0.651-15.071-17.614 16.668   1.12
11 244 8 9 4 3 7 310898.660210899.6484
 14.831  0.422 -6.451 -6.868-16.676 -2.985  0.172  0.087 -6.329
 -18.407  1.614  0.244  4.477 -1.328-17.614 38.116 15.901   0.71
11 244 8 9 4 3 7 310898.660210899.6484
 14.632  0.140 -6.729 -6.868-16.479 -2.985  0.050  0.087 -6.329
 -18.407  1.614  0.244  4.477 -1.328-17.614 38.116 15.901   0.71
112044 730 0 0 1 210916.687510917.7676
 14.492 -0.380 21.208 20.797-19.149 -4.563 35.510 36.885 21.208
 -19.149 35.510 41.371  0.000  0.849  0.000 49.651 14.433  -0.32
112144 534 1 1 2 110917.767610918.6572
 12.523 -0.388 20.797 20.452 -4.563  5.709 36.885 42.579 20.867
  -4.627 41.371 42.579  0.849 -0.849 49.651  0.000 12.595  -0.47
112244 812 0 0 1 110918.657210919.6611
 14.006 -0.174 20.452 20.277  5.709 18.776 42.579 46.113 20.452
   5.709 42.579 46.113  0.000  0.000  0.000  0.000 14.006  -0.17
112244 812 0 0 1 410918.657210919.6611
 14.078  0.413-19.532-19.946-24.961-11.821  0.050  0.489-19.532
 -24.961  0.050  2.468  0.000  4.499  0.000  4.123 14.193   0.31
112344 8 7 1 3 4 110919.661110920.6885
 14.406 -0.706-19.946-19.221-11.821  1.973  0.489  5.956-19.843
 -11.706  2.468  5.956  4.499 -4.499  4.123  0.000 14.293  -0.61
112344 8 7 1 3 4 110919.661110920.6885
 14.858 -0.591-19.828-19.221-12.286  1.973  1.645  5.956-19.843
 -11.706  2.468  5.956  4.499 -4.499  4.123  0.000 14.293  -0.61
112344 8 7 0 0 1 110919.661110920.6885
 14.140  0.533 20.277 20.825 18.776 32.297 46.113 12.985 20.277
  18.776 46.113 12.985  0.000  0.000  0.000  0.000 14.140   0.53
112444 727 0 0 1 210920.688510921.6650
 14.789 -1.465 20.825 19.395 32.297 45.766 12.985 21.894 20.825
  32.297 12.985 48.464  0.000  0.893  0.000 60.006 14.522  -1.03
112444 727 0 0 1 210920.688510921.6650
 15.306  0.713-19.221-19.916  1.973 15.947  5.956  2.681-19.221
   1.973  5.956  2.731  0.000  1.786  0.000 12.796 15.272   0.72
112544 8 3 1 1 2 210921.665010922.7246
 13.211  0.504 20.169 20.704 45.291 58.256 26.569  1.010 19.819
  45.505 48.464 18.374  0.893 -0.023 60.006 37.596 13.664   0.36
112544 8 3 1 1 2 210921.665010922.7246
 13.456  0.733 19.395 20.173 45.766 58.991 21.894 17.364 19.819
  45.505 48.464 18.374  0.893 -0.023 60.006 37.596 13.664   0.36
112744 724 1 2 3 310923.691410924.6592
 15.298 -0.447 19.076 18.643 -8.245  5.612  1.031  9.023 19.004
  -8.709  2.615  9.539  0.733  3.293 -9.212-11.422 15.545  -0.42
112744 724 1 2 3 310923.691410924.6592
 15.031 -0.532 18.960 18.445 -8.914  4.684  1.534  0.050 19.004
  -8.709  2.615  9.539  0.733  3.293 -9.212-11.422 15.545  -0.42
12 744 734 2 2 4 210933.683610934.7139
 14.536 -0.260 23.206 22.938-12.540  1.418  2.417  1.623 23.285
 -13.468  5.249  1.673  2.302 -1.887  0.132 58.456 15.430  -0.33
12 744 734 2 2 4 210933.683610934.7139
 14.482 -0.544 23.498 22.938-12.485  1.418  0.858  1.623 23.285
 -13.468  5.249  1.673  2.302 -1.887  0.132 58.456 15.430  -0.33
12 844 652 1 1 2 610934.713910935.7314
 13.566  1.140 22.938 24.098  1.418 14.220  1.623  2.126 22.949
   1.411  1.673 15.193  0.414  2.852 58.456 32.007 13.456   1.02
12 844 652 1 1 2 610934.713910935.7314
 13.798  0.793 23.291 24.098  1.183 14.220  0.050  2.126 22.949
   1.411  1.673 15.193  0.414  2.852 58.456 32.007 13.456   1.02
12 944 626 2 4 6 610935.731410936.6758
 13.382  0.044 24.774 24.815 10.896 22.607  1.042  8.578 23.991
  14.101 15.193 14.639  3.266  1.530 32.007 11.393 12.243   0.47
12 944 626 2 4 6 610935.731410936.6758
 13.040 -0.205 25.009 24.815 11.220 22.607  0.145  8.578 23.991
  14.101 15.193 14.639  3.266  1.530 32.007 11.393 12.243   0.47
12 944 626 2 4 6 610935.731410936.6758
 12.925  0.253 25.171 25.410 12.797 24.076  4.303  0.050 23.991
  14.101 15.193 14.639  3.266  1.530 32.007 11.393 12.243   0.47
12 944 626 2 4 6 610935.731410936.6758
 13.881 -0.145 23.080 22.944 15.603 27.785  7.130  1.310 23.991
  14.101 15.193 14.639  3.266  1.530 32.007 11.393 12.243   0.47
121044 746 9 6151210936.675810937.8955
 13.796 -0.079-21.794-21.697-45.942-30.308 18.242 16.072-21.451
 -48.444 66.402 63.045  3.770 -0.106 -5.266  5.003 14.444  -0.14
121044 746 9 6151210936.675810937.8955
 13.864  0.120-21.123-21.269-44.854-29.137  3.472  1.649-21.451
 -48.444 66.402 63.045  3.770 -0.106 -5.266  5.003 14.444  -0.14
121044 746 9 6151210936.675810937.8955
 13.888 -0.196-21.359-21.121-43.874-28.127  0.050  5.389-21.451
 -48.444 66.402 63.045  3.770 -0.106 -5.266  5.003 14.444  -0.14
121044 746 9 6151210936.675810937.8955
 13.231 -0.215-22.352-22.090-46.861-31.916  0.704  2.250-21.451
 -48.444 66.402 63.045  3.770 -0.106 -5.266  5.003 14.444  -0.14
121044 746 9 6151210936.675810937.8955
 13.607  0.116-21.948-22.090-47.320-31.916  0.968  2.250-21.451
 -48.444 66.402 63.045  3.770 -0.106 -5.266  5.003 14.444  -0.14
121044 746 9 6151210936.675810937.8955
 13.393 -0.074-20.608-20.517-47.008-31.865  0.050 15.875-21.451
 -48.444 66.402 63.045  3.770 -0.106 -5.266  5.003 14.444  -0.14
121044 746 9 6151210936.675810937.8955
 13.702  0.156-21.630-21.820-49.440-33.921 31.306  3.440-21.451
 -48.444 66.402 63.045  3.770 -0.106 -5.266  5.003 14.444  -0.14
121044 746 9 6151210936.675810937.8955
 13.381  0.158-21.061-21.254-50.762-35.633  5.787  1.647-21.451
 -48.444 66.402 63.045  3.770 -0.106 -5.266  5.003 14.444  -0.14
121044 746 9 6151210936.675810937.8955
 13.568  0.077-21.481-21.574-54.084-38.728  0.536  0.237-21.451
 -48.444 66.402 63.045  3.770 -0.106 -5.266  5.003 14.444  -0.14
121144 230 5 7121310937.895510938.6572
 12.884 -0.516-21.121-20.727-28.127-19.060  5.389  3.063-21.282
 -32.019 63.045 80.299  3.665  0.227  5.003 -0.934 13.208  -0.40
121144 230 5 7121310937.895510938.6572
 13.664 -0.637-21.697-21.212-30.308-20.647 16.072 23.069-21.282
 -32.019 63.045 80.299  3.665  0.227  5.003 -0.934 13.208  -0.40
121144 230 5 7121310937.895510938.6572
 13.206 -0.367-22.090-21.811-31.916-22.604  2.250  1.293-21.282
 -32.019 63.045 80.299  3.665  0.227  5.003 -0.934 13.208  -0.40
121144 230 5 7121310937.895510938.6572
 13.093 -0.509-20.517-20.130-31.865-22.639 15.875 11.595-21.282
 -32.019 63.045 80.299  3.665  0.227  5.003 -0.934 13.208  -0.40
121144 230 5 7121310937.895510938.6572
 13.321 -0.489-21.820-21.448-33.921-24.521  3.440 11.632-21.282
 -32.019 63.045 80.299  3.665  0.227  5.003 -0.934 13.208  -0.40
121144 230 5 7121310937.895510938.6572
 13.264 -0.642-21.655-21.166-34.674-25.318 13.932  8.977-21.282
 -32.019 63.045 80.299  3.665  0.227  5.003 -0.934 13.208  -0.40
121144 230 5 7121310937.895510938.6572
 13.057 -0.533-21.254-20.848-35.633-26.434  1.647  0.699-21.282
 -32.019 63.045 80.299  3.665  0.227  5.003 -0.934 13.208  -0.40
121144 230 0 0 1 110937.895510938.6572
 12.578 -0.532 22.354 21.949 45.457 54.291 16.489  5.176 22.354
  45.457 16.489  5.176  0.000  0.000  0.000  0.000 12.578  -0.53
121244 812 8 5131710938.657210939.6504
 14.265  0.115-21.673-21.788-21.416 -8.225  0.178  4.504-20.980
 -22.705 80.299 46.759  3.892 -0.456 -0.934 -4.549 13.082   0.57
121244 812 8 5131710938.657210939.6504
 14.611 -0.025-21.602-21.577-22.159 -8.624 11.082  0.460-20.980
 -22.705 80.299 46.759  3.892 -0.456 -0.934 -4.549 13.082   0.57
121244 812 8 5131710938.657210939.6504
 14.200  0.316-20.130-20.444-22.639 -9.512 11.595  0.050-20.980
 -22.705 80.299 46.759  3.892 -0.456 -0.934 -4.549 13.082   0.57
121244 812 8 5131710938.657210939.6504
 13.876  0.194-21.448-21.640-24.521-11.716 11.632 11.061-20.980
 -22.705 80.299 46.759  3.892 -0.456 -0.934 -4.549 13.082   0.57
121244 812 8 5131710938.657210939.6504
 14.272 -0.172-20.848-20.677-26.434-13.236  0.699  0.401-20.980
 -22.705 80.299 46.759  3.892 -0.456 -0.934 -4.549 13.082   0.57
121244 812 0 0 1 210938.657210939.6504
 14.866  0.448-23.792-24.236-36.796-23.008  3.362  2.588-23.792
 -36.796  3.362  2.638  0.000  1.015  0.000-45.044 14.881   0.46
122844 752 1 1 2 210954.671910955.8965
 14.108 -0.919 26.122 24.997 22.395 38.467  4.529  1.442 25.968
  22.303  5.213  9.331  1.335 41.603-61.863-36.049 12.488  -0.06
