 1 645 753 1 1 2 310963.671910964.6709
 14.210 -0.445 18.410-57.136-43.914  5.183  1.437-61.981  0.038
 -57.129-57.771 18.421 17.277  5.133  0.050-43.848-44.023 -20.82
 1 745 753 1 1 2 610964.670910965.6768
 14.620  0.083-19.880-32.204-18.478  1.336  8.412  0.447  0.341
 -32.152-33.557-19.880-19.890  1.286  0.050-18.121-19.590 -34.32
 1 845 745 3 3 6 410965.676810966.6758
 13.169 -0.234-19.963-18.478 -6.305  8.412  1.116-33.872  0.944
 -18.121-19.590-20.189-19.262  6.364  2.048 -4.998 -7.592  13.38
 1 845 745 1 1 2 210965.676810966.6758
 14.208  0.292-23.170-50.185-36.974  7.689 12.011 30.660 -2.085
 -47.719-50.201-21.826-23.179  0.050  7.639-36.938-37.305 -84.35
 1 945 746 1 1 2 210966.675810967.9092
 14.200  0.278-23.462-36.974-20.668 12.011 11.712-53.687  0.946
 -36.938-37.305-23.507-23.049 10.823  1.188-19.947-20.786 113.22
 11045 210 1 1 2 310967.909210968.6563
 13.546  0.322-23.805-20.668-11.278 11.712 19.790 59.529  0.033
 -19.947-20.786-22.683-23.988  1.643 10.069 -9.759-11.403 -45.42
 11145 815 1 1 2 410968.656310969.6592
 14.567 -0.522-25.775-19.161 -5.535  0.745 13.637 24.580  4.474
 -18.837-20.979-25.641-26.523  0.632  0.113 -1.810 -8.798  -8.02
 11245 811 0 0 1 110969.659210970.6553
 15.037 -0.853 22.425-56.649-42.641 16.595 21.681  0.000  0.000
   0.000  0.000  0.000  0.000  0.000  0.000  0.000  0.000   0.00
 11345 815 0 0 1 110970.655310971.6621
 14.294  0.346 21.575-42.641-29.243 21.681  9.334  0.000  0.000
   0.000  0.000  0.000  0.000  0.000  0.000  0.000  0.000   0.00
 11445 8 7 2 2 4 110971.662110972.6934
 13.939  0.053-23.873 27.631 40.996  5.955  3.756 44.208 -0.756
  27.701 27.109-23.811-24.338  5.253  0.702  0.000  0.000   0.00
 11445 8 7 0 0 1 110971.662110972.6934
 14.582 -0.405 21.923-29.243-15.214  9.334  5.426  0.000  0.000
   0.000  0.000  0.000  0.000  0.000  0.000  0.000  0.000   0.00
 11545 722 0 0 1 110972.693410973.6572
 13.849  0.083 21.505-15.214 -2.800  5.426  8.645  0.000  0.000
   0.000  0.000  0.000  0.000  0.000  0.000  0.000  0.000   0.00
 12045 8 7 2 0 2 110977.662110978.7021
 15.417 -0.870 24.806-44.995-29.975 17.022  1.180-41.335-36.899
 -30.522  0.000 24.371  0.000  4.220  1.000  0.000  0.000   0.00
 12045 8 7 0 0 1 110977.662110978.7021
 16.393 -0.417 22.645-32.205-16.170  0.050  1.044  0.000  0.000
   0.000  0.000  0.000  0.000  0.000  0.000  0.000  0.000   0.00
 12945 024 1 4 5 610986.982410987.7324
 13.721 -1.703 -8.153 50.164 59.720 13.155  7.330-20.934 -1.039
  50.265 48.691 -8.192 -7.596 12.309  0.846 60.044 59.622 -27.24
 2 545 8 4 0 0 1 110993.663110994.6582
 14.821  0.006-16.845 11.016 24.791  3.258  0.289  0.000  0.000
   0.000  0.000  0.000  0.000  0.000  0.000  0.000  0.000   0.00
 2 545 8 4 0 0 1 210993.663110994.6582
 14.593  0.545-21.529-27.467-13.920  2.323  0.891  0.000  0.000
   0.000  0.000  0.000  0.000  0.000  0.000  0.000-14.017   0.00
 2 645 811 1 1 2 210994.658210995.6670
 13.803 -0.289-22.071-13.920 -0.980  0.891  0.448-39.058 -1.887
 -12.282-14.017-23.303-21.998  0.050  0.841 -0.885 -1.018  86.86
 2 745 759 1 1 2 110995.667010996.6563
 13.626 -0.198-21.779 -0.980 11.525  0.448  3.906 47.801 -0.184
  -0.885 -1.018-21.681-21.818  0.127  0.321  0.000  0.000   0.00
 3 645 710 0 0 1 211022.701211023.6611
 13.883 -2.705-15.676-28.155-15.765  1.378 35.010  0.000  0.000
   0.000  0.000  0.000  0.000  0.000  0.000  0.000-16.182   0.00
 3 745 8 7 1 1 2 211023.661111024.6602
 13.777  0.696-13.078-15.765 -2.979 35.010 19.430 66.471 -0.170
 -15.765-16.182-13.077-14.012 34.960  0.050 -2.978 -2.998  22.18
 3 845 8 8 1 1 21011024.660211025.6533
 13.861  0.169-13.774 -2.979  9.810 19.430 25.303 88.655  4.621
  -2.978 -2.998-13.730-14.579 18.429  1.002 10.094  5.481 -53.59
 3 945 818 3 1 4 511025.653311026.6592
 14.350  0.175-19.222 17.967 31.409  4.131  2.006 65.958  2.834
  18.099 17.890-18.944-19.386  1.536  2.595 32.303 28.944 -83.26
 3 945 818 4 610 511025.653311026.6592
 13.736 -0.114-13.942  9.810 22.635 25.303 19.013 35.065 -4.351
  10.094  5.481-13.748-16.891 23.746  1.557 23.149 22.537  22.87
 31045 811 3 2 5 311026.659211027.6680
 14.162 -0.077-19.398 31.409 44.708  2.006  2.818-17.306  0.745
  32.303 28.944-19.661-18.674  1.472  0.534 45.602 41.624  -5.16
 31045 811 3 2 5 511026.659211027.6680
 13.695 -0.063-13.828 22.635 35.462 19.013 21.792 57.938 -0.287
  23.149 22.537-13.031-13.979  3.043 15.969 35.819 35.320  -3.62
 31145 757 1 2 3 211027.668011028.6650
 15.340  0.573-19.321 44.708 59.025  2.818  0.883-22.465 -3.715
  45.602 41.624-19.670-18.117  2.185  0.633 59.095 58.926 -40.32
 31145 757 2 3 5 411027.668011028.6650
 14.285  0.644-13.764 35.462 48.726 21.792 16.564 54.317  0.429
  35.819 35.320-13.281-13.956  6.218 15.574 49.302 48.321 -13.17
 32545 530 3 4 7 511041.770511042.6865
 12.890 -0.629-30.161-31.906-21.001 36.386 40.260 17.533 -2.249
 -31.369-36.799-30.015-31.498 32.788  3.598-20.622-23.683 -11.96
 32645 730 1 4 5 511042.686511043.6650
 13.375  0.792-29.585-21.001 -8.878 40.260 48.097  5.575  1.021
 -20.622-23.683-29.553-29.812 35.278  4.982 -8.517-12.537  14.60
 32745 8 1 1 4 5 811043.665011044.6650
 13.977 -0.441-30.359 -8.878  4.115 48.097 61.174 20.178 -0.738
  -8.517-12.537-30.245-31.520 43.785  4.311  4.284  0.895 -26.78
 32745 8 1 1 2 3 811043.665011044.6650
 14.584 -0.322-20.858-58.861-45.261  9.580 40.855-32.854  3.662
 -58.272-59.297-21.214-20.595  4.077  5.503-44.259-49.087  13.18
 32845 8 1 1 7 8 611044.665011045.6719
 13.953  0.207-29.919  4.115 17.164 61.174 42.588 -6.598 -2.062
   4.284  0.895-29.936-29.596 58.115  3.059 17.432 16.507  33.22
 32845 8 1 2 6 81311044.665011045.6719
 11.860  0.568-20.536-45.261-34.318 40.855 57.257-19.673  0.227
 -44.259-49.087-20.872-19.255 32.376  8.479-31.217-36.417   4.41
 32945 753 2 4 61111045.671911046.9951
 13.058  0.119-30.127 17.164 33.144 42.588 79.566 26.623  1.996
  17.432 16.507-30.011-30.412 30.270 12.317 33.613 30.265 -25.85
 32945 753 6 7131611045.671911046.9951
 14.273  0.050-21.108-34.318-16.729 57.257 51.511-15.258  1.829
 -31.217-36.417-21.897-20.574 23.112 34.144-13.636-20.895   6.01
 32945 753 0 0 1 211045.671911046.9951
 14.236  0.139 32.435-51.329-33.790  6.592  1.339  0.000  0.000
   0.000  0.000  0.000  0.000  0.000  0.000  0.000-33.826   0.00
 4 145 94113 619 811048.596711049.6768
 14.520  0.036-20.929  2.884 17.509 75.837 48.129 -9.234  0.423
   6.564 -0.725-21.488-20.381 37.547 38.290 20.837 13.074   1.26
 4 145 941 0 0 1 311048.596711049.6768
 14.841 -0.227 32.827-14.182  0.789  2.736  0.395  0.000  0.000
   0.000  0.000  0.000  0.000  0.000  0.000  0.000 -1.471   0.00
 4 245 745 5 3 8 911049.676811050.6582
 14.406  1.309-20.968 17.509 30.678 48.129 54.687 -7.978  0.077
  20.837 13.074-21.404-20.388 27.492 20.637 33.193 25.306  -1.30
 4 245 745 2 1 3 111049.676811050.6582
 15.196 -1.194 32.582  0.789 14.733  0.395  0.050 19.072 -2.308
   1.117 -1.471 32.487 33.241  0.345  0.050  0.000  0.000   0.00
 4 345 811 4 5 91111050.658211051.5928
 15.277 -0.762-22.253 30.678 44.036 54.687 49.929 -9.277 -0.120
  33.193 25.306-22.633-21.441 37.248 17.440 46.039 38.349  -1.27
 4 345 811 0 0 1 211050.658211051.5928
 11.373  0.980 31.411 14.733 24.443  0.050  1.294  0.000  0.000
   0.000  0.000  0.000  0.000  0.000  0.000  0.000 24.418   0.00
 4 445 945 1 1 2 211051.592811052.6289
 13.544  0.106-27.836-47.932-34.920  6.807  4.489 26.547 -0.067
 -47.336-48.040-27.573-27.884  1.046  5.762-34.418-34.992   9.73
 4 545 853 1 1 2 211052.628911053.6074
 14.218 -0.642-27.946-34.920-21.981  4.489  8.167 36.279 -0.329
 -34.418-34.992-27.621-27.993  0.564  3.925-21.887-22.224 -33.59
 4 645 926 1 1 2 211053.607411054.6113
 13.432  0.419-27.318-21.981 -9.474  8.167  3.603  2.686  0.084
 -21.887-22.224-27.314-27.328  5.890  2.277 -9.343 -9.729 -29.88
 4 745 918 1 1 2 211054.611311055.6289
 12.966  0.117-27.739 -9.474  2.714  3.603  8.855-27.197  0.065
  -9.343 -9.729-27.799-27.623  2.383  1.220  2.846  2.344  18.37
 4 845 853 1 1 2 211055.628911056.6533
 14.475 -0.529-27.859  2.714 16.531  8.855  4.721 -8.827  2.457
   2.846  2.344-27.877-27.808  6.524  2.331 16.590 14.590  61.13
 41545 833 1 2 3 711062.643611063.5996
 12.350  0.022 -5.955 -9.720  1.140  5.153  5.499 10.367 -0.157
  -9.171-12.730 -5.855 -6.503  4.358  0.795  2.353 -0.976   5.50
 41645 937 3 4 7 611063.599611064.5791
 12.393  0.332 -5.976  1.140 12.317  5.499  3.419 15.862  0.850
   2.353 -0.976 -5.633 -6.573  3.495  2.004 15.624 11.340  -8.71
 4174510 5 2 4 6 311064.579111065.6621
 13.421  0.093 -6.301 12.317 25.788  3.419  2.575  7.150 -0.854
  15.624 11.340 -5.889 -6.423  0.780  2.640 29.109 25.660  -2.67
 41845 8 5 1 2 31111065.662111066.6611
 12.574 -0.209-22.460-56.929-45.357  5.092 24.411  4.367  2.931
 -55.345-59.671-22.349-22.654  3.228  1.865-42.462-49.917   1.82
 42045 8 7 9 615 811067.662111068.6113
 13.040 -0.379-23.061-36.000-24.558 14.269 16.799  7.434 -2.289
 -32.904-38.996-22.689-23.421  7.017  7.252-23.196-26.840  -5.90
 42145 919 1 2 3 211068.611311069.8750
 14.301 -0.269-21.849-16.110  0.719 20.436  7.043 50.515 -0.185
 -15.629-16.353-21.308-22.123  6.870 13.565  0.751  0.064  -7.57
 42145 919 2 6 8 511068.611311069.8750
 11.751  0.271-22.701-24.558-10.952 16.799 20.827  1.538 -0.158
 -23.196-26.840-22.668-22.758 10.522  6.277 -8.389-11.666  18.24
 42245 3 0 1 1 2 211069.875011070.6113
 12.987  0.524-21.509  0.719  9.553  7.043 23.956 42.950  0.441
   0.751  0.064-21.482-22.076  6.717  0.325 10.304  8.951 -26.01
 42245 3 0 3 2 5 411069.875011070.6113
 15.872 -0.505-23.044-10.952  0.006 20.827 16.650 19.780  0.720
  -8.389-11.666-22.196-23.280  4.538 16.290  1.484 -2.407   4.02
 42245 3 0 0 0 1 111069.875011070.6113
 12.767 -0.403-30.412-40.113-31.441  8.520  9.124  0.000  0.000
   0.000  0.000  0.000  0.000  0.000  0.000  0.000  0.000   0.00
 42345 919 1 1 21211070.611311071.7295
 12.055 -0.367-21.895  9.553 21.929 23.956 13.537 16.942  5.756
  10.304  8.951-21.682-22.065 10.656 13.300 24.677 17.133 -10.15
 42345 919 0 0 1 111070.611311071.7295
 13.968  1.033-30.115-31.441-16.926  9.124 12.759  0.000  0.000
   0.000  0.000  0.000  0.000  0.000  0.000  0.000  0.000   0.00
 42445 630 4 812 711071.729511072.6641
 11.951  2.206-21.485 21.929 32.178 13.537  8.699  6.792  0.968
  24.677 17.133-21.180-22.016  8.606  4.931 35.339 26.645   0.58
 42445 630 0 0 1 111071.729511072.6641
 11.938 -0.508-31.271-16.926 -6.689 12.759 20.079  0.000  0.000
   0.000  0.000  0.000  0.000  0.000  0.000  0.000  0.000   0.00
 42845 930 3 2 5 111075.603511076.6123
 12.720  0.192-31.440 30.922 42.761  5.232 14.448  7.908 -3.844
  35.089 30.627-30.946-31.475  0.346  4.885  0.000  0.000   0.00
 42845 930 718252211075.603511076.6123
 15.023 -0.149-16.855-39.548-25.385 69.792 63.218  1.072 -0.223
 -37.224-42.237-16.813-16.903 37.436 32.356-24.400-29.167   2.75
 42945 918 0 0 1 111076.612311077.6025
 12.345 -0.227-31.633 42.761 54.010 14.448  8.258  0.000  0.000
   0.000  0.000  0.000  0.000  0.000  0.000  0.000  0.000   0.00
 42945 918 319221711076.612311077.6025
 13.426  0.128-16.704-25.385-13.067 63.218 52.681  3.821 -0.862
 -24.400-29.167-16.641-16.946 50.152 13.066-11.923-15.753   5.37
 43045 931 41317 911077.602511078.9268
 13.659  0.113-16.831-13.067  3.708 52.681 40.638  9.194 -0.082
 -11.923-15.753-16.654-17.247 36.949 15.732  4.950  1.186  -1.50
 5 145 145 2 7 92411078.926811079.5762
 14.243 -0.212-16.980  3.708 12.325 40.638 42.361  7.696 -0.163
   4.950  1.186-16.820-17.306 27.229 13.409 13.423  9.808  -3.44
 5 145 145 0 0 1 211078.926811079.5762
 14.028 -0.430-25.013-58.504-50.027  5.216  3.858  0.000  0.000
   0.000  0.000  0.000  0.000  0.000  0.000  0.000-50.046   0.00
 5 145 145 0 0 1 111078.926811079.5762
 14.484 -0.475-18.068-45.148-36.374  0.236  1.557  0.000  0.000
   0.000  0.000  0.000  0.000  0.000  0.000  0.000  0.000   0.00
 5 24510 9 618241511079.576211080.6064
 14.088 -0.128-16.842 12.325 25.818 42.361 44.786  4.254  0.095
  13.423  9.808-16.764-17.022 29.492 12.868 26.944 23.301   7.51
 5 24510 9 1 1 2 111079.576211080.6064
 13.636  0.473-24.734-50.027-36.999  3.858  6.117 85.556 -0.344
 -50.017-50.046-24.611-24.954  2.475  1.383  0.000  0.000   0.00
 5 24510 9 0 0 1 211079.576211080.6064
 13.418 -0.566-17.759-36.374-23.571  1.557  4.201  0.000  0.000
   0.000  0.000  0.000  0.000  0.000  0.000  0.000-24.368   0.00
 5 345 926 7 8151211080.606411081.6250
 13.692 -0.477-16.711 25.818 38.763 44.786 14.461 11.761 -1.415
  26.944 23.301-16.487-17.213 30.948 13.838 39.996 37.784 -20.37
 5 345 926 0 0 1 111080.606411081.6250
 13.503 -0.130-25.222-36.999-24.248  6.117  9.450  0.000  0.000
   0.000  0.000  0.000  0.000  0.000  0.000  0.000  0.000   0.00
 5 345 926 0 0 1 311080.606411081.6250
 12.887  0.744 22.707-40.249-28.125  1.945  5.908  0.000  0.000
   0.000  0.000  0.000  0.000  0.000  0.000  0.000-28.768   0.00
 5 445 9 0 7 512 511081.625011082.6025
 14.903  0.457-16.226 38.763 52.360 14.461 18.167 -8.606 -0.834
  39.996 37.784-16.405-16.083  6.399  8.062 53.177 51.959 -18.92
 5 445 9 0 0 0 1 111081.625011082.6025
 13.283  0.017-25.090-24.248-12.233  9.450 10.491  0.000  0.000
   0.000  0.000  0.000  0.000  0.000  0.000  0.000  0.000   0.00
 5 545 933 0 0 1 111082.602511083.5879
 13.427  0.384-25.107-12.233  0.027 10.491  8.858  0.000  0.000
   0.000  0.000  0.000  0.000  0.000  0.000  0.000  0.000   0.00
 5 645 953 2 2 4 711083.587911084.6240
 15.667  0.249-18.000 19.992 35.203  2.754  9.028-31.579  2.483
  21.229 19.214-18.723-17.546  1.063  1.691 36.186 31.205  30.23
 5 645 953 0 0 1 111083.587911084.6240
 14.135  0.164-25.485  0.027 13.651  8.858  5.789  0.000  0.000
   0.000  0.000  0.000  0.000  0.000  0.000  0.000  0.000   0.00
 5 745 9 1 4 3 7 311084.624011085.5684
 17.061  0.388-18.258 35.203 50.385  9.028  1.641 -1.351 -4.211
  36.186 31.205-18.280-18.169  7.246  1.782 50.655 50.109  -4.64
 5 745 9 1 0 0 1 111084.624011085.5684
 13.976  0.388-25.654 13.651 25.920  5.789  0.281  0.000  0.000
   0.000  0.000  0.000  0.000  0.000  0.000  0.000  0.000   0.00
 5 8451022 1 1 2 211085.568411086.6064
 12.714 -0.677-18.972 43.943 56.119  3.245  5.978 -8.589  0.745
  44.338 43.460-19.028-18.903  1.784  1.461 57.454 55.845  -6.86
 5154510 7 1 2 3 611092.578111093.5664
 13.527  0.804-19.688 29.361 41.764  7.728 28.569 51.589  2.141
  29.423 27.730-19.615-21.626  7.448  0.281 44.285 39.813 -24.47
 516451023 2 4 6 811093.566411094.5977
 14.811 -1.221-20.482 41.764 56.022 28.569 35.251 27.116 -1.701
  44.285 39.813-19.273-21.418 12.462 16.107 57.141 54.206  -4.33
 516451023 3 3 6 411093.566411094.5977
 11.558 -0.313-25.360-48.975-38.071 14.300 12.356-17.360  2.814
 -48.194-51.331-25.581-24.694 10.741  3.559-33.562-39.731   2.44
 516451023 0 0 1 111093.566411094.5977
 12.595  0.620-25.786-57.280-45.308  8.202  0.663  0.000  0.000
   0.000  0.000  0.000  0.000  0.000  0.000  0.000  0.000   0.00
 51845 952 2 4 6 111095.588911096.5977
 15.688  0.286-25.351-22.098 -7.272  7.619  3.989 -6.296 -5.111
 -19.327-24.949-25.627-25.067  3.863  3.756  0.000  0.000   0.00
 51845 952 1 2 3 111095.588911096.5977
 15.522 -1.837 -9.853-43.540-28.882  4.940  4.716 10.752 -2.980
 -43.392-46.364 -9.825-10.381  4.693  0.247  0.000  0.000   0.00
 51945 939 0 0 1 211096.597711097.5977
 13.030  0.552-25.639 -7.272  4.773  3.989  7.979  0.000  0.000
   0.000  0.000  0.000  0.000  0.000  0.000  0.000  2.794   0.00
 51945 939 0 0 1 111096.597711097.5977
 15.185  1.992 -8.001-28.882-14.682  4.716  0.663  0.000  0.000
   0.000  0.000  0.000  0.000  0.000  0.000  0.000  0.000   0.00
 52045 939 1 1 2 211097.597711098.5977
 15.792 -0.306-26.191  4.773 19.591  7.979  6.412  1.426 -2.717
   7.270  2.794-26.136-26.236  3.527  4.452 20.373 19.006 -20.44
 52045 939 0 0 1 111097.597711098.5977
 14.786  0.329 -9.993-14.682 -0.871  0.663  0.996  0.000  0.000
   0.000  0.000  0.000  0.000  0.000  0.000  0.000  0.000   0.00
 524451013 3 2 5 111101.573211102.5762
 12.630  0.130 26.988 20.836 32.514  1.779  0.454 24.163 -1.848
  21.888 19.996 26.567 27.324  0.790  0.989  0.000  0.000   0.00
 5254510 9 0 0 1 211102.576211103.7051
 14.123  0.296-14.792-55.304-40.477  3.242  2.929  0.000  0.000
   0.000  0.000  0.000  0.000  0.000  0.000  0.000-43.078   0.00
 52645 7 4 1 1 2 111103.705111104.7148
 14.191 -0.004-15.126-40.477-27.132  2.929 10.092 -1.850 -2.662
 -40.323-43.078-15.131-15.045  2.766  0.164  0.000  0.000   0.00
 52745 649 0 0 1 211104.714811105.7949
 13.927  0.057-15.122-27.132-13.155 10.092  0.566  0.000  0.000
   0.000  0.000  0.000  0.000  0.000  0.000  0.000-13.606   0.00
 52845 454 1 1 2 211105.794911106.5869
 13.819  0.482-15.184-13.155 -2.994  0.566  9.916-22.464  0.181
 -13.111-13.606-15.201-15.004  0.516  0.050 -2.901 -3.524  -7.98
 53145 647 0 0 1 111108.717811109.6104
 12.579  0.295-17.990-19.588 -9.233  1.274  0.953  0.000  0.000
   0.000  0.000  0.000  0.000  0.000  0.000  0.000  0.000   0.00
 6 245 916 0 0 1 111110.613311111.6309
 14.585  0.650 19.800-36.197-22.349  0.251  0.710  0.000  0.000
   0.000  0.000  0.000  0.000  0.000  0.000  0.000  0.000   0.00
 6 7451030 1 1 2 111115.562511116.5625
 13.507 -0.240-18.252-21.230 -8.705  3.152  3.980 16.067 -0.481
 -21.225-21.712-18.251-18.384  3.119  0.032  0.000  0.000   0.00
 6 945 823 3 3 6 611117.650411118.6084
 11.508 -0.816-21.388 -8.009  2.078 12.581 20.100 -4.434  0.674
  -6.446 -9.813-21.501-21.258  6.739  5.842  4.295  0.317  -8.30
 61045 923 2 4 6 711118.608411119.6025
 14.851  0.331-20.607  2.078 15.870 20.100 16.199-12.736  0.511
   4.295  0.317-21.076-20.234  8.895 11.205 17.375 12.742  14.33
 61145 931 2 5 7 411119.602511120.5674
 12.956 -0.028-20.936 15.870 27.420 16.199 23.213  1.593  0.026
  17.375 12.742-20.896-21.017 10.935  5.264 30.099 25.438  -2.95
 612451022 1 3 4 611120.567411121.6699
 12.416 -0.091-20.909 27.420 40.022 23.213  6.102 -1.352  0.726
  30.099 25.438-20.968-20.865  9.870 13.343 43.599 38.178   5.52
 612451022 1 1 2 211120.567411121.6699
 13.007  0.164-30.570-58.536-45.284 23.577 33.045 81.929  0.002
 -58.483-58.586-30.250-30.871 11.416 12.161-45.085-45.433-143.50
 612451022 0 0 1 111120.567411121.6699
 14.336  0.118-16.308-51.255-36.538  5.291  0.213  0.000  0.000
   0.000  0.000  0.000  0.000  0.000  0.000  0.000  0.000   0.00
 61345 755 1 1 2 111121.669911122.6758
 13.201  0.021-30.751-45.284-32.988 33.045 36.692-61.567 -0.629
 -45.085-45.433-31.066-30.514 14.169 18.876  0.000  0.000   0.00
 61345 755 0 0 1 111121.669911122.6758
 14.136  0.147-16.438-36.538-23.301  0.213  5.391  0.000  0.000
   0.000  0.000  0.000  0.000  0.000  0.000  0.000  0.000   0.00
 61445 746 0 0 1 111122.675811123.6025
 14.133 -0.480-30.772-32.988-20.804 36.692 34.031  0.000  0.000
   0.000  0.000  0.000  0.000  0.000  0.000  0.000  0.000   0.00
 61445 746 0 0 1 111122.675811123.6025
 14.110 -0.176-16.587-23.301-11.138  5.391  4.706  0.000  0.000
   0.000  0.000  0.000  0.000  0.000  0.000  0.000  0.000   0.00
 61445 746 2 3 5 211122.675811123.6025
 15.104 -0.435-22.639-52.664-39.581 21.834  5.404 -8.176 -0.411
 -50.690-52.999-22.900-22.594  3.163 18.671-38.090-39.909  -6.63
 61545 933 0 0 1 311123.602511124.5928
 12.934 -0.092-30.327-20.804 -8.960 34.031 27.986  0.000  0.000
   0.000  0.000  0.000  0.000  0.000  0.000  0.000 -9.401   0.00
 61545 933 0 0 1 111123.602511124.5928
 13.636  0.424-16.423-11.138  1.402  4.706  9.022  0.000  0.000
   0.000  0.000  0.000  0.000  0.000  0.000  0.000  0.000   0.00
 61645 945 0 0 1 111124.592811125.6768
 13.875 -0.134-16.843  1.402 15.370  9.022  2.625  0.000  0.000
   0.000  0.000  0.000  0.000  0.000  0.000  0.000  0.000   0.00
 61645 945 1 2 3 111124.592811125.6768
 13.917 -0.247-30.235 -8.960  5.054 27.986 25.057-30.129 -0.716
  -8.684 -9.401-30.373-30.014 17.226 10.760  0.000  0.000   0.00
 61745 746 1 4 5 711125.676811126.5908
 14.244  0.033-22.485-12.368 -0.238 15.864 43.608-10.909  0.322
 -11.185-12.899-22.696-22.391  4.914 10.950  1.057 -1.012   1.97
 61845 948 6 1 71311126.590811127.6729
 12.842  0.510-22.515 -0.238 12.595 43.608 13.176 -8.938  3.875
   1.057 -1.012-22.703-22.403 16.312 27.296 14.252  7.958  13.55
 61945 751 2 2 4 211127.672911128.6055
 15.171 -0.413-13.836 27.705 40.940 11.089  9.268-26.829  1.195
  28.407 26.546-14.181-13.267  6.911  4.178 41.437 38.568  -3.08
 61945 751 0 0 1 211127.672911128.6055
 13.582 -0.015-29.895 29.486 41.239 28.678 22.115  0.000  0.000
   0.000  0.000  0.000  0.000  0.000  0.000  0.000 41.232   0.00
 61945 751 1 3 41111127.672911128.6055
 12.716 -0.091 26.966 -8.757  2.188  5.641 16.753 33.868  2.349
  -7.946-10.539 26.481 28.032  3.877  1.763  4.901 -0.544 -15.00
 62045 927 1 1 2 111128.605511129.7979
 12.525 -0.787-29.881 41.239 55.004 22.115 15.582 87.824 -0.587
  41.258 41.232-29.450-30.037  5.878 16.238  0.000  0.000   0.00
 62045 927 2 7 9 611128.605511129.7979
 12.694 -0.929-22.305 27.782 41.748 18.940 14.749  2.421  1.718
  28.299 27.083-22.285-22.332 10.881  8.059 43.079 40.157 -19.16
 62045 927 5 611 711128.605511129.7979
 16.685 -0.362 26.881  2.188 20.913 16.753  6.151 18.870 -0.123
   4.901 -0.544 26.054 27.714  8.406  8.347 21.283 16.084   2.79
 62145 451 3 3 6 211129.797911130.6621
 14.971  0.736-21.197 41.748 53.844 14.749 19.930-16.736 -2.005
  43.079 40.157-21.570-20.751  8.032  6.717 54.126 53.249  30.73
 62145 451 3 4 7 711129.797911130.6621
 12.128 -0.202-14.819-53.149-43.512 19.173 20.991 26.706  0.659
 -51.973-58.202-14.247-17.277 15.553  3.620-40.649-47.526  -0.76
 62145 451 4 3 7 211129.797911130.6621
 15.662 -0.391 26.449 20.913 33.606  6.151  2.977 21.663 -4.447
  21.283 16.084 26.318 28.167  5.713  0.438 33.660 33.605  63.33
 62245 8 5 2 5 71311130.662111131.7607
 12.272  0.506-14.644-43.512-31.106 20.991 37.445 25.947 -0.932
 -40.649-47.526-13.297-16.535 12.253  8.737-27.936-33.761   3.70
 62245 8 5 1 1 2 211130.662111131.7607
 13.415 -0.170 26.112 33.606 47.266  2.977  2.152 84.990 -0.277
  33.660 33.605 25.561 26.121  0.050  2.927 47.270 47.231-167.91
 62345 54411 213 211131.760711132.7148
 11.553  1.996-15.200-31.106-21.018 37.445 11.989 29.649 -5.490
 -27.936-33.761-13.459-16.658 17.067 20.378-21.016-21.099-115.01
 62345 544 1 1 2 111131.760711132.7148
 13.997  0.079 25.925 47.266 59.687  2.152  5.026-82.925 -0.285
  47.270 47.231 25.950 25.667  1.963  0.189  0.000  0.000   0.00
 62445 649 1 5 6 811132.714811133.5938
 14.841 -0.007-13.266-14.303 -2.127 12.095 15.555 18.167 -1.056
 -13.761-16.214-13.093-13.876  9.422  2.673 -1.985 -2.879 -71.49
 62445 649 1 1 2 211132.714811133.5938
 13.626  0.531-17.105-21.018 -9.909 11.989  4.038-85.359 -0.544
 -21.016-21.099-17.126-16.152 11.721  0.268 -9.871-10.148  32.89
 62545 945 3 5 8 311133.593811134.5977
 14.332 -0.514-13.260 -2.127 11.272 15.555 24.323-53.326  0.048
  -1.985 -2.879-13.445-12.276 13.093  2.462 11.858 10.979 108.58
 62545 945 1 1 2 311133.593811134.5977
 14.132 -0.472-17.572 -9.909  3.288  4.038  3.573-52.474  0.810
  -9.871-10.148-17.619-17.275  3.484  0.555  4.045  3.253   0.02
 62645 939 1 2 3 311134.597711135.5596
 13.990  0.778-12.744 11.272 23.794 24.323 16.757 55.256  1.171
  11.858 10.979-11.919-13.156  8.105 16.218 25.856 23.550 -22.21
 62645 939 1 2 3 511134.597711135.5596
 14.653  0.808-17.098  3.288 16.449  3.573  5.050-52.450  0.176
   4.045  3.253-18.040-17.054  0.160  3.413 16.746 15.837  -0.02
 627451033 1 2 3 111135.559611136.5664
 13.747  0.769-13.493 23.794 36.649 16.757  7.463 33.048 -2.676
  25.856 23.550-12.188-13.647  1.771 14.986  0.000  0.000   0.00
 627451033 0 0 1 511135.559611136.5664
 15.044 -1.039-22.201 18.162 32.324  0.271 13.012  0.000  0.000
   0.000  0.000  0.000  0.000  0.000  0.000  0.000 30.574   0.00
 628451023 0 0 1 111136.566411137.5635
 13.904  0.121-14.268 36.649 49.529  7.463 13.453  0.000  0.000
   0.000  0.000  0.000  0.000  0.000  0.000  0.000  0.000   0.00
 628451023 1 4 5 311136.566411137.5635
 15.252  0.847-21.154 32.324 46.547 13.012 11.519-46.428 -0.051
  33.422 30.574-22.231-19.439  7.995  5.017 46.766 42.708  54.68
 629451028 1 2 3 111137.563511138.5996
 12.836  0.937-21.998 46.547 58.832 11.519  5.089  8.255 -3.802
  46.766 42.708-21.969-22.515 10.896  0.623  0.000  0.000   0.00
 711451023 1 2 3 411149.566411150.5820
 11.920 -0.169-17.866-54.043-42.935 22.627 31.426-18.280 -0.597
 -54.032-56.489-17.869-17.097 22.527  0.100-42.864-44.325  60.01
 711451023 2 2 4 511149.566411150.5820
 14.193 -0.476 19.570-48.499-35.083 11.494 26.342 26.138  0.026
 -45.014-49.526 17.959 20.045  2.617  8.877-33.480-37.869   3.27
 7124510 1 1 3 4 311150.582011151.5928
 13.912  0.180-17.694-42.935-29.866 31.426 42.369 41.733  3.588
 -42.864-44.325-17.634-18.876 29.896  1.530-29.718-34.677 -71.80
 7124510 1 2 2 4 211150.582011151.5928
 14.270 -0.299-19.043-52.477-39.048 60.130 25.830 48.611 -3.787
 -52.119-55.286-18.659-22.056 53.321  6.809-38.993-39.194  26.49
 7124510 1 2 3 5 711150.582011151.5928
 14.160  0.159-13.652-52.202-38.883 19.066 29.830-10.078  0.478
 -50.100-52.516-14.015-13.597  2.483 16.582-36.802-39.346 -20.26
 7124510 1 3 2 5 911150.582011151.5928
 14.418 -0.104 19.086-35.083-21.503 26.342 17.980 29.404 -0.422
 -33.480-37.869 18.233 20.571 16.723  9.619-19.642-23.473   4.00
 7124510 1 1 1 2 511150.582011151.5928
 15.739 -0.259 22.519-48.182-33.268  0.321  7.769 -5.279 -0.449
 -47.587-51.413 22.570 22.243  0.271  0.050-32.654-35.998   1.70
 7124510 1 2 2 4 411150.582011151.5928
 14.339  0.071 25.565-55.641-42.141 19.617  2.462 31.394 -2.330
 -53.059-56.370 24.144 25.967  4.317 15.300-41.874-43.169 -34.60
 71345 946 1 2 3 211151.592811152.5977
 12.267 -0.761-18.053 41.799 53.143  4.898 17.561 54.914  2.235
  41.946 41.608-17.855-18.313  2.776  2.122 54.428 51.698 -76.03
 71345 946 0 0 1 411151.592811152.5977
 16.864 -2.926-22.466-42.927-26.964  4.768 54.151  0.000  0.000
   0.000  0.000  0.000  0.000  0.000  0.000  0.000-29.985   0.00
 71345 946 1 1 2 411151.592811152.5977
 13.004  0.781-18.741-39.048-26.964 25.830 54.151 75.104  4.833
 -38.993-39.194-18.546-19.263 18.802  7.028-25.762-29.985 -30.67
 71345 946 5 4 9 811151.592811152.5977
 12.352  1.210 18.982-21.503-10.074 17.980 15.062 33.405 -0.943
 -19.642-23.473 17.821 20.210  9.242  8.738 -7.962-10.948   1.01
 71445 939 3 1 4 211152.597711153.5938
 15.146 -0.657-19.526-26.964-12.845 54.151 10.249 44.432 -5.028
 -25.762-29.985-18.415-22.318 38.737 15.414-12.607-13.062  -6.48
 71445 939 5 3 81311152.597711153.5938
 15.636 -0.437 23.185-24.510 -9.903 20.368 19.486 11.053  1.400
 -20.703-27.130 22.502 23.656  8.305 12.063 -6.281-14.180  -0.10
 71445 939 6 2 8 611152.597711153.5938
 14.174 -0.432 20.197-10.074  3.076 15.062 17.213 34.415  1.708
  -7.962-10.948 18.840 20.760  4.409 10.653  5.529  1.526   8.03
 71545 945 1 5 6 411153.593811154.5947
 13.282 -1.496-15.553-12.542 -0.221 11.262  5.327  8.870 -2.996
  -9.072-13.039-15.032-15.628  1.411  9.852  0.025 -0.869  -2.90
 71545 945 0 0 1 111153.593811154.5947
 13.873 -0.014-22.551-16.906 -3.994  5.698  0.823  0.000  0.000
   0.000  0.000  0.000  0.000  0.000  0.000  0.000  0.000   0.00
 71545 945 1 1 2 411153.593811154.5947
 16.343 -0.487-14.544-15.608 -0.221  1.787  5.327 33.392  0.207
 -15.575-16.148-14.523-14.889  1.684  0.103  0.025 -0.869 -27.42
 71545 945 6 7131111153.593811154.5947
 13.900  0.131 22.750 -9.903  3.037 19.486 15.017 10.953 -0.359
  -6.281-14.180 22.103 23.513 10.550  8.935  6.080 -1.465  -0.86
 71545 945 5 1 6 211153.593811154.5947
 11.581  1.671 19.767  3.076 13.693 17.213  9.050 42.446 -4.741
   5.529  1.526 17.656 21.101  6.666 10.547 14.039 13.654 -31.82
 71645 942 1 1 2 111154.594711155.5918
 11.976  1.501 21.440 13.693 24.653  9.050  1.561 10.627 -0.365
  14.039 13.654 21.379 21.447  0.914  8.137  0.000  0.000   0.00
 71745 948 3 2 5 511155.591811156.5898
 12.846  0.680-18.100 35.607 47.459 24.146 41.624 23.051  0.714
  37.930 34.767-17.161-18.440  6.411 17.734 51.021 47.428   8.26
 71745 948 1 3 4 611155.591811156.5898
 13.811 -0.134-18.235 25.064 37.879 18.151 11.288 57.289  0.188
  25.528 24.962-17.549-18.387  3.284 14.867 37.976 37.429   6.68
 71745 948 0 0 1 211155.591811156.5898
 13.821  0.240-22.824 21.290 34.115  1.596  2.685  0.000  0.000
   0.000  0.000  0.000  0.000  0.000  0.000  0.000 34.066   0.00
 71745 948 2 3 5 311155.591811156.5898
 11.899  0.750-25.935-18.454 -7.549 10.924  4.902 15.760 -2.739
 -15.190-20.128-25.107-26.360  3.703  7.221 -6.615 -7.764  41.07
 71745 948 1 1 2 111155.591811156.5898
 14.649 -0.175 21.433 32.930 46.582  6.948  3.066 -0.269 -0.883
  33.872 32.924 21.437 21.433  0.050  6.898  0.000  0.000   0.00
 71845 949 2 4 6 311156.589811157.6914
 13.927 -0.648-18.101 37.879 52.132 11.288  6.811 63.967  0.010
  37.976 37.429-17.913-18.976  9.284  2.004 52.367 51.506 -17.39
 71845 949 1 2 3 811156.589811157.6914
 14.300  0.003-26.684 -7.549  7.114  4.902 11.341 56.834  1.670
  -6.615 -7.764-25.408-26.978  0.917  3.985  9.503  5.765 -37.18
 71845 949 1 2 31111156.589811157.6914
 14.533 -0.791 24.883-33.651-18.732 11.122 21.109 17.353  0.097
 -32.172-36.732 24.464 25.757  7.515  3.608-17.105-21.906  -9.22
 71945 724 4 7111811157.691411158.5869
 12.186  0.319 24.013-18.732 -8.691 21.109 22.208  8.131  0.762
 -17.105-21.906 23.801 24.427 13.957  7.152 -5.319-10.954   0.31
 72145 945 0 0 1 211159.592811160.5869
 14.763 -0.228-24.415 40.141 53.840  9.490  1.646  0.000  0.000
   0.000  0.000  0.000  0.000  0.000  0.000  0.000 53.235   0.00
 72145 945 1 5 61311159.592811160.5869
 14.516  0.581 24.019  8.086 21.539  4.718 37.260  8.145 -0.414
  10.365  1.528 23.721 24.876  3.501  1.217 24.396 15.906  -3.92
 72345 953 2 2 4 211161.587911162.5713
 13.215  1.089 23.617-48.916-36.883  0.798  2.780 19.946 -0.134
 -48.017-52.012 23.318 24.647  0.618  0.179-33.988-37.650   7.84
 72345 953 5 4 9 911161.587911162.5713
 12.135 -0.154 25.037 28.768 39.739 13.052 13.200 13.458 -2.163
  31.194 27.858 24.511 25.234  3.561  9.491 40.415 39.636 -54.98
 72345 953 0 0 1 411161.587911162.5713
 14.345 -0.824 24.172 37.881 51.025  8.643 12.563  0.000  0.000
   0.000  0.000  0.000  0.000  0.000  0.000  0.000 49.870   0.00
 724451018 1 1 2 211162.571311163.5938
 14.077 -0.151 24.688-36.883-23.483  2.780  1.296 27.788 -2.258
 -33.988-37.650 23.302 25.056  0.582  2.198-23.342-23.489  57.09
 724451018 3 6 9 511162.571311163.5938
 13.619  0.672 24.885 39.739 52.670 13.200  3.722-41.518 -0.347
  40.415 39.636 25.428 24.802  1.747 11.453 52.750 52.461 105.66
 72845 915 2 3 5 111166.614311167.6025
 14.943 -0.199 18.334  1.347 15.146  6.042  0.050-18.122 -1.684
   2.028  0.342 18.546 18.022  3.600  2.442  0.000  0.000   0.00
 72945 931 1 1 2 311167.602511168.6855
 14.344 -0.141 17.461-37.404-22.933 10.021 19.847 53.791  0.046
 -37.236-37.576 17.242 17.685  5.067  4.954-22.832-23.008  19.81
 73045 732 1 2 3 311168.685511169.6484
 13.864 -0.041 17.309-22.933-10.521 19.847  8.937 73.599 -0.042
 -22.832-23.008 16.982 17.552  8.476 11.371-10.362-10.732 -23.36
 73145 826 1 2 3 111169.648411170.7588
 13.340  0.548 17.269-10.521  3.205  8.937 22.264 50.239 -0.552
 -10.362-10.732 17.087 17.511  5.099  3.839  0.000  0.000   0.00
 8 145 546 0 0 1 111170.758811171.8789
 14.316 -0.213 17.878  3.205 18.136 22.264 10.078  0.000  0.000
   0.000  0.000  0.000  0.000  0.000  0.000  0.000  0.000   0.00
 8 245 254 0 0 1 111171.878911172.6055
 14.043  0.514 17.639 18.136 27.635 10.078  6.196  0.000  0.000
   0.000  0.000  0.000  0.000  0.000  0.000  0.000  0.000   0.00
 8 345 927 0 0 1 211172.605511173.6426
 13.939 -0.101 18.013 27.635 41.073  6.196 11.871  0.000  0.000
   0.000  0.000  0.000  0.000  0.000  0.000  0.000 38.732   0.00
 8 445 834 1 1 2 211173.642611174.6025
 13.972  0.186 17.908 41.073 53.543 11.871  9.383 25.031 -1.146
  41.083 38.732 17.904 18.948 11.821  0.050 53.550 52.216  -8.44
 8 545 933 4 4 8 311174.602511175.5967
 12.636  0.672-15.999-52.790-41.197  4.545  3.293 19.458 -2.862
 -50.235-53.330-15.131-16.182  0.793  3.752-41.183-41.283  51.43
 8 645 941 2 1 3 411175.596711176.6133
 15.258  0.072-16.667-41.197-26.680  3.293  4.452 70.885  3.865
 -41.183-41.283-16.628-16.905  2.829  0.464-23.544-27.875 -66.57
 8 845 915 1 5 6 911177.614311178.6074
 13.108 -0.107 23.575-59.079-47.034 27.747 30.884 65.547  3.921
 -58.882-59.132 23.179 23.683  5.931 21.817-45.917-50.720 -75.62
 8 945 926 5 4 9 511178.607411179.6152
 16.116 -0.441 23.469-47.034-31.771 30.884 22.871-10.075 -3.628
 -45.917-50.720 23.651 22.868 23.704  7.180-31.282-31.899 -37.79
 81045 913 2 3 51611179.615211180.8330
 16.835  0.226 22.913-39.376-20.062  4.275 29.058 21.527  3.965
 -38.825-40.812 22.713 23.435  3.090  1.185-18.673-24.998 -10.11
 81145 4 0 610161311180.833011181.6104
 15.295 -0.230 23.188-20.062 -8.938 29.058 24.092 11.420 -0.980
 -18.673-24.998 22.930 24.104 22.674  6.384 -6.411-11.745  -3.94
 81245 920 4 913 411181.610411182.5996
 12.072  0.444 23.009 -8.938  2.032 24.092 20.255  7.476 -1.975
  -6.411-11.745 22.704 23.348 12.679 11.412  2.302 -0.202 -46.97
 81345 937 0 0 1 111182.599611183.6094
 14.130 -0.036 26.091-21.388 -8.101  1.443  1.083  0.000  0.000
   0.000  0.000  0.000  0.000  0.000  0.000  0.000  0.000   0.00
 81345 937 3 1 42111182.599611183.6094
 11.321  2.346 23.448  2.032 12.482 20.255 88.095-39.495  3.253
   2.302 -0.202 23.652 21.759 18.078  2.178 16.666 10.299  62.57
 81345 937 4 8122111182.599611183.6094
 11.794  1.260 24.545  1.554 12.482 29.387 88.095 21.246 -0.041
   4.450 -1.975 23.521 25.793 16.141 13.246 16.666 10.299   1.83
 81445 92215 6211911183.609411184.6045
 13.789 -0.163 25.818 12.482 25.230 88.095 55.335 23.073  1.477
  16.666 10.299 24.214 26.655 30.205 57.890 30.194 22.306  -0.38
 82945 834 1 1 2 411198.642611199.6270
 13.426 -0.149-14.153-40.765-28.510  2.626  3.262 87.710  3.979
 -40.761-40.779-14.062-14.497  2.077  0.549-27.688-32.229 -90.98
 83045 856 2 2 4 311199.627011200.6240
 13.355  0.052-14.007-28.510-16.179  3.262  4.196 -3.274 -1.026
 -27.688-32.229-14.052-13.800  2.671  0.591-16.142-19.305 -21.79
 83145 9 1 2 1 3 411200.624011201.8604
 14.681 -0.489-14.059-16.179  0.765  4.196  2.215-25.064  0.480
 -16.142-19.305-14.076-12.640  4.146  0.050  1.205 -2.766  21.81
 9 145 321 2 3 5 111201.860411202.8711
 13.316  0.082-18.868-47.845-35.373  7.348  2.981  6.792 -4.388
 -47.622-52.227-18.843-19.362  6.992  0.356  0.000  0.000   0.00
 9 245 3 4 0 0 1 311202.871111203.6289
 15.194  0.178-18.951-35.373-24.615  2.981  0.653  0.000  0.000
   0.000  0.000  0.000  0.000  0.000  0.000  0.000-24.959   0.00
 9 245 3 4 1 2 3 211202.871111203.6289
 14.049 -0.067-13.868-57.812-47.921  9.814 20.064-51.199  0.134
 -57.408-57.863-14.356-13.806  1.098  8.716-47.546-48.160   6.48
 9 345 854 1 1 2 311203.628911204.6289
 14.542  0.631-13.817-47.921-34.361 20.064 10.323-44.715 -0.089
 -47.546-48.160-14.177-13.587  7.817 12.247-33.912-34.605  18.28
 9 445 854 2 1 3 611204.628911205.6387
 16.099  0.628-14.448-34.361-19.086 10.323 23.125-26.435  5.612
 -33.912-34.605-14.664-14.331  3.636  6.688-15.381-21.115  -3.07
 9 545 839 3 3 6 311205.638711206.5889
 12.261 -1.015-15.083-19.086 -8.370 23.125 14.214-29.509 -5.296
 -15.381-21.115-17.107-13.974  8.183 14.942 -8.057 -9.021   0.85
 9 945 952 1 1 2 311209.588911210.6172
 13.823  0.378-22.025 38.878 52.085  7.457  2.492  0.539  1.032
  40.310 37.904-22.013-22.034  3.019  4.438 55.017 51.491  -2.97
 9 945 952 2 1 3 311209.588911210.6172
 14.614  0.589-14.269 30.057 44.076 13.047  8.460-27.527  0.159
  30.901 29.549-14.696-14.012  4.905  8.142 44.752 43.212   2.88
 9 945 952 1 1 2 411209.588911210.6172
 12.478  0.650-25.865-40.987-29.164  3.330  1.620 14.068  0.026
 -39.775-41.632-25.592-26.011  1.157  2.173-27.542-29.462  -3.36
 9 945 952 3 2 5 311209.588911210.6172
 13.734 -0.598 25.683-26.787-13.672  5.814  2.261 -0.114 -1.617
 -25.382-29.895 25.686 25.678  4.003  1.811-12.547-15.252  -0.08
 92445 915 714212411224.614311225.5967
 16.079 -1.049-18.456 12.630 27.452 57.009 57.889  9.553  1.062
  15.430  8.063-18.009-19.185 35.341 21.668 30.364 21.962   0.83
 92445 915 5 4 9 911224.614311225.5967
 13.876  1.585 24.357 31.480 44.138 18.264 38.057-28.590  1.364
  32.545 30.105 24.887 23.675 10.289  7.975 46.378 42.214  44.61
 92845 8 9 0 0 1 311228.660211229.6553
 14.972 -0.230 20.760-20.623 -6.704  1.127 21.557  0.000  0.000
   0.000  0.000  0.000  0.000  0.000  0.000  0.000 -8.023   0.00
10 445 657 2 3 5 411234.710011235.7930
 14.229  0.778-19.451  2.027 16.374 14.242 10.048  0.417 -1.927
   2.893 -0.332-19.445-19.467 10.419  3.823 16.861 15.740 -19.59
10 445 657 0 0 1 111234.710011235.7930
 13.843  0.404-20.308 10.975 24.903 45.709 81.175  0.000  0.000
   0.000  0.000  0.000  0.000  0.000  0.000  0.000  0.000   0.00
10 445 657 1 1 2 211234.710011235.7930
 13.505  0.536-21.195 -4.721  8.842 10.766  5.553 43.292 -1.656
  -4.593 -6.174-21.083-22.472  9.897  0.869  8.985  8.591 -35.62
10 445 657 1 2 3 311234.710011235.7930
 14.070  0.549-16.740-12.507  1.668  2.851  3.098-15.604 -0.331
 -12.116-13.499-16.844-16.474  2.046  0.806  1.873  0.867  -7.42
101345 8 0 1 1 2 311243.667011244.6563
 16.045 -0.249-15.516 36.048 50.950  1.994  9.132 21.469  0.919
  36.250 33.528-15.439-16.470  1.846  0.148 51.471 47.855  -0.46
101345 8 0 1 4 5 111243.667011244.6563
 15.812 -0.034-28.350 20.168 34.839 13.448  1.358  2.722 -3.252
  21.521 17.830-28.294-28.448  8.518  4.930  0.000  0.000   0.00
101545 8 1 1 1 2 211245.665011246.6738
 13.950 -0.640 27.264-48.355-35.275 20.037 14.160 81.207  0.041
 -48.303-48.411 26.963 27.582 10.299  9.738-35.216-35.338  -0.57
101645 748 1 1 2 511246.673811247.6523
 14.973  0.070 26.618-35.275-21.589 14.160 10.466 80.638  1.659
 -35.216-35.338 26.299 26.958  7.310  6.850-21.252-23.846 -75.70
101645 748 0 0 1 211246.673811247.6523
 14.303  0.536 29.525-49.505-36.475  3.348  4.407  0.000  0.000
   0.000  0.000  0.000  0.000  0.000  0.000  0.000-37.386   0.00
101645 748 2 2 4 711246.673811247.6523
 16.305 -0.876-18.748-56.106-41.118 22.626 28.665 18.248  0.742
 -52.189-56.792-17.525-18.962  3.370 19.256-38.223-43.700  -6.13
101745 819 4 3 7 311247.652311248.6455
 16.822 -0.724-17.891-41.118-25.392 28.665  5.334 12.119 -3.943
 -38.223-43.700-17.299-18.419 13.513 15.152-24.732-26.028  14.73
101845 830 2 1 3 311248.645511249.6563
 11.965 -1.624-17.172-25.392-14.299  5.334  4.962 26.848 -0.120
 -24.732-26.028-16.852-17.479  2.616  2.717-13.575-14.867 -15.99
101845 830 1 1 2 211248.645511249.6563
 11.717 -1.235-18.100-31.601-20.759 11.642 15.773-20.260  0.134
 -31.143-31.886-18.261-18.000  4.461  7.182-20.620-21.479  -1.58
101945 815 2 1 3 111249.656311250.6807
 17.068  0.509-15.530-14.299  2.173  4.962  3.289 10.862 -1.268
 -13.575-14.867-15.396-15.635  2.181  2.781  0.000  0.000   0.00
101945 815 1 1 2 211249.656311250.6807
 15.257  1.086-16.852-20.759 -6.142 15.773  7.597-21.843 -0.336
 -20.620-21.479-16.905-16.576 13.218  2.555 -6.067 -6.608   0.87
101945 815 1 2 3 311249.656311250.6807
 11.913  0.663 26.269  5.313 16.505  2.746  2.900-87.783 -0.023
   5.321  5.289 26.463 25.732  2.016  0.730 17.139 16.343  87.47
102045 739 0 0 1 211250.680711251.6670
 14.511  0.107-16.051  2.173 15.510  3.289  2.171  0.000  0.000
   0.000  0.000  0.000  0.000  0.000  0.000  0.000 13.832   0.00
102045 739 1 1 2 411250.680711251.6670
 13.908  0.040-17.964 -6.142  6.600  7.597  6.847-20.975  2.424
  -6.067 -6.608-17.991-17.794  6.545  1.052  6.670  3.551  25.20
102045 739 8 4122211250.680711251.6670
 15.091  0.584-23.795-23.636 -9.727 79.202 61.229 13.313 -0.934
 -17.457-28.359-22.457-24.818 34.313 44.889 -4.168-14.148  -0.69
102045 739 1 2 3 111250.680711251.6670
 14.609 -0.242 26.948 16.505 29.938  2.900  5.909 -0.309 -0.709
  17.139 16.343 26.951 26.947  0.589  2.311  0.000  0.000   0.00
102045 739 0 0 1 111250.680711251.6670
 12.973 -1.733 30.241  2.192 14.012  0.517  0.050  0.000  0.000
   0.000  0.000  0.000  0.000  0.000  0.000  0.000  0.000   0.00
102145 8 0 1 1 2 211251.667011252.6631
 13.465 -0.160-16.156 15.510 27.945  2.171  6.583 24.405  0.101
  15.767 13.832-16.044-16.888  1.883  0.289 28.620 26.644   3.19
102145 8 0 2 2 4 311251.667011252.6631
 13.681 -0.741-18.004  6.600 19.250  6.847  7.445  4.229 -2.539
   6.670  3.551-17.999-18.218  6.693  0.154 19.382 19.125  51.36
102145 8 0 1 2 3 611251.667011252.6631
 16.286  0.305 28.309-18.508 -3.262  3.466  7.509 37.414  1.932
 -18.397-18.996 28.233 28.637  2.821  0.646 -2.008 -4.936 -45.50
102145 8 0 0 0 1 111251.667011252.6631
 13.489  0.075 26.709 29.938 42.398  5.909 12.568  0.000  0.000
   0.000  0.000  0.000  0.000  0.000  0.000  0.000  0.000   0.00
102245 8 4 1 1 2 111252.663111253.6182
 16.089  0.146-15.997 27.945 42.367  6.583  1.456 27.590 -2.143
  28.620 26.644-15.658-16.650  4.336  2.247  0.000  0.000   0.00
102245 8 4 2 1 3 111252.663111253.6182
 15.102  0.606-17.265 19.250 32.728  7.445  9.003 55.593 -0.435
  19.382 19.125-17.081-17.440  3.629  3.816  0.000  0.000   0.00
102245 8 411 2131111252.663111253.6182
 16.284 -0.142-24.780 -0.236 14.371 68.442 31.183 17.126 -0.592
   6.239 -3.065-22.968-25.571 20.808 47.635 18.964 10.345   1.11
102245 8 4 4 2 6 711252.663111253.6182
 13.108 -0.631 28.613 -3.262  8.313  7.509 22.570 -8.085  1.542
  -2.008 -4.936 28.769 28.404  4.293  3.216 11.946  7.282  13.84
102245 8 4 0 0 1 111252.663111253.6182
 14.357 -1.097 26.784 42.398 55.165 12.568  6.188  0.000  0.000
   0.000  0.000  0.000  0.000  0.000  0.000  0.000  0.000   0.00
102345 9 9 0 0 1 211253.618211254.6758
 12.806 -0.322-17.843 32.728 45.229  9.003  3.639  0.000  0.000
   0.000  0.000  0.000  0.000  0.000  0.000  0.000 45.106   0.00
102345 9 9 0 0 1 211253.618211254.6758
 12.426  0.018-22.896 26.472 38.571  5.306 14.364  0.000  0.000
   0.000  0.000  0.000  0.000  0.000  0.000  0.000 34.969   0.00
102345 9 9 3 811 411253.618211254.6758
 14.457 -0.922-24.645 14.371 28.618 31.183  6.806 18.236 -3.227
  18.964 10.345-23.269-25.850 14.566 16.617 31.066 26.027   4.96
102345 9 9 3 4 7 711253.618211254.6758
 13.862  0.584 28.010  8.313 21.931 22.570 15.487  5.752  1.737
  11.946  7.282 27.687 28.102  4.990 17.580 25.674 19.013  -0.16
102445 746 3 1 41011254.675811255.6611
 12.234  1.337-23.669 28.618 39.702  6.806 24.385 23.197  7.755
  31.066 26.027-22.709-24.686  3.499  3.306 49.580 35.635 -14.84
102445 746 3 4 71211254.675811255.6611
 14.282 -0.202 28.628 21.931 35.032 15.487 47.889  5.593 -0.603
  25.674 19.013 28.307 28.879  6.784  8.703 38.496 32.570   3.09
11 145 8 5 0 0 1 111262.662111263.6670
 13.932  0.146-21.760 12.396 25.405 17.481  5.762  0.000  0.000
   0.000  0.000  0.000  0.000  0.000  0.000  0.000  0.000   0.00
11 145 8 5 1 3 4 211262.662111263.6670
 14.349 -0.334-13.316 -1.404 12.024 12.296 13.681  7.378 -0.201
  -1.095 -1.898-13.277-13.378  7.561  4.736 12.201 11.611   4.37
11 245 759 0 0 1 211263.667011264.6641
 13.273 -0.058-21.906 25.405 37.648  5.762 14.553  0.000  0.000
   0.000  0.000  0.000  0.000  0.000  0.000  0.000 37.639   0.00
11 245 759 1 1 2 411263.667011264.6641
 13.295 -0.301-12.980 12.024 24.289 13.681 10.676 11.748  1.043
  12.201 11.611-12.944-13.064  9.565  4.116 24.756 23.130 -24.99
11 245 759 0 0 1 111263.667011264.6641
 14.012 -0.040-19.978-49.747-36.766  8.693  2.782  0.000  0.000
   0.000  0.000  0.000  0.000  0.000  0.000  0.000  0.000   0.00
11 345 8 3 1 1 2 111264.664111265.6650
 13.688  0.156-21.849 37.648 50.368 14.553 10.107 83.084 -0.308
  37.679 37.639-21.613-21.918  3.313 11.240  0.000  0.000   0.00
11 345 8 3 1 3 4 311264.664111265.6650
 13.899  0.038-12.680 24.289 37.220 10.676  7.557-13.244 -0.041
  24.756 23.130-12.787-12.414  7.611  3.064 37.631 36.029   2.90
11 345 8 3 0 0 1 211264.664111265.6650
 13.611  0.254-19.939-36.766-24.124  2.782  8.149  0.000  0.000
   0.000  0.000  0.000  0.000  0.000  0.000  0.000-24.270   0.00
11 445 8 1 2 1 3 211265.665011266.6748
 13.920  0.118-12.718 37.220 50.280  7.557  7.050-10.348 -0.869
  37.631 36.029-12.791-12.506  5.619  1.938 50.671 49.940   1.92
11 445 8 1 1 1 2 211265.665011266.6748
 13.516 -0.283-20.193-24.124-11.473  8.149  8.040 33.946  1.005
 -23.840-24.270-20.014-20.285  2.774  5.375-10.899-12.378 -12.71
111245 820 1 1 2 211273.652311274.6680
 14.053  0.223-19.502-36.516-23.240 10.062 11.155-32.451  0.360
 -36.353-36.589-19.600-19.458  3.113  6.949-23.139-23.781  18.32
111245 820 0 0 1 111273.652311274.6680
 13.648 -0.002-20.796-44.010-31.146  9.487  2.486  0.000  0.000
   0.000  0.000  0.000  0.000  0.000  0.000  0.000  0.000   0.00
111245 820 1 5 6 611273.652311274.6680
 14.748 -0.186 21.040 36.094 50.076  4.682 19.950-19.323  0.563
  37.623 34.291 21.540 20.450  2.533  2.149 51.533 47.493   7.45
111345 757 1 1 2 511274.668011275.7500
 13.600 -0.127-19.729-23.240 -9.591 11.155  9.406-14.131 -0.105
 -23.139-23.781-19.753-19.601  9.407  1.749 -9.275 -9.787  -7.30
111345 757 0 0 1 211274.668011275.7500
 13.737 -0.291-20.794-31.146-17.349  2.486  4.609  0.000  0.000
   0.000  0.000  0.000  0.000  0.000  0.000  0.000-17.383   0.00
111345 757 1 2 3 211274.668011275.7500
 14.785 -0.215-11.370-21.384 -6.453 13.813  1.917-78.023 -0.306
 -21.332-21.479-11.609-10.927  8.969  4.844 -6.303 -6.557  27.77
111345 757 1 1 2 511274.668011275.7500
 13.114 -0.468-17.369-52.272-39.150 11.563 18.504-29.038  0.664
 -52.263-54.257-17.374-16.318 11.513  0.050-38.866-40.144 -35.45
111745 153 4 2 6 411278.920911279.7227
 13.078 -0.669-20.221 31.337 41.028 15.872  1.291 18.314 -1.355
  32.958 30.376-19.718-20.520  5.910  9.962 42.118 40.849 -21.65
111745 153 0 0 1 111278.920911279.7227
 13.824 -0.359-17.471  2.379 12.667  1.144  1.909  0.000  0.000
   0.000  0.000  0.000  0.000  0.000  0.000  0.000  0.000   0.00
111745 153 4 3 7 511278.920911279.7227
 12.691  1.627-22.124-17.057 -7.676 24.037  3.162 33.818  0.970
 -15.861-17.971-21.381-22.691 10.411 13.627 -5.149 -8.272  -3.46
111845 639 1 3 4 211279.722711280.7100
 14.533  0.619-19.686 41.028 54.407  1.291  0.481 -3.332 -0.073
  42.118 40.849-19.745-19.676  0.183  1.109 54.724 53.541  12.59
111845 639 1 1 2 111279.722711280.7100
 13.682  0.434-22.795 30.009 42.547  1.243  0.854  2.688 -2.742
  30.128 27.157-22.790-22.918  1.193  0.050  0.000  0.000   0.00
111845 639 2 3 5 111279.722711280.7100
 12.798 -2.293-23.428 -7.676  3.988  3.162  0.050 30.361 -3.322
  -5.149 -8.272-22.069-23.748  0.603  2.559  0.000  0.000   0.00
111945 657 0 0 1 911280.710011281.6699
 12.272 -1.698-23.223 42.547 53.388  0.854 34.132  0.000  0.000
   0.000  0.000  0.000  0.000  0.000  0.000  0.000 52.573   0.00
111945 657 2 2 4 511280.710011281.6699
 13.408 -0.129-25.337  0.794 12.725  6.772  8.935 16.869 -1.624
   3.533 -0.636-24.586-25.729  2.322  4.449 14.403 12.062 -40.58
112045 754 0 0 1 111281.669911282.6865
 13.975 -1.030-35.886-55.123-41.926  4.375  4.946  0.000  0.000
   0.000  0.000  0.000  0.000  0.000  0.000  0.000  0.000   0.00
112145 731 0 0 1 611282.686511283.6689
 13.599 -0.614-30.978-53.056-40.661  1.947 17.123  0.000  0.000
   0.000  0.000  0.000  0.000  0.000  0.000  0.000-43.305   0.00
112145 731 1 1 2 311282.686511283.6689
 14.884 -0.004 30.016-13.047  0.611  1.611 16.352-78.618 -0.733
 -12.780-13.218 31.163 29.279  0.630  0.981  1.523  0.331 108.39
112245 756 2 4 6 511283.668911284.6904
 12.993 -0.266-30.374-40.661-28.395 17.123 11.488 -4.457  0.940
 -39.583-43.305-30.447-30.196 12.163  4.960-26.372-31.136  12.37
112245 756 1 2 3 411283.668911284.6904
 14.340 -0.564 30.012  0.611 14.254 16.352 11.793 29.769  1.635
   1.523  0.331 29.560 30.151  3.843 12.509 15.330 12.157 -41.69
112345 725 3 2 5 111284.690411285.6680
 16.632 -0.694-30.102-28.395-13.095 11.488  9.139  7.916 -4.161
 -26.372-31.136-29.859-30.432  6.611  4.877  0.000  0.000   0.00
112345 725 8 2101111284.690411285.6680
 15.544  0.047 28.281  1.858 16.094 19.090 39.115 22.672 -0.369
   4.197  0.323 27.421 28.846  7.560 11.530 17.329 13.557 -18.67
112345 725 2 2 41311284.690411285.6680
 15.517 -0.344 29.436 14.254 28.463 11.793 23.344-11.923 -0.151
  15.330 12.157 29.633 29.050  7.795  3.998 30.243 27.228  21.76
112345 725 3 2 5 511284.690411285.6680
 16.555 -0.789 20.218 17.028 32.252 37.752  1.727  3.189  2.145
  18.753 16.454 20.128 20.248  9.425 28.327 34.736 30.369  13.78
112445 757 7 411 211285.668011286.6719
 10.938  0.583 28.327 16.094 26.082 39.115 17.322  4.004 -1.974
  17.329 13.557 28.251 28.483 26.308 12.807 26.663 25.519  38.30
112445 757 6 713 711285.668011286.6719
 12.776  0.070 29.099 28.463 40.296 23.344 21.732  9.842  2.209
  30.243 27.228 28.829 29.286  9.562 13.782 44.192 38.601 -10.44
112445 757 1 4 5 111285.668011286.6719
 12.892  0.188 19.447 32.252 44.201  1.727  0.766 16.968 -4.305
  34.736 30.369 18.732 19.989  0.745  0.982  0.000  0.000   0.00
112545 753 1 1 2 311286.671911287.6738
 12.889 -0.055 28.912 26.082 38.019 17.322 16.789 42.307 -0.158
  26.663 25.519 28.449 29.360  8.517  8.805 39.013 37.888  -7.77
112545 753 2 1 3 211286.671911287.6738
 13.562 -0.304 27.628 31.842 44.455  6.756 12.825 62.153  0.049
  32.094 31.690 27.205 27.883  2.545  4.211 44.670 44.447  13.76
112545 753 2 5 71111286.671911287.6738
 15.726 -0.180 29.169 40.296 55.078 21.732 15.384 -0.600  0.277
  44.192 38.601 29.205 29.154  6.586 15.146 56.856 50.961   1.86
112645 748 4 610 611287.673811288.6729
 16.359  0.009 10.107  6.039 21.392 25.184  6.553 20.208 -1.986
   6.493  3.842  9.942 10.903 20.868  4.316 21.831 21.079 -41.79
112645 748 1 1 2 511287.673811288.6729
 11.725 -0.472 27.323 44.455 55.181 12.825 22.593 75.917  5.604
  44.670 44.447 26.561 27.352  0.473 12.352 56.730 49.910 -57.30
112745 751 1 5 6 511288.672911289.6768
 15.465  0.065 10.116 21.392 35.934  6.553 10.188-21.581  1.060
  21.831 21.079 10.287  9.995  2.728  3.824 36.214 34.424   3.39
12 145 245 4 7111011292.885711293.6670
 13.180  0.302-14.295-13.698 -4.162 28.518 20.714  2.747  0.663
 -11.878-16.323-14.210-14.417 16.841 11.677 -1.820 -6.957  -4.71
12 245 759 3 7101211293.667011294.8740
 13.228  0.417-14.531 -4.162 10.608 20.714 31.194 -1.967 -1.757
  -1.820 -6.957-14.609-14.438 11.270  9.444 12.182  8.868   7.93
12 345 3 1 7 5121611294.874011295.8057
 13.040 -0.469-15.034 10.608 21.844 31.194 42.266  5.960  1.400
  12.182  8.868-14.875-15.210 16.382 14.812 25.034 20.275 -10.39
12 445 439 7 916 911295.805711296.6768
 15.728  0.262-14.597 21.844 34.695 42.266 25.148 -4.435 -0.393
  25.034 20.275-14.836-14.479 13.932 28.334 36.796 32.448  10.37
12 545 745 5 4 9 711296.676811297.6729
 14.261  0.584-14.825 34.695 47.917 25.148 28.901  5.931  0.566
  36.796 32.448-14.614-15.051 12.992 12.156 49.322 44.358  -8.95
12 545 745 1 1 2 111296.676811297.6729
 15.446  0.354-21.644-48.977-34.574 12.177  1.088-15.594 -3.956
 -46.671-50.770-22.242-21.178  5.327  6.850  0.000  0.000   0.00
121345 8 7 3 1 4 211304.662111305.6787
 12.071  0.434 15.654-40.775-29.501  9.800  3.419 12.984 -4.054
 -38.551-42.958 15.160 16.139  4.854  4.946-29.243-29.553 -18.97
121345 8 7 3 2 5 311304.662111305.6787
 16.458 -0.577 27.679 -4.526 11.208  4.432  2.525 17.739  0.933
  -2.119 -5.003 26.997 27.814  0.734  3.698 11.516  7.565  -4.52
121545 447 0 0 1 211306.799811307.6709
 13.216  0.382 29.790-58.758-48.103 12.888 23.667  0.000  0.000
   0.000  0.000  0.000  0.000  0.000  0.000  0.000-48.439   0.00
121545 447 2 2 4 211306.799811307.6709
 15.901 -0.842 23.490-20.712 -7.720  4.153  3.743  8.671 -0.787
 -19.361-23.066 23.301 23.819  2.638  1.515 -7.682-10.522 -17.54
121645 753 1 1 2 311307.670911308.6758
 12.318  0.060 22.756 -7.720  3.672  3.743  2.165 -8.865  0.657
  -7.682-10.522 22.762 22.353  3.693  0.050  6.114  2.576  18.41
121645 753 0 0 11011307.670911308.6758
 14.770  0.175 27.886 -8.015  5.841  0.578  6.865  0.000  0.000
   0.000  0.000  0.000  0.000  0.000  0.000  0.000  3.839   0.00
121645 753 1 1 2 311307.670911308.6758
 13.230  0.021 30.123-48.103-35.796 23.667  6.521-71.894  0.606
 -48.097-48.439 30.139 29.235 23.236  0.431-35.463-37.158  52.21
