 1 433 747 0 0 1 1 6578.6748 6579.6743
 13.926  0.190 10.607-58.008-45.070  5.583 22.091  0.000  0.000
   0.000  0.000  0.000  0.000  0.000  0.000  0.000  0.000   0.00
 1 533 748 0 0 1 1 6579.6743 6580.6738
 14.215  0.292 10.798-45.070-31.844 22.091 14.694  0.000  0.000
   0.000  0.000  0.000  0.000  0.000  0.000  0.000  0.000   0.00
 1 533 748 1 1 2 2 6579.6743 6580.6738
 14.138  0.906  9.077-58.818-45.668 12.288  6.019-87.573  0.232
 -58.803-58.821  9.423  9.003  2.173 10.115-45.513-45.675 163.51
 1 633 749 0 0 1 1 6580.6738 6581.6729
 13.819 -0.952 11.089-31.844-19.014 14.694 15.840  0.000  0.000
   0.000  0.000  0.000  0.000  0.000  0.000  0.000  0.000   0.00
 1 633 749 1 1 2 2 6580.6738 6581.6729
 13.733 -1.518  9.982-45.668-32.923  6.019  8.065 75.942 -0.174
 -45.513-45.675  9.375 10.009  0.252  5.767-32.910-33.141 -14.43
 1 733 751 1 1 2 1 6581.6729 6582.7617
 15.318  1.323  8.466-32.923-17.309  8.065 12.034 61.509 -0.480
 -32.910-33.141  8.442  8.864  7.612  0.452  0.000  0.000   0.00
 1 733 751 0 0 1 1 6581.6729 6582.7617
 14.903  0.486 10.138-19.014 -3.852 15.840 19.320  0.000  0.000
   0.000  0.000  0.000  0.000  0.000  0.000  0.000  0.000   0.00
 1 833 542 0 0 1 2 6582.7617 6583.6748
 13.507  0.007  9.907-17.309 -5.869 12.034  5.426  0.000  0.000
   0.000  0.000  0.000  0.000  0.000  0.000  0.000 -5.880   0.00
 1 833 542 0 0 1 1 6582.7617 6583.6748
 13.714  0.257 10.667 -3.852  7.777 19.320  7.811  0.000  0.000
   0.000  0.000  0.000  0.000  0.000  0.000  0.000  0.000   0.00
 1 933 747 1 1 2 1 6583.6748 6584.6826
 14.316 -0.275  9.913 -5.869  7.570  5.426 15.032-84.195 -0.479
  -5.831 -5.880 10.283  9.806  1.214  4.212  0.000  0.000   0.00
 1 933 747 0 0 1 1 6583.6748 6584.6826
 14.541 -0.634 10.902  7.777 21.442  7.811 16.466  0.000  0.000
   0.000  0.000  0.000  0.000  0.000  0.000  0.000  0.000   0.00
 11233 730 0 0 1 4 6586.6870 6587.6743
 14.494  2.464 10.264 21.442 34.788 16.466  4.554  0.000  0.000
   0.000  0.000  0.000  0.000  0.000  0.000  0.000 33.819   0.00
 11333 748 1 2 3 6 6587.6743 6588.6807
 14.290  0.225  1.954  5.879 19.274 16.675  9.984 14.135 -0.717
   7.234  3.663  1.613  2.511 10.348  6.326 20.548 17.671  -0.03
 11333 748 3 1 4 4 6587.6743 6588.6807
 16.919  0.084 12.697 34.788 50.827  4.554 11.636 32.620  0.213
  35.703 33.819 12.126 13.302  2.342  2.212 51.737 49.568 -60.60
 2 333 753 0 0 1 1 6608.6714 6609.7568
 14.553  0.357  5.554 32.539 47.273 29.796  5.872  0.000  0.000
   0.000  0.000  0.000  0.000  0.000  0.000  0.000  0.000   0.00
 2 333 753 0 0 1 1 6608.6714 6609.7568
 15.256 -1.887  6.877 24.045 39.541  0.050  0.050  0.000  0.000
   0.000  0.000  0.000  0.000  0.000  0.000  0.000  0.000   0.00
 2 333 753 0 0 1 1 6608.6714 6609.7568
 14.270  0.036  9.882-23.139 -8.712 12.465  0.254  0.000  0.000
   0.000  0.000  0.000  0.000  0.000  0.000  0.000  0.000   0.00
 2 333 753 1 1 227 6608.6714 6609.7568
 14.936 -1.963 15.833-48.683-33.534  0.606 74.845-66.956  8.483
 -48.652-49.027 15.903 15.056  0.556  0.050-28.588-38.074  55.51
 2 433 549 0 0 1 1 6609.7568 6610.8125
 14.262 -0.301  9.920 -8.712  5.309  0.254  8.972  0.000  0.000
   0.000  0.000  0.000  0.000  0.000  0.000  0.000  0.000   0.00
 2 433 54911162759 6609.7568 6610.8125
 13.117 -0.588 13.703-33.534-20.721 74.845 97.394-11.442 -0.037
 -28.588-38.074 14.675 12.810 35.824 39.021-16.140-25.677   4.11
 2 433 549 0 0 1 3 6609.7568 6610.8125
 13.992 -0.044 14.168-50.031-36.295  0.050  7.985  0.000  0.000
   0.000  0.000  0.000  0.000  0.000  0.000  0.000-37.654   0.00
 2 533 430 0 0 1 1 6610.8125 6611.7925
 14.230  0.169  9.603  5.309 18.293  8.972  6.610  0.000  0.000
   0.000  0.000  0.000  0.000  0.000  0.000  0.000  0.000   0.00
 2 533 43030295961 6610.8125 6611.7925
 14.127  0.479 13.082-20.721 -7.838 97.394109.148 -7.332  1.126
 -16.140-25.677 13.656 12.461 50.611 46.783 -2.700-13.471   3.64
 2 633 459 0 0 1 2 6611.7925 6612.7637
 14.600 -0.861  9.768 18.293 31.525  6.610  6.230  0.000  0.000
   0.000  0.000  0.000  0.000  0.000  0.000  0.000 31.310   0.00
 2 633 45922396125 6611.7925 6612.7637
 14.567 -0.112 13.551 -7.838  5.363109.148111.201 -3.692  1.635
  -2.700-13.471 13.873 13.198 57.080 52.069 11.165 -1.084  -7.10
 2 733 539 1 1 2 1 6612.7637 6613.7764
 13.858  0.575  8.932 31.525 44.565  6.230  2.511-50.081 -0.567
  31.678 31.310  9.112  8.678  3.647  2.583  0.000  0.000   0.00
 2 833 522 0 0 1 1 6613.7764 6614.8013
 13.696 -0.304  9.514 44.565 57.600  2.511  0.222  0.000  0.000
   0.000  0.000  0.000  0.000  0.000  0.000  0.000  0.000   0.00
 2 833 522 6 91516 6613.7764 6614.8013
 14.194  0.072 14.479 25.061 38.606 26.894 26.553-17.542 -1.117
  26.977 22.946 15.065 13.832 14.114 12.780 39.410 36.973 -20.02
 2 933 445 41216 7 6614.8013 6615.6777
 14.323 -0.244 14.553 38.606 50.300 26.553 36.696-37.559  0.805
  39.410 36.973 15.151 13.337 17.799  8.753 51.642 48.438   2.73
 2 933 44512102214 6614.8013 6615.6777
 15.762 -0.656 12.330 22.477 35.433 41.889 45.028 21.263 -0.702
  25.319 19.747 11.250 13.368 20.525 21.364 38.458 33.364  -7.30
 21033 744 4101416 6615.6777 6616.6978
 15.046 -0.120 11.755 35.433 49.782 45.028 25.764 13.965 -0.815
  38.458 33.364 11.018 12.259 18.284 26.744 52.394 47.997  -8.73
 3 333 7 9 0 0 1 1 6636.7012 6637.6860
 13.197 -0.068 15.622-31.444-19.415  4.893  5.166  0.000  0.000
   0.000  0.000  0.000  0.000  0.000  0.000  0.000  0.000   0.00
 3 333 7 9 0 0 1 1 6636.7012 6637.6860
 13.737  0.212 11.407-41.767-29.206 17.824 16.490  0.000  0.000
   0.000  0.000  0.000  0.000  0.000  0.000  0.000  0.000   0.00
 3 433 731 0 0 1 1 6637.6860 6638.6870
 14.332 -0.371 15.555-19.415 -6.055  5.166 11.733  0.000  0.000
   0.000  0.000  0.000  0.000  0.000  0.000  0.000  0.000   0.00
 3 433 731 0 0 1 1 6637.6860 6638.6870
 14.756 -0.007 11.616-29.206-15.422 16.490 14.483  0.000  0.000
   0.000  0.000  0.000  0.000  0.000  0.000  0.000  0.000   0.00
 3 533 730 0 0 1 1 6638.6870 6639.6826
 13.368 -0.470 15.183 -6.055  6.279 11.733  5.992  0.000  0.000
   0.000  0.000  0.000  0.000  0.000  0.000  0.000  0.000   0.00
 3 533 730 0 0 1 1 6638.6870 6639.6826
 13.563 -0.612 11.610-15.422 -2.894 14.483  1.531  0.000  0.000
   0.000  0.000  0.000  0.000  0.000  0.000  0.000  0.000   0.00
 32533 644 3 3 6 7 6658.7192 6659.6665
 13.975  0.189 10.066 20.716 33.020 18.008  3.972 11.024  1.009
  22.488 19.388  9.726 10.320  7.714 10.294 35.090 31.130   7.83
 32533 644 1 2 3 5 6658.7192 6659.6665
 14.153  0.127  4.783-30.372-17.898 18.069 16.068 14.830 -0.328
 -30.141-31.101  4.722  4.975 13.727  4.342-17.506-18.151  -1.01
 33033 8 8 3 4 7 1 6663.6606 6664.7241
 14.934 -0.406  5.153 34.936 49.776 12.336 15.483 27.138 -3.459
  35.336 32.245  4.949  6.527 10.739  1.597  0.000  0.000   0.00
 614331026 3 71013 6739.5645 6740.5630
 13.818  0.021  5.287-28.682-15.864 14.236 28.410-12.649 -0.483
 -27.319-30.825  5.592  4.808  8.701  5.535-14.281-17.265  -3.69
 615331028 5 813 7 6740.5630 6741.5576
 15.921  0.800  5.308-15.864 -1.006 28.410  8.115-16.343 -1.638
 -14.281-17.265  5.770  4.899 13.342 15.068 -0.754 -1.995 -15.81
 616331037 2 5 7 1 6741.5576 6742.5547
 14.321 -0.121  6.104 -1.006 12.297  8.115  3.119-32.155 -1.458
  -0.754 -1.995  6.262  5.486  6.461  1.653  0.000  0.000   0.00
 617331041 0 0 1 1 6742.5547 6743.5640
 14.261 -0.049  5.984 12.297 25.697  3.119 15.513  0.000  0.000
   0.000  0.000  0.000  0.000  0.000  0.000  0.000  0.000   0.00
 618331027 0 0 1 1 6743.5640 6744.5610
 13.736  0.530  5.934 25.697 38.416 15.513  6.841  0.000  0.000
   0.000  0.000  0.000  0.000  0.000  0.000  0.000  0.000   0.00
 619331031 0 0 1 1 6744.5610 6745.5728
 14.333 -0.215  6.463 38.416 51.925  6.841  3.430  0.000  0.000
   0.000  0.000  0.000  0.000  0.000  0.000  0.000  0.000   0.00
 9 833 923 4 3 7 9 6825.6084 6826.6074
 16.361  0.247 -9.429 40.942 56.310 21.247 10.315 -3.429 -1.316
  43.545 38.850 -9.583 -9.306  9.468 11.779 57.412 54.075  -4.86
102733 439 3 2 5 9 6874.8057 6875.6943
 15.225 -0.102  9.079 12.630 25.287 28.806 17.107  2.542 -0.298
  16.341 10.769  8.916  9.160  9.622 19.184 29.002 23.736   0.58
