 1 433 747 0 0 1 1 6578.6748 6579.6743
 13.926  0.190 10.607 10.798-58.008-45.070  5.583 22.091 10.607
 -58.008  5.583 22.091  0.000  0.000  0.000  0.000 13.926   0.19
 1 533 748 0 0 1 1 6579.6743 6580.6738
 14.215  0.292 10.798 11.089-45.070-31.844 22.091 14.694 10.798
 -45.070 22.091 14.694  0.000  0.000  0.000  0.000 14.215   0.29
 1 533 748 1 1 2 2 6579.6743 6580.6738
 14.135  1.007  9.003 10.009-58.821-45.675 10.115  5.767  9.077
 -58.818 12.288  6.019  0.421  0.232-87.573 75.942 14.138   0.91
 1 533 748 1 1 2 2 6579.6743 6580.6738
 14.117  0.586  9.423 10.009-58.803-45.675  2.173  5.767  9.077
 -58.818 12.288  6.019  0.421  0.232-87.573 75.942 14.138   0.91
 1 633 749 0 0 1 1 6580.6738 6581.6729
 13.819 -0.952 11.089 10.138-31.844-19.014 14.694 15.840 11.089
 -31.844 14.694 15.840  0.000  0.000  0.000  0.000 13.819  -0.95
 1 633 749 1 1 2 2 6580.6738 6581.6729
 13.592 -0.934  9.375  8.442-45.513-32.910  0.252  7.612  9.982
 -45.668  6.019  8.065  0.654 -0.174 75.942 61.509 13.733  -1.52
 1 733 751 1 1 2 1 6581.6729 6582.7617
 15.306  1.345  8.442  9.907-32.910-17.309  7.612 12.034  8.466
 -32.923  8.065 12.034  0.480 -0.480 61.509  0.000 15.318   1.32
 1 733 751 1 1 2 1 6581.6729 6582.7617
 15.519  0.958  8.864  9.907-33.141-17.309  0.452 12.034  8.466
 -32.923  8.065 12.034  0.480 -0.480 61.509  0.000 15.318   1.32
 1 733 751 0 0 1 1 6581.6729 6582.7617
 14.903  0.486 10.138 10.667-19.014 -3.852 15.840 19.320 10.138
 -19.014 15.840 19.320  0.000  0.000  0.000  0.000 14.903   0.49
 1 833 542 0 0 1 2 6582.7617 6583.6748
 13.495 -0.110  9.907  9.806-17.309 -5.880 12.034  4.212  9.907
 -17.309 12.034  5.426  0.000  0.479  0.000-84.195 13.507   0.01
 1 833 542 0 0 1 1 6582.7617 6583.6748
 13.714  0.257 10.667 10.902 -3.852  7.777 19.320  7.811 10.667
  -3.852 19.320  7.811  0.000  0.000  0.000  0.000 13.714   0.26
 1 933 747 1 1 2 1 6583.6748 6584.6826
 14.327 -0.169  9.806  9.636 -5.880  7.570  4.212 15.032  9.913
  -5.869  5.426 15.032  0.479 -0.479-84.195  0.000 14.316  -0.27
 1 933 747 0 0 1 1 6583.6748 6584.6826
 14.541 -0.634 10.902 10.264  7.777 21.442  7.811 16.466 10.902
   7.777  7.811 16.466  0.000  0.000  0.000  0.000 14.541  -0.63
 11333 748 1 2 3 6 6587.6743 6588.6807
 14.820  0.548  1.352  1.904  3.706 17.634  2.016  0.449  1.954
   5.879 16.675  9.984  3.680 -0.717 14.135 14.102 14.290   0.23
 11333 748 3 1 4 4 6587.6743 6588.6807
 15.341  0.025 11.836 11.861 35.038 49.490  0.393  2.217 12.697
  34.788  4.554 11.636  2.182  0.213 32.620-27.982 16.919   0.08
 11333 748 3 1 4 4 6587.6743 6588.6807
 14.713  0.272 12.063 12.337 35.843 49.662  1.800  2.614 12.697
  34.788  4.554 11.636  2.182  0.213 32.620-27.982 16.919   0.08
 11333 748 3 1 4 4 6587.6743 6588.6807
 15.208 -0.102 13.302 13.199 33.819 48.137  2.212  0.050 12.697
  34.788  4.554 11.636  2.182  0.213 32.620-27.982 16.919   0.08
 2 333 753 0 0 1 1 6608.6714 6609.7568
 14.553  0.357  5.554  5.941 32.539 47.273 29.796  5.872  5.554
  32.539 29.796  5.872  0.000  0.000  0.000  0.000 14.553   0.36
 2 333 753 0 0 1 1 6608.6714 6609.7568
 15.256 -1.887  6.877  4.828 24.045 39.541  0.050  0.050  6.877
  24.045  0.050  0.050  0.000  0.000  0.000  0.000 15.256  -1.89
 2 333 753 0 0 1 1 6608.6714 6609.7568
 14.270  0.036  9.882  9.920-23.139 -8.712 12.465  0.254  9.882
 -23.139 12.465  0.254  0.000  0.000  0.000  0.000 14.270   0.04
 2 333 753 1 1 227 6608.6714 6609.7568
 16.102 -1.337 15.903 14.452-48.652-32.238  0.556  0.838 15.833
 -48.683  0.606 74.845  0.921  8.483-66.956-11.442 14.936  -1.96
 2 333 753 1 1 227 6608.6714 6609.7568
 16.229 -1.118 15.056 13.842-49.027-32.474  0.050  0.050 15.833
 -48.683  0.606 74.845  0.921  8.483-66.956-11.442 14.936  -1.96
 2 433 549 0 0 1 1 6609.7568 6610.8125
 14.262 -0.301  9.920  9.603 -8.712  5.309  0.254  8.972  9.920
  -8.712  0.254  8.972  0.000  0.000  0.000  0.000 14.262  -0.30
 2 433 54911162759 6609.7568 6610.8125
 14.749 -0.050 14.864 14.810-25.734-11.199  0.498  0.050 13.703
 -33.534 74.845 97.394  9.404 -0.037-11.442 -7.332 13.117  -0.59
 2 433 54911162759 6609.7568 6610.8125
 14.586  0.015 14.644 14.660-27.203-12.840  1.626  1.602 13.703
 -33.534 74.845 97.394  9.404 -0.037-11.442 -7.332 13.117  -0.59
 2 433 54911162759 6609.7568 6610.8125
 14.496 -0.057 15.217 15.157-27.524-13.256 19.915  0.442 13.703
 -33.534 74.845 97.394  9.404 -0.037-11.442 -7.332 13.117  -0.59
 2 433 54911162759 6609.7568 6610.8125
 14.420  0.075 14.558 14.637-28.281-14.093  0.658  0.050 13.703
 -33.534 74.845 97.394  9.404 -0.037-11.442 -7.332 13.117  -0.59
 2 433 54911162759 6609.7568 6610.8125
 15.032  0.307 13.959 14.283-29.590-14.757  3.166  0.636 13.703
 -33.534 74.845 97.394  9.404 -0.037-11.442 -7.332 13.117  -0.59
 2 433 54911162759 6609.7568 6610.8125
 14.738  0.393 14.364 14.779-29.933-15.410  0.777  1.058 13.703
 -33.534 74.845 97.394  9.404 -0.037-11.442 -7.332 13.117  -0.59
 2 433 54911162759 6609.7568 6610.8125
 14.617  0.337 15.092 15.448-31.738-17.343  1.058  0.558 13.703
 -33.534 74.845 97.394  9.404 -0.037-11.442 -7.332 13.117  -0.59
 2 433 54911162759 6609.7568 6610.8125
 14.926  0.356 15.573 15.948-33.709-18.987  8.140  1.270 13.703
 -33.534 74.845 97.394  9.404 -0.037-11.442 -7.332 13.117  -0.59
 2 433 54911162759 6609.7568 6610.8125
 14.699  0.079 16.250 16.334-33.753-19.271  1.860  1.368 13.703
 -33.534 74.845 97.394  9.404 -0.037-11.442 -7.332 13.117  -0.59
 2 433 54911162759 6609.7568 6610.8125
 14.602 -0.011 13.468 13.456-36.437-22.056  5.313  0.174 13.703
 -33.534 74.845 97.394  9.404 -0.037-11.442 -7.332 13.117  -0.59
 2 433 54911162759 6609.7568 6610.8125
 15.016  0.181 11.739 11.930-37.101-22.284  0.050  0.050 13.703
 -33.534 74.845 97.394  9.404 -0.037-11.442 -7.332 13.117  -0.59
 2 433 54911162759 6609.7568 6610.8125
 14.417  0.185 10.825 11.021-38.529-24.345  0.354  2.430 13.703
 -33.534 74.845 97.394  9.404 -0.037-11.442 -7.332 13.117  -0.59
 2 433 54911162759 6609.7568 6610.8125
 14.352  0.225 12.902 13.140-39.536-25.419  1.288  2.583 13.703
 -33.534 74.845 97.394  9.404 -0.037-11.442 -7.332 13.117  -0.59
 2 433 54911162759 6609.7568 6610.8125
 14.455  0.339 12.957 13.314-40.902-26.677  0.251  0.160 13.703
 -33.534 74.845 97.394  9.404 -0.037-11.442 -7.332 13.117  -0.59
 2 433 54911162759 6609.7568 6610.8125
 14.281  0.181 13.484 13.675-41.439-27.399  1.150  3.711 13.703
 -33.534 74.845 97.394  9.404 -0.037-11.442 -7.332 13.117  -0.59
 2 433 54911162759 6609.7568 6610.8125
 14.800  0.133 10.904 11.045-41.109-26.521  1.221 17.957 13.703
 -33.534 74.845 97.394  9.404 -0.037-11.442 -7.332 13.117  -0.59
 2 433 54911162759 6609.7568 6610.8125
 15.004  0.341 11.529 11.889-41.408-26.604  0.050  0.050 13.703
 -33.534 74.845 97.394  9.404 -0.037-11.442 -7.332 13.117  -0.59
 2 433 54911162759 6609.7568 6610.8125
 14.453  0.240 15.118 15.372-40.635-26.413  0.050  0.507 13.703
 -33.534 74.845 97.394  9.404 -0.037-11.442 -7.332 13.117  -0.59
 2 433 549 0 0 1 3 6609.7568 6610.8125
 16.096 -1.097 14.168 13.010-50.031-34.074  0.050  2.979 14.168
 -50.031  0.050  7.985  0.000  3.904  0.000 27.094 13.992  -0.04
 2 533 430 0 0 1 1 6610.8125 6611.7925
 14.230  0.169  9.603  9.768  5.309 18.293  8.972  6.610  9.603
   5.309  8.972  6.610  0.000  0.000  0.000  0.000 14.230   0.17
 2 533 43030295961 6610.8125 6611.7925
 14.456  0.353 14.597 14.943-12.391  0.815  3.198  2.611 13.082
 -20.721 97.394109.148  9.366  1.126 -7.332 -3.692 14.127   0.48
 2 533 43030295961 6610.8125 6611.7925
 14.410  0.441 14.660 15.092-12.840  0.320  1.602  5.688 13.082
 -20.721 97.394109.148  9.366  1.126 -7.332 -3.692 14.127   0.48
 2 533 43030295961 6610.8125 6611.7925
 14.197  0.539 14.597 15.126-13.187 -0.235  0.174  2.916 13.082
 -20.721 97.394109.148  9.366  1.126 -7.332 -3.692 14.127   0.48
 2 533 43030295961 6610.8125 6611.7925
 14.233  0.416 14.637 15.045-14.093 -1.106  0.050  2.818 13.082
 -20.721 97.394109.148  9.366  1.126 -7.332 -3.692 14.127   0.48
 2 533 43030295961 6610.8125 6611.7925
 14.257  0.310 14.928 15.232-13.690 -0.680  4.556  0.144 13.082
 -20.721 97.394109.148  9.366  1.126 -7.332 -3.692 14.127   0.48
 2 533 43030295961 6610.8125 6611.7925
 13.918  0.448 15.157 15.596-13.256 -0.578  0.442  4.805 13.082
 -20.721 97.394109.148  9.366  1.126 -7.332 -3.692 14.127   0.48
 2 533 43030295961 6610.8125 6611.7925
 13.839  0.633 14.283 14.903-14.757 -2.156  0.636  0.050 13.082
 -20.721 97.394109.148  9.366  1.126 -7.332 -3.692 14.127   0.48
 2 533 43030295961 6610.8125 6611.7925
 14.265  0.535 14.779 15.303-15.410 -2.391  1.058  0.172 13.082
 -20.721 97.394109.148  9.366  1.126 -7.332 -3.692 14.127   0.48
 2 533 43030295961 6610.8125 6611.7925
 14.394  0.253 14.903 15.151-17.486 -4.341  0.434  0.590 13.082
 -20.721 97.394109.148  9.366  1.126 -7.332 -3.692 14.127   0.48
 2 533 43030295961 6610.8125 6611.7925
 14.464  0.338 15.243 15.574-18.396 -5.183  6.010  0.479 13.082
 -20.721 97.394109.148  9.366  1.126 -7.332 -3.692 14.127   0.48
 2 533 43030295961 6610.8125 6611.7925
 14.387  0.710 14.155 14.851-18.905 -5.767  0.750  0.570 13.082
 -20.721 97.394109.148  9.366  1.126 -7.332 -3.692 14.127   0.48
 2 533 43030295961 6610.8125 6611.7925
 14.197  0.707 13.456 14.149-22.056 -9.105  0.174  0.050 13.082
 -20.721 97.394109.148  9.366  1.126 -7.332 -3.692 14.127   0.48
 2 533 43030295961 6610.8125 6611.7925
 14.030  0.311 13.845 14.149-21.892 -9.105  1.965  0.050 13.082
 -20.721 97.394109.148  9.366  1.126 -7.332 -3.692 14.127   0.48
 2 533 43030295961 6610.8125 6611.7925
 13.762  0.390 14.125 14.508-22.500 -9.974  0.050  0.498 13.082
 -20.721 97.394109.148  9.366  1.126 -7.332 -3.692 14.127   0.48
 2 533 43030295961 6610.8125 6611.7925
 14.116  0.567 13.065 13.621-22.542 -9.670  0.920  0.344 13.082
 -20.721 97.394109.148  9.366  1.126 -7.332 -3.692 14.127   0.48
 2 533 43030295961 6610.8125 6611.7925
 14.190  0.311 12.499 12.804-23.013-10.068  0.050  0.706 13.082
 -20.721 97.394109.148  9.366  1.126 -7.332 -3.692 14.127   0.48
 2 533 43030295961 6610.8125 6611.7925
 14.497  0.267 11.021 11.283-24.345-11.099  2.430  2.300 13.082
 -20.721 97.394109.148  9.366  1.126 -7.332 -3.692 14.127   0.48
 2 533 43030295961 6610.8125 6611.7925
 14.159  0.420 11.490 11.901-24.563-11.648  0.777  0.050 13.082
 -20.721 97.394109.148  9.366  1.126 -7.332 -3.692 14.127   0.48
 2 533 43030295961 6610.8125 6611.7925
 13.751  0.390 11.889 12.271-26.604-14.089  0.050  0.518 13.082
 -20.721 97.394109.148  9.366  1.126 -7.332 -3.692 14.127   0.48
 2 533 43030295961 6610.8125 6611.7925
 14.137  0.342 13.140 13.475-25.419-12.526  2.583  2.604 13.082
 -20.721 97.394109.148  9.366  1.126 -7.332 -3.692 14.127   0.48
 2 533 43030295961 6610.8125 6611.7925
 13.974  0.582 13.081 13.651-26.385-13.651  5.606  0.509 13.082
 -20.721 97.394109.148  9.366  1.126 -7.332 -3.692 14.127   0.48
 2 533 43030295961 6610.8125 6611.7925
 14.273  0.344 13.314 13.651-26.677-13.651  0.160  0.509 13.082
 -20.721 97.394109.148  9.366  1.126 -7.332 -3.692 14.127   0.48
 2 533 43030295961 6610.8125 6611.7925
 13.931  0.363 13.154 13.509-26.982-14.290  0.637  3.248 13.082
 -20.721 97.394109.148  9.366  1.126 -7.332 -3.692 14.127   0.48
 2 533 43030295961 6610.8125 6611.7925
 14.332  0.269 13.364 13.627-27.504-14.420  0.300  0.108 13.082
 -20.721 97.394109.148  9.366  1.126 -7.332 -3.692 14.127   0.48
 2 533 43030295961 6610.8125 6611.7925
 14.275  0.484 14.912 15.387-25.705-12.677  1.031  0.050 13.082
 -20.721 97.394109.148  9.366  1.126 -7.332 -3.692 14.127   0.48
 2 533 43030295961 6610.8125 6611.7925
 13.910  0.303 15.090 15.387-25.348-12.677  0.050  0.050 13.082
 -20.721 97.394109.148  9.366  1.126 -7.332 -3.692 14.127   0.48
 2 533 43030295961 6610.8125 6611.7925
 13.950  0.386 15.372 15.750-26.413-13.703  0.507  8.409 13.082
 -20.721 97.394109.148  9.366  1.126 -7.332 -3.692 14.127   0.48
 2 533 43030295961 6610.8125 6611.7925
 14.321  0.394 15.363 15.750-26.776-13.703  1.474  8.409 13.082
 -20.721 97.394109.148  9.366  1.126 -7.332 -3.692 14.127   0.48
 2 633 459 0 0 1 2 6611.7925 6612.7637
 14.757 -0.675  9.768  9.112 18.293 31.678  6.610  3.647  9.768
  18.293  6.610  6.230  0.000  0.567  0.000-50.081 14.600  -0.86
 2 633 45922396125 6611.7925 6612.7637
 15.251 -0.353 15.092 14.749  0.320 14.186  5.688 12.820 13.551
  -7.838109.148111.201 10.493  1.635 -3.692-10.789 14.567  -0.11
 2 633 45922396125 6611.7925 6612.7637
 14.920 -0.315 15.126 14.819 -0.235 13.309  2.916  4.445 13.551
  -7.838109.148111.201 10.493  1.635 -3.692-10.789 14.567  -0.11
 2 633 45922396125 6611.7925 6612.7637
 15.089 -0.557 14.827 14.286 -4.978  8.731 10.503 19.364 13.551
  -7.838109.148111.201 10.493  1.635 -3.692-10.789 14.567  -0.11
 2 633 45922396125 6611.7925 6612.7637
 14.826 -0.723 15.574 14.872 -5.183  8.270  0.479  0.050 13.551
  -7.838109.148111.201 10.493  1.635 -3.692-10.789 14.567  -0.11
 2 633 45922396125 6611.7925 6612.7637
 14.838 -0.731 14.851 14.141 -5.767  7.698  0.570  2.514 13.551
  -7.838109.148111.201 10.493  1.635 -3.692-10.789 14.567  -0.11
 2 633 45922396125 6611.7925 6612.7637
 15.222 -0.278 15.142 14.872 -5.568  8.270  1.045  0.050 13.551
  -7.838109.148111.201 10.493  1.635 -3.692-10.789 14.567  -0.11
 2 633 45922396125 6611.7925 6612.7637
 14.602 -0.433 11.283 10.862-11.099  2.136  2.300  1.140 13.551
  -7.838109.148111.201 10.493  1.635 -3.692-10.789 14.567  -0.11
 2 633 45922396125 6611.7925 6612.7637
 14.840 -0.685 13.475 12.810-12.526  0.940  2.604  0.586 13.551
  -7.838109.148111.201 10.493  1.635 -3.692-10.789 14.567  -0.11
 2 633 45922396125 6611.7925 6612.7637
 14.722 -0.520 13.461 12.957-13.056  0.295  0.890  0.050 13.551
  -7.838109.148111.201 10.493  1.635 -3.692-10.789 14.567  -0.11
 2 633 45922396125 6611.7925 6612.7637
 15.366 -0.327 13.274 12.957-13.682  0.295  0.050  0.050 13.551
  -7.838109.148111.201 10.493  1.635 -3.692-10.789 14.567  -0.11
 2 633 45922396125 6611.7925 6612.7637
 14.460 -0.563 13.651 13.104-13.651 -0.554  0.509  1.049 13.551
  -7.838109.148111.201 10.493  1.635 -3.692-10.789 14.567  -0.11
 2 633 45922396125 6611.7925 6612.7637
 15.118 -0.417 13.509 13.104-14.290 -0.554  3.248  1.049 13.551
  -7.838109.148111.201 10.493  1.635 -3.692-10.789 14.567  -0.11
 2 633 45922396125 6611.7925 6612.7637
 15.251 -0.538 13.627 13.104-14.420 -0.554  0.108  1.049 13.551
  -7.838109.148111.201 10.493  1.635 -3.692-10.789 14.567  -0.11
 2 633 45922396125 6611.7925 6612.7637
 15.336 -0.327 12.318 12.001-14.222 -0.274  0.050  0.050 13.551
  -7.838109.148111.201 10.493  1.635 -3.692-10.789 14.567  -0.11
 2 633 45922396125 6611.7925 6612.7637
 14.577 -0.460 11.309 10.862-11.075  2.136  8.230  1.140 13.551
  -7.838109.148111.201 10.493  1.635 -3.692-10.789 14.567  -0.11
 2 633 45922396125 6611.7925 6612.7637
 14.717 -0.662 11.269 10.626-13.588 -0.242  3.528  9.400 13.551
  -7.838109.148111.201 10.493  1.635 -3.692-10.789 14.567  -0.11
 2 633 45922396125 6611.7925 6612.7637
 15.199 -0.279 12.271 12.001-14.089 -0.274  0.518  0.050 13.551
  -7.838109.148111.201 10.493  1.635 -3.692-10.789 14.567  -0.11
 2 633 45922396125 6611.7925 6612.7637
 15.349 -0.356 12.382 12.036-18.658 -4.698  0.205  0.212 13.551
  -7.838109.148111.201 10.493  1.635 -3.692-10.789 14.567  -0.11
 2 633 45922396125 6611.7925 6612.7637
 15.243 -0.532 12.553 12.036-18.555 -4.698  0.050  0.212 13.551
  -7.838109.148111.201 10.493  1.635 -3.692-10.789 14.567  -0.11
 2 633 45922396125 6611.7925 6612.7637
 14.627 -0.631 13.088 12.475-20.077 -6.818  0.535  1.981 13.551
  -7.838109.148111.201 10.493  1.635 -3.692-10.789 14.567  -0.11
 2 633 45922396125 6611.7925 6612.7637
 15.363 -0.425 12.888 12.475-20.793 -6.818  1.733  1.981 13.551
  -7.838109.148111.201 10.493  1.635 -3.692-10.789 14.567  -0.11
 2 633 45922396125 6611.7925 6612.7637
 14.521 -0.636 15.336 14.718-24.546-11.390  1.940  0.319 13.551
  -7.838109.148111.201 10.493  1.635 -3.692-10.789 14.567  -0.11
 2 633 45922396125 6611.7925 6612.7637
 15.070 -0.680 15.379 14.718-25.080-11.390  0.517  0.319 13.551
  -7.838109.148111.201 10.493  1.635 -3.692-10.789 14.567  -0.11
 2 733 539 1 1 2 1 6612.7637 6613.7764
 14.071  0.826  8.678  9.514 31.310 44.565  2.583  2.511  8.932
  31.525  6.230  2.511  0.567 -0.567-50.081  0.000 13.858   0.57
 2 833 522 0 0 1 1 6613.7764 6614.8013
 13.696 -0.304  9.514  9.202 44.565 57.600  2.511  0.222  9.514
  44.565  2.511  0.222  0.000  0.000  0.000  0.000 13.696  -0.30
 2 833 522 6 91516 6613.7764 6614.8013
 13.795 -0.150 15.045 14.892 27.419 40.556  8.144  2.165 14.479
  25.061 26.894 26.553  4.092 -1.117-17.542-37.559 14.194   0.07
 2 833 522 6 91516 6613.7764 6614.8013
 14.584 -0.260 15.158 14.892 26.611 40.556  3.995  2.165 14.479
  25.061 26.894 26.553  4.092 -1.117-17.542-37.559 14.194   0.07
 2 833 522 6 91516 6613.7764 6614.8013
 14.166 -0.310 15.188 14.871 25.881 39.398  0.789  0.520 14.479
  25.061 26.894 26.553  4.092 -1.117-17.542-37.559 14.194   0.07
 2 833 522 6 91516 6613.7764 6614.8013
 14.182 -0.245 14.994 14.743 24.901 38.433  1.345  1.917 14.479
  25.061 26.894 26.553  4.092 -1.117-17.542-37.559 14.194   0.07
 2 833 522 6 91516 6613.7764 6614.8013
 14.519 -0.368 15.248 14.871 25.519 39.398  0.957  0.520 14.479
  25.061 26.894 26.553  4.092 -1.117-17.542-37.559 14.194   0.07
 2 833 522 6 91516 6613.7764 6614.8013
 14.665 -0.150 15.396 15.243 24.811 38.839  0.788  9.383 14.479
  25.061 26.894 26.553  4.092 -1.117-17.542-37.559 14.194   0.07
 2 833 522 6 91516 6613.7764 6614.8013
 14.140 -0.201 12.005 11.799 23.143 36.632  1.737  1.530 14.479
  25.061 26.894 26.553  4.092 -1.117-17.542-37.559 14.194   0.07
 2 833 522 6 91516 6613.7764 6614.8013
 13.927 -0.226 11.563 11.331 23.130 36.402  0.472  0.529 14.479
  25.061 26.894 26.553  4.092 -1.117-17.542-37.559 14.194   0.07
 2 833 522 6 91516 6613.7764 6614.8013
 14.109  0.003 12.013 12.016 22.212 35.670  1.136  1.700 14.479
  25.061 26.894 26.553  4.092 -1.117-17.542-37.559 14.194   0.07
 2 833 522 6 91516 6613.7764 6614.8013
 14.483  0.088 14.487 14.577 22.744 36.585  3.277  0.331 14.479
  25.061 26.894 26.553  4.092 -1.117-17.542-37.559 14.194   0.07
 2 833 522 6 91516 6613.7764 6614.8013
 14.017 -0.241 14.613 14.366 21.892 35.256  0.734  0.050 14.479
  25.061 26.894 26.553  4.092 -1.117-17.542-37.559 14.194   0.07
 2 933 445 41216 7 6614.8013 6615.6777
 14.312  0.230 14.892 15.093 40.556 52.240  2.165  8.680 14.553
  38.606 26.553 36.696  2.976  0.805-37.559-34.825 14.323  -0.24
 2 933 445 41216 7 6614.8013 6615.6777
 14.333  0.250 15.123 15.343 39.912 51.615  5.732  7.843 14.553
  38.606 26.553 36.696  2.976  0.805-37.559-34.825 14.323  -0.24
 2 933 445 41216 7 6614.8013 6615.6777
 14.403  0.124 15.243 15.351 38.839 50.604  9.383  4.809 14.553
  38.606 26.553 36.696  2.976  0.805-37.559-34.825 14.323  -0.24
 2 933 445 41216 7 6614.8013 6615.6777
 14.541 -0.086 14.987 14.912 38.168 50.053  0.050  0.050 14.553
  38.606 26.553 36.696  2.976  0.805-37.559-34.825 14.323  -0.24
 2 933 445 41216 7 6614.8013 6615.6777
 14.238  0.193 14.743 14.912 38.433 50.053  1.917  0.050 14.553
  38.606 26.553 36.696  2.976  0.805-37.559-34.825 14.323  -0.24
 2 933 445 41216 7 6614.8013 6615.6777
 14.414  0.002 14.621 14.622 36.936 48.710  1.473  4.977 14.553
  38.606 26.553 36.696  2.976  0.805-37.559-34.825 14.323  -0.24
 2 933 445 41216 7 6614.8013 6615.6777
 14.815  0.051 14.577 14.622 36.585 48.710  0.331  4.977 14.553
  38.606 26.553 36.696  2.976  0.805-37.559-34.825 14.323  -0.24
 2 933 445 41216 7 6614.8013 6615.6777
 14.402  0.126 11.801 11.911 36.295 48.059  0.310  9.016 14.553
  38.606 26.553 36.696  2.976  0.805-37.559-34.825 14.323  -0.24
 2 933 445 41216 7 6614.8013 6615.6777
 15.115 -0.120 12.016 11.911 35.670 48.059  1.700  9.016 14.553
  38.606 26.553 36.696  2.976  0.805-37.559-34.825 14.323  -0.24
 2 933 44512102214 6614.8013 6615.6777
 14.479  0.080 10.690 10.761 26.768 38.599  8.882 16.050 12.330
  22.477 41.889 45.028  5.841 -0.702 21.263 13.965 15.762  -0.66
 2 933 44512102214 6614.8013 6615.6777
 14.890  0.372 12.521 12.847 25.301 37.492  1.076  2.135 12.330
  22.477 41.889 45.028  5.841 -0.702 21.263 13.965 15.762  -0.66
 2 933 44512102214 6614.8013 6615.6777
 14.487  0.411 12.487 12.847 25.654 37.492  0.402  2.135 12.330
  22.477 41.889 45.028  5.841 -0.702 21.263 13.965 15.762  -0.66
 2 933 44512102214 6614.8013 6615.6777
 13.985  0.244 12.634 12.847 26.095 37.492  0.297  2.135 12.330
  22.477 41.889 45.028  5.841 -0.702 21.263 13.965 15.762  -0.66
 2 933 44512102214 6614.8013 6615.6777
 13.935  0.181 12.689 12.847 26.139 37.492  0.817  2.135 12.330
  22.477 41.889 45.028  5.841 -0.702 21.263 13.965 15.762  -0.66
 2 933 44512102214 6614.8013 6615.6777
 14.812  0.112 10.815 10.913 23.257 35.379  1.672  6.787 12.330
  22.477 41.889 45.028  5.841 -0.702 21.263 13.965 15.762  -0.66
 2 933 44512102214 6614.8013 6615.6777
 14.068  0.354 11.773 12.083 22.791 34.261  4.812  7.304 12.330
  22.477 41.889 45.028  5.841 -0.702 21.263 13.965 15.762  -0.66
 2 933 44512102214 6614.8013 6615.6777
 14.040  0.271 12.079 12.316 22.287 33.734  2.061  1.131 12.330
  22.477 41.889 45.028  5.841 -0.702 21.263 13.965 15.762  -0.66
 2 933 44512102214 6614.8013 6615.6777
 14.176  0.262 12.224 12.454 21.498 33.063  0.279  1.293 12.330
  22.477 41.889 45.028  5.841 -0.702 21.263 13.965 15.762  -0.66
 2 933 44512102214 6614.8013 6615.6777
 14.661  0.309 13.866 14.137 17.664 29.654  1.117  0.182 12.330
  22.477 41.889 45.028  5.841 -0.702 21.263 13.965 15.762  -0.66
 2 933 44512102214 6614.8013 6615.6777
 14.294  0.324 13.932 14.216 17.097 28.766  0.050  3.726 12.330
  22.477 41.889 45.028  5.841 -0.702 21.263 13.965 15.762  -0.66
 21033 744 4101416 6615.6777 6616.6978
 14.738 -0.076 12.886 12.808 32.602 46.638  5.180  0.930 11.755
  35.433 45.028 25.764  5.139 -0.815 13.965  5.239 15.046  -0.12
 21033 744 4101416 6615.6777 6616.6978
 14.640  0.302 12.454 12.762 33.063 46.999  1.293  0.127 11.755
  35.433 45.028 25.764  5.139 -0.815 13.965  5.239 15.046  -0.12
 21033 744 4101416 6615.6777 6616.6978
 14.670  0.185 12.316 12.505 33.734 47.700  1.131  1.255 11.755
  35.433 45.028 25.764  5.139 -0.815 13.965  5.239 15.046  -0.12
 21033 744 4101416 6615.6777 6616.6978
 14.423 -0.055 12.083 12.026 34.261 47.976  7.304  0.167 11.755
  35.433 45.028 25.764  5.139 -0.815 13.965  5.239 15.046  -0.12
 21033 744 4101416 6615.6777 6616.6978
 15.130  0.411 11.607 12.026 33.541 47.976  0.050  0.167 11.755
  35.433 45.028 25.764  5.139 -0.815 13.965  5.239 15.046  -0.12
 21033 744 4101416 6615.6777 6616.6978
 14.200  0.135 11.460 11.598 34.909 48.396  1.041  4.176 11.755
  35.433 45.028 25.764  5.139 -0.815 13.965  5.239 15.046  -0.12
 21033 744 4101416 6615.6777 6616.6978
 14.209  0.098 10.913 11.013 35.379 48.875  6.787  3.314 11.755
  35.433 45.028 25.764  5.139 -0.815 13.965  5.239 15.046  -0.12
 21033 744 4101416 6615.6777 6616.6978
 14.756  0.166 10.761 10.930 38.599 52.653 16.050  8.960 11.755
  35.433 45.028 25.764  5.139 -0.815 13.965  5.239 15.046  -0.12
 3 333 7 9 0 0 1 1 6636.7012 6637.6860
 13.197 -0.068 15.622 15.555-31.444-19.415  4.893  5.166 15.622
 -31.444  4.893  5.166  0.000  0.000  0.000  0.000 13.197  -0.07
 3 333 7 9 0 0 1 1 6636.7012 6637.6860
 13.737  0.212 11.407 11.616-41.767-29.206 17.824 16.490 11.407
 -41.767 17.824 16.490  0.000  0.000  0.000  0.000 13.737   0.21
 3 433 731 0 0 1 1 6637.6860 6638.6870
 14.332 -0.371 15.555 15.183-19.415 -6.055  5.166 11.733 15.555
 -19.415  5.166 11.733  0.000  0.000  0.000  0.000 14.332  -0.37
 3 433 731 0 0 1 1 6637.6860 6638.6870
 14.756 -0.007 11.616 11.610-29.206-15.422 16.490 14.483 11.616
 -29.206 16.490 14.483  0.000  0.000  0.000  0.000 14.756  -0.01
 3 533 730 0 0 1 1 6638.6870 6639.6826
 13.368 -0.470 15.183 14.716 -6.055  6.279 11.733  5.992 15.183
  -6.055 11.733  5.992  0.000  0.000  0.000  0.000 13.368  -0.47
 3 533 730 0 0 1 1 6638.6870 6639.6826
 13.563 -0.612 11.610 11.000-15.422 -2.894 14.483  1.531 11.610
 -15.422 14.483  1.531  0.000  0.000  0.000  0.000 13.563  -0.61
 32533 644 3 3 6 7 6658.7192 6659.6665
 14.241  0.453 10.594 11.023 18.219 30.776  4.406  1.706 10.066
  20.716 18.008  3.972  3.110  1.009 11.024 18.856 13.975   0.19
 32533 644 3 3 6 7 6658.7192 6659.6665
 14.730  0.161  9.278  9.430 20.540 33.560  3.432  0.910 10.066
  20.716 18.008  3.972  3.110  1.009 11.024 18.856 13.975   0.19
 32533 644 3 3 6 7 6658.7192 6659.6665
 14.193  0.402  9.050  9.430 21.049 33.560  0.050  0.910 10.066
  20.716 18.008  3.972  3.110  1.009 11.024 18.856 13.975   0.19
 32533 644 1 2 3 5 6658.7192 6659.6665
 14.629  0.285  4.722  4.992-30.141-17.216 13.727  2.687  4.783
 -30.372 18.069 16.068  0.990 -0.328 14.830 13.823 14.153   0.13
 32533 644 1 2 3 5 6658.7192 6659.6665
 15.092  0.145  5.104  5.241-31.123-17.760  3.182  0.824  4.783
 -30.372 18.069 16.068  0.990 -0.328 14.830 13.823 14.153   0.13
 32533 644 1 2 3 5 6658.7192 6659.6665
 14.593  0.361  4.622  4.964-31.041-18.151  1.160  9.777  4.783
 -30.372 18.069 16.068  0.990 -0.328 14.830 13.823 14.153   0.13
 33033 8 8 3 4 7 1 6663.6606 6664.7241
 14.369 -0.093  4.820  4.721 35.537 49.776  5.004 15.483  5.153
  34.936 12.336 15.483  3.459 -3.459 27.138  0.000 14.934  -0.41
 33033 8 8 3 4 7 1 6663.6606 6664.7241
 14.813 -0.277  5.016  4.721 35.065 49.776  4.294 15.483  5.153
  34.936 12.336 15.483  3.459 -3.459 27.138  0.000 14.934  -0.41
 33033 8 8 3 4 7 1 6663.6606 6664.7241
 14.453 -0.447  5.197  4.721 35.448 49.776  1.440 15.483  5.153
  34.936 12.336 15.483  3.459 -3.459 27.138  0.000 14.934  -0.41
 614331026 3 71013 6739.5645 6740.5630
 14.190  0.271  5.889  6.159-27.037-13.846  1.179  5.011  5.287
 -28.682 14.236 28.410  3.578 -0.483-12.649-16.343 13.818   0.02
 614331026 3 71013 6739.5645 6740.5630
 14.545  0.405  5.700  6.104-28.453-14.908  0.050  0.567  5.287
 -28.682 14.236 28.410  3.578 -0.483-12.649-16.343 13.818   0.02
 614331026 3 71013 6739.5645 6740.5630
 13.988  0.264  5.608  5.872-30.410-17.421  2.068  0.859  5.287
 -28.682 14.236 28.410  3.578 -0.483-12.649-16.343 13.818   0.02
 614331026 3 71013 6739.5645 6740.5630
 14.851 -0.006  5.214  5.208-30.417-16.566  0.696  1.451  5.287
 -28.682 14.236 28.410  3.578 -0.483-12.649-16.343 13.818   0.02
 614331026 3 71013 6739.5645 6740.5630
 14.153  0.225  4.132  4.356-30.959-17.806  1.137  0.487  5.287
 -28.682 14.236 28.410  3.578 -0.483-12.649-16.343 13.818   0.02
 614331026 3 71013 6739.5645 6740.5630
 14.482  0.193  3.924  4.117-31.381-17.899  0.541  2.075  5.287
 -28.682 14.236 28.410  3.578 -0.483-12.649-16.343 13.818   0.02
 614331026 3 71013 6739.5645 6740.5630
 14.591  0.099  4.258  4.356-31.396-17.806  0.855  0.487  5.287
 -28.682 14.236 28.410  3.578 -0.483-12.649-16.343 13.818   0.02
 614331026 3 71013 6739.5645 6740.5630
 14.765  0.263  5.016  5.278-31.769-18.004  0.050  3.286  5.287
 -28.682 14.236 28.410  3.578 -0.483-12.649-16.343 13.818   0.02
 615331028 5 813 7 6740.5630 6741.5576
 14.375  0.054  6.184  6.238-14.246 -0.927  5.457  4.399  5.308
 -15.864 28.410  8.115  3.096 -1.638-16.343-32.155 15.921   0.80
 615331028 5 813 7 6740.5630 6741.5576
 14.602 -0.091  6.148  6.057-14.617 -1.072  0.801  0.125  5.308
 -15.864 28.410  8.115  3.096 -1.638-16.343-32.155 15.921   0.80
 615331028 5 813 7 6740.5630 6741.5576
 14.419 -0.175  6.104  5.930-14.908 -1.545  0.567  0.291  5.308
 -15.864 28.410  8.115  3.096 -1.638-16.343-32.155 15.921   0.80
 615331028 5 813 7 6740.5630 6741.5576
 14.388 -0.333  5.208  4.877-16.566 -3.234  1.451  0.184  5.308
 -15.864 28.410  8.115  3.096 -1.638-16.343-32.155 15.921   0.80
 615331028 5 813 7 6740.5630 6741.5576
 14.156 -0.272  4.299  4.029-17.275 -4.174  2.650  0.195  5.308
 -15.864 28.410  8.115  3.096 -1.638-16.343-32.155 15.921   0.80
 615331028 5 813 7 6740.5630 6741.5576
 14.690 -0.329  4.356  4.029-17.806 -4.174  0.487  0.195  5.308
 -15.864 28.410  8.115  3.096 -1.638-16.343-32.155 15.921   0.80
 615331028 5 813 7 6740.5630 6741.5576
 14.783 -0.088  4.117  4.029-17.899 -4.174  2.075  0.195  5.308
 -15.864 28.410  8.115  3.096 -1.638-16.343-32.155 15.921   0.80
 615331028 5 813 7 6740.5630 6741.5576
 14.331 -0.264  5.140  4.877-16.510 -3.234  4.212  0.184  5.308
 -15.864 28.410  8.115  3.096 -1.638-16.343-32.155 15.921   0.80
 616331037 2 5 7 1 6741.5576 6742.5547
 14.862  0.054  5.930  5.984 -1.545 12.297  0.291  3.119  6.104
  -1.006  8.115  3.119  1.458 -1.458-32.155  0.000 14.321  -0.12
 616331037 2 5 7 1 6741.5576 6742.5547
 14.387 -0.074  6.057  5.984 -1.072 12.297  0.125  3.119  6.104
  -1.006  8.115  3.119  1.458 -1.458-32.155  0.000 14.321  -0.12
 616331037 2 5 7 1 6741.5576 6742.5547
 14.242 -0.255  6.238  5.984 -0.927 12.297  4.399  3.119  6.104
  -1.006  8.115  3.119  1.458 -1.458-32.155  0.000 14.321  -0.12
 617331041 0 0 1 1 6742.5547 6743.5640
 14.261 -0.049  5.984  5.934 12.297 25.697  3.119 15.513  5.984
  12.297  3.119 15.513  0.000  0.000  0.000  0.000 14.261  -0.05
 618331027 0 0 1 1 6743.5640 6744.5610
 13.736  0.530  5.934  6.463 25.697 38.416 15.513  6.841  5.934
  25.697 15.513  6.841  0.000  0.000  0.000  0.000 13.736   0.53
 619331031 0 0 1 1 6744.5610 6745.5728
 14.333 -0.215  6.463  6.245 38.416 51.925  6.841  3.430  6.463
  38.416  6.841  3.430  0.000  0.000  0.000  0.000 14.333  -0.22
 9 833 923 4 3 7 9 6825.6084 6826.6074
 15.710  0.358 -9.187 -9.545 38.511 53.228  4.166  0.008 -9.429
  40.942 21.247 10.315  4.640 -1.316 -3.429 -8.294 16.361   0.25
 9 833 923 4 3 7 9 6825.6084 6826.6074
 15.659  0.097 -9.245 -9.342 39.124 53.790  6.025  2.921 -9.429
  40.942 21.247 10.315  4.640 -1.316 -3.429 -8.294 16.361   0.25
 9 833 923 4 3 7 9 6825.6084 6826.6074
 15.518  0.428 -8.742 -9.169 41.918 56.444  1.328  0.939 -9.429
  40.942 21.247 10.315  4.640 -1.316 -3.429 -8.294 16.361   0.25
 9 833 923 4 3 7 9 6825.6084 6826.6074
 15.548  0.300 -8.588 -8.888 42.257 56.813  0.050  0.050 -9.429
  40.942 21.247 10.315  4.640 -1.316 -3.429 -8.294 16.361   0.25
102733 439 3 2 5 9 6874.8057 6875.6943
 14.880  0.138  9.799  9.922 10.291 22.641  2.962  0.718  9.079
  12.630 28.806 17.107  5.507 -0.298  2.542  3.126 15.225  -0.10
102733 439 3 2 5 9 6874.8057 6875.6943
 15.229  0.238  9.044  9.255 10.856 23.517 16.222  3.361  9.079
  12.630 28.806 17.107  5.507 -0.298  2.542  3.126 15.225  -0.10
102733 439 3 2 5 9 6874.8057 6875.6943
 14.725 -0.080  8.859  8.788 16.790 29.002  6.362  5.037  9.079
  12.630 28.806 17.107  5.507 -0.298  2.542  3.126 15.225  -0.10
