 1 165 657 3 4 71018263.709018264.7109
 11.952  0.328 21.021 19.790 30.770 32.054 23.626  0.783  0.706
  22.388 17.313 20.988 21.053 15.642 16.411 35.203 29.360   0.78
 123651633 1 1 2 118286.689518287.6719
 13.754 -1.012 22.165-55.185-42.632  4.257  7.345 47.920 -1.121
 -55.085-55.896 22.062 22.894  3.730  0.526  0.000  0.000   0.00
 123651633 1 1 2 118286.689518287.6719
 13.787 -0.555 24.059-43.361-30.775  4.420  5.827 -3.487 -1.786
 -43.339-45.291 24.060 23.952  4.370  0.050  0.000  0.000   0.00
 1246516 7 0 0 1 218287.671918288.6914
 14.495  0.043 23.514-30.775-16.996  5.827 11.710  0.000  0.000
   0.000  0.000  0.000  0.000  0.000  0.000  0.000-17.868   0.00
 1246516 7 0 0 1 218287.671918288.6914
 14.391  0.915 21.171-42.632-28.959  7.345  3.468  0.000  0.000
   0.000  0.000  0.000  0.000  0.000  0.000  0.000-28.977   0.00
 128651637 0 0 1 118291.693418292.6953
 13.967 -0.295 23.375 21.637 34.652  0.908  0.702  0.000  0.000
   0.000  0.000  0.000  0.000  0.000  0.000  0.000  0.000   0.00
 129651641 2 1 3 318292.695318293.6836
 15.278 -0.420  7.724-56.914-42.784 13.310 19.590 36.896  1.931
 -56.442-58.633  7.373  9.003 10.441  2.870-42.574-46.710  -8.90
 130651623 1 2 3 318293.683618294.7012
 14.312 -0.398  7.309-42.784-29.210 19.590 22.896 27.998 -1.594
 -42.574-46.710  7.198  9.379 18.594  0.996-28.816-31.486   1.76
 131651650 1 2 3 218294.701218295.6836
 15.455  0.488  6.904-29.210-14.996 22.896 16.427 29.759 -0.312
 -28.816-31.486  6.680  8.195 19.514  3.382-14.929-17.684 -34.32
 2 1651623 1 1 2 318295.683618296.6777
 14.959 -0.664  7.383-14.996 -1.084 16.427 10.276 -4.561 -1.288
 -14.929-17.684  7.388  7.171 16.028  0.399 -1.061 -2.365  31.42
 2 2651617 1 2 3 118296.677718297.7168
 14.791 -0.100  6.722 -1.084 13.246 10.276  9.322 26.857 -1.452
  -1.061 -2.365  6.711  7.367 10.095  0.181  0.000  0.000   0.00
 2 7651634 0 0 1 118301.689518302.9043
 13.809 -0.191 21.129-49.658-34.075  6.313  6.951  0.000  0.000
   0.000  0.000  0.000  0.000  0.000  0.000  0.000  0.000   0.00
 2 8652143 0 0 1 118302.904318303.6777
 14.568  0.255 20.896-34.075-23.573  6.951  3.435  0.000  0.000
   0.000  0.000  0.000  0.000  0.000  0.000  0.000  0.000   0.00
 2 9651615 0 0 1 118303.677718304.6738
 13.651 -0.045 21.094-23.573-10.945  3.435  2.642  0.000  0.000
   0.000  0.000  0.000  0.000  0.000  0.000  0.000  0.000   0.00
 2 9651615 0 0 1 118303.677718304.6738
 13.325 -0.148 30.088-58.329-46.027  5.738 18.708  0.000  0.000
   0.000  0.000  0.000  0.000  0.000  0.000  0.000  0.000   0.00
 210651611 0 0 1 118304.673818305.6758
 14.332 -0.372 29.940-46.027-32.664 18.708  3.825  0.000  0.000
   0.000  0.000  0.000  0.000  0.000  0.000  0.000  0.000   0.00
 210651611 0 0 1 118304.673818305.6758
 13.736 -0.733 21.049-10.945  1.820  2.642  5.601  0.000  0.000
   0.000  0.000  0.000  0.000  0.000  0.000  0.000  0.000   0.00
 211651612 0 0 1 118305.675818306.8008
 14.324  0.282 29.568-32.664-17.652  3.825  1.707  0.000  0.000
   0.000  0.000  0.000  0.000  0.000  0.000  0.000  0.000   0.00
 211651612 0 0 1 118305.675818306.8008
 13.966  0.209 20.315  1.820 16.429  5.601  5.746  0.000  0.000
   0.000  0.000  0.000  0.000  0.000  0.000  0.000  0.000   0.00
 212651912 0 0 1 118306.800818307.6797
 12.601 -0.954 29.886-17.652 -7.427  1.707  2.718  0.000  0.000
   0.000  0.000  0.000  0.000  0.000  0.000  0.000  0.000   0.00
 212651912 0 0 1 118306.800818307.6797
 13.240 -0.154 20.551 16.429 27.216  5.746 10.253  0.000  0.000
   0.000  0.000  0.000  0.000  0.000  0.000  0.000  0.000   0.00
 213651619 0 0 1 118307.679718308.7793
 13.932 -0.216 20.415 27.216 41.463 10.253  5.709  0.000  0.000
   0.000  0.000  0.000  0.000  0.000  0.000  0.000  0.000   0.00
 214651843 0 0 1 118308.779318309.6777
 13.665 -0.054 20.177 41.463 52.853  5.709  5.935  0.000  0.000
   0.000  0.000  0.000  0.000  0.000  0.000  0.000  0.000   0.00
 225651622 0 0 1 118319.681618320.6816
 14.478  0.409 -3.999-38.469-24.981  1.888  2.929  0.000  0.000
   0.000  0.000  0.000  0.000  0.000  0.000  0.000  0.000   0.00
 225651622 0 0 1 118319.681618320.6816
 13.599 -0.320  7.433-51.370-38.761  5.932  2.667  0.000  0.000
   0.000  0.000  0.000  0.000  0.000  0.000  0.000  0.000   0.00
 226651621 0 0 1 118320.681618321.8848
 14.394 -0.331  7.114-38.761-22.610  2.667  2.682  0.000  0.000
   0.000  0.000  0.000  0.000  0.000  0.000  0.000  0.000   0.00
 317651559 2 2 41018339.666018340.6582
 14.304  0.987 27.482 27.691 40.919 19.699 16.964 -3.569  1.625
  29.967 26.941 27.608 27.441  4.880 14.819 42.927 38.485  28.75
 325651615 0 0 1 218347.677718348.6738
 15.889 -0.041 11.057-41.502-26.659 10.301  5.046  0.000  0.000
   0.000  0.000  0.000  0.000  0.000  0.000  0.000-26.691   0.00
 326651610 1 1 2 418348.673818349.6602
 14.812  0.293 11.017-26.659-13.025  5.046  1.221-81.402  0.271
 -26.629-26.691 11.215 10.810  2.583  2.463-12.930-13.600  66.52
 415651636 0 0 1 218368.691418369.6699
 14.149 -0.179  5.305-11.454  1.426  3.681  0.108  0.000  0.000
   0.000  0.000  0.000  0.000  0.000  0.000  0.000  1.309   0.00
 515651648 1 2 3 418398.699218399.6055
 13.629 -0.058 22.344-54.435-42.976 11.672 22.170 71.582  0.392
 -54.294-54.785 21.953 23.314  8.321  3.351-42.635-43.238   0.65
 515651648 2 2 4 218398.699218399.6055
 15.544 -0.808 21.350 18.166 31.360  3.264  4.050 21.598  0.348
  19.367 15.717 20.907 22.253  2.190  1.074 31.732 27.535 -10.45
 516651433 2 2 41118399.605518400.6035
 11.815  0.170 22.291-42.976-32.184 22.170 42.927 72.230  2.779
 -42.635-43.238 21.306 23.047  9.624 12.546-29.872-34.841 -67.71
 516651433 1 1 2 118399.605518400.6035
 14.462 -0.164 20.617 31.360 44.790  4.050  1.724 11.146 -4.004
  31.732 27.535 20.549 21.323  3.691  0.359  0.000  0.000   0.00
 517651428 1 1 2 418400.603518401.7480
 12.214  0.057 22.936-52.730-39.871 22.365 17.256-41.052  0.820
 -52.026-53.706 23.500 22.153 12.997  9.368-38.419-41.106  71.59
 517651428 5 611 518400.603518401.7480
 16.073 -0.016 22.461-32.184-14.906 42.927 18.126  4.524 -2.591
 -29.872-34.841 22.292 22.655 22.951 19.976-13.695-15.360  35.67
 517651428 3 2 5 418400.603518401.7480
 15.180 -0.494 19.053 24.396 40.651  3.656  3.712-13.775 -0.760
  25.937 22.815 19.410 18.687  1.851  1.805 41.978 40.122  53.22
 518651757 0 0 11118401.748018402.9805
 14.766 -1.852 24.848-22.453 -5.455  0.050 41.601  0.000  0.000
   0.000  0.000  0.000  0.000  0.000  0.000  0.000 -8.919   0.00
 6 3652257 1 3 4 218417.957018418.7285
 12.290 -0.093-11.519 38.491 47.215  3.567  7.639 45.548 -1.137
  39.805 38.071-10.206-11.939  0.864  2.704 48.457 47.182 -59.83
 6 3652257 1 3 4 118417.957018418.7285
 15.042  0.767-10.168 19.591 30.438 12.361  4.241 -0.708 -5.183
  19.829 14.564-10.171-10.106 11.803  0.558  0.000  0.000   0.00
 6 3652257 1 1 2 118417.957018418.7285
 14.390  0.275-10.268 10.768 21.113  4.723  6.911-64.761 -0.676
  10.794 10.501-10.322 -9.710  4.308  0.416  0.000  0.000   0.00
 6 4651728 0 0 1 118418.728518419.9453
 13.786  0.078-10.760 30.438 46.034  4.241 12.819  0.000  0.000
   0.000  0.000  0.000  0.000  0.000  0.000  0.000  0.000   0.00
 6 4651728 0 0 1 118418.728518419.9453
 14.243  0.287-10.480 21.113 37.265  6.911  2.501  0.000  0.000
   0.000  0.000  0.000  0.000  0.000  0.000  0.000  0.000   0.00
 618651851 1 2 3 318432.785218433.7832
 14.483 -1.088-27.731 38.853 52.337 13.857  4.758-78.497  3.019
  38.973 38.715-28.253-27.130  7.418  6.439 54.984 50.866 106.40
 7 6651429 5 611 718450.603518451.8906
 14.434 -0.067 19.128-18.130 -0.816 19.647 12.995  1.870 -0.850
 -16.520-21.397 19.078 19.229 13.162  6.485  1.199 -2.722   7.85
 7 8652228 6 2 8 818452.935518453.6621
 16.308  0.060 19.076  9.779 20.914 12.619 22.512  1.838  0.987
  13.835  8.181 18.953 19.125  3.567  9.052 24.445 17.772   3.69
 710651548 1 2 3 218454.658218455.7402
 13.867 -0.237 19.156 30.820 44.765  7.386  0.789-88.599  2.368
  30.844 30.810 20.076 18.794  2.082  5.304 48.378 44.520  88.72
 710651548 1 1 2 218454.658218455.7402
 14.406  0.138 18.534 38.164 52.692 12.787  6.742  1.064 -0.413
  38.888 36.512 18.521 18.563  8.890  3.897 53.274 51.348   6.44
 711651747 1 1 2 118455.740218456.7598
 13.832  0.615 18.899 44.765 57.851  0.789  1.675  0.124 -3.650
  48.378 44.520 18.891 18.899  0.050  0.739  0.000  0.000   0.00
 8 96519 6 2 1 3 518484.794918485.6973
 16.034 -0.460-29.864 10.434 23.994  1.481 10.726-24.274  2.048
  11.449 10.399-30.261-29.850  0.050  1.431 25.513 22.083  35.71
 810651643 3 2 5 218485.697318486.9082
 11.882 -0.347-29.450 23.994 37.199 10.726  3.584 11.441  1.253
  25.513 22.083-29.183-29.787  5.977  4.749 41.361 36.446  -9.72
 826651537 3 3 6 118501.650418502.6758
 14.977 -0.202 27.273-34.645-20.289  9.295 12.840-22.467 -1.445
 -34.381-35.883 27.370 26.818  7.663  1.632  0.000  0.000   0.00
 830652219 1 1 2 318505.929718506.7090
 11.860  0.468  2.570 22.403 30.879  1.727  6.783 -5.544  1.543
  22.494 19.349  2.579  2.274  1.677  0.050 34.118 29.528  18.34
 8316517 0 1 2 3 118506.709018507.7207
 12.822 -0.235  2.935 30.879 42.868  6.783  0.018 12.800 -4.700
  34.118 29.528  2.200  3.241  1.996  4.787  0.000  0.000   0.00
 9 7651657 2 3 5 818513.707018514.6621
 11.804  1.861 25.083 10.770 21.111 20.935 18.005 12.248  1.801
  14.694  8.772 24.311 25.476  7.064 13.871 23.218 15.074  -7.65
 914651617 0 0 1 118520.677718521.6660
 14.229  0.170 23.475-28.366-15.287 13.568  9.315  0.000  0.000
   0.000  0.000  0.000  0.000  0.000  0.000  0.000  0.000   0.00
 923651828 2 1 3 118529.769518530.8008
 13.378  0.823 25.807 39.454 52.235  1.310  0.013 30.004 -0.788
  40.154 39.396 25.443 25.837  0.100  1.210  0.000  0.000   0.00
 928651741 5 4 91118534.736318535.6680
 12.799 -0.188 21.106-43.426-32.416 49.682 28.991  0.532  1.586
 -40.118-47.219 21.077 21.139 26.534 23.148-27.024-35.780  -5.65
 9296516 3 7 4111818535.668018536.6094
 14.852  0.035 20.931-32.416-19.377 28.991 30.830 -5.116 -2.545
 -27.024-35.780 21.382 20.650 11.138 17.853-16.185-22.253   4.78
 93065143712 6181618536.609418537.6133
 15.792  0.139 20.964-19.377 -4.519 30.830 23.769 -0.340  2.051
 -16.185-22.253 20.982 20.948 14.613 16.216  0.316 -7.956   0.61
10 1651442 9 7161518537.613318538.6172
 14.707 -0.141 21.104 -4.519  9.279 23.769 26.377  0.267 -0.404
   0.316 -7.956 21.083 21.119  9.876 13.893 13.394  5.576   3.10
10 2651450 3 2 5 318538.617218539.9082
 12.232 -0.222-18.470 21.503 36.013 21.049 23.040-12.328 -2.827
  24.049 19.192-18.998-17.991 10.015 11.035 37.676 35.751  -2.01
10 2651450 9 615 718538.617218539.9082
 13.877 -0.050 20.962  9.279 25.912 26.377 28.601  3.363 -0.808
  13.394  5.576 20.736 21.165 12.493 13.884 29.502 22.717   9.66
10 4651728 3 5 8 218540.728518541.6133
 13.904  0.736 21.686 33.196 44.644  3.762  8.321 18.032 -1.630
  35.002 32.659 21.140 21.848  0.862  2.899 44.646 44.211 -70.43
10 4651728 3 2 5 218540.728518541.6133
 12.942 -0.701 20.921 41.541 52.135  5.893  9.103-22.377 -0.493
  44.416 39.765 22.026 20.238  2.250  3.643 56.374 52.067   6.24
10 5651444 1 1 2 218541.613318542.6172
 14.640  0.254 22.338 44.644 58.336  8.321  0.100-52.402  1.658
  44.646 44.211 22.341 21.819  8.271  0.050 59.588 57.084  48.57
1010651441 0 0 1 118546.611318547.7168
 14.273 -0.006 19.477-48.478-33.798  0.500  7.030  0.000  0.000
   0.000  0.000  0.000  0.000  0.000  0.000  0.000  0.000   0.00
1011651712 0 0 1 118547.716818548.8008
 14.640 -0.226 19.470-33.798-18.996  7.030  2.956  0.000  0.000
   0.000  0.000  0.000  0.000  0.000  0.000  0.000  0.000   0.00
1023651655 0 0 1 118559.705118560.6953
 14.621  0.177-13.782-52.012-38.510  5.492  7.388  0.000  0.000
   0.000  0.000  0.000  0.000  0.000  0.000  0.000  0.000   0.00
1023651655 2 1 3 118559.705118560.6953
 12.845 -0.048 29.919-31.684-19.941  6.341  0.818 41.050 -2.167
 -30.175-32.060 28.780 30.203  1.264  5.077  0.000  0.000   0.00
1024651641 0 0 1 218560.695318561.6680
 14.380  1.091-13.957-38.510-25.488  7.388  9.564  0.000  0.000
   0.000  0.000  0.000  0.000  0.000  0.000  0.000-27.378   0.00
1031651548 2 3 5 418567.658218568.9824
 13.066 -0.188 10.143 15.315 31.304  7.785 16.444-17.680 -1.139
  16.111 13.187 10.393  9.476  5.666  2.119 31.806 30.044  -5.05
11 1652334 3 1 4 518568.982418569.7051
 15.649 -0.706  9.894 31.304 41.914 16.444  5.548-22.734  0.108
  31.806 30.044 10.101  9.374 11.757  4.687 42.353 40.674 -10.90
11 2651656 3 2 5 318569.705118570.7266
 12.317 -1.061  9.383 41.914 53.481  5.548  3.797-33.630  1.438
  42.353 40.674  9.671  8.569  4.099  1.450 56.280 52.999  14.95
11 665173810 818 818573.736318574.6719
 16.095 -1.363 27.506  7.077 21.231 33.434 10.351 22.139  2.029
   9.022  4.483 26.804 28.442 19.108 14.325 23.178 16.717   2.49
11 76516 7 4 4 81118574.671918575.6699
 13.628 -0.063 26.230 21.231 33.856 10.351 24.274 24.627  1.110
  23.178 16.717 25.429 28.086  7.232  3.119 37.570 29.505  -9.88
11 86516 6 1 1 2 818575.669918576.6738
 13.786 -0.004 25.275-23.934-11.098  4.677  2.928 72.168  2.423
 -23.715-24.282 24.660 26.252  2.869  1.808 -9.694-13.533 -40.15
11 86516 6 0 0 1 118575.669918576.6738
 14.400  0.382 22.419-13.376  0.075  4.346  0.050  0.000  0.000
   0.000  0.000  0.000  0.000  0.000  0.000  0.000  0.000   0.00
11 86516 6 5 6111418575.669918576.6738
 11.863  0.401 26.166 33.856 44.763 24.274 16.393 14.743  0.659
  37.570 29.505 25.289 27.194 13.097 11.177 49.967 41.084  -2.04
11 9651610 1 7 8 918576.673818577.6738
 13.217  0.269 25.271-11.098  1.135  2.928 10.130 32.018  0.851
  -9.694-13.533 24.476 26.647  1.857  1.071  3.399 -1.183   1.27
11296519 6 0 0 1 118596.794918597.8086
 13.262  0.118 28.509-48.967-36.527 15.388  4.948  0.000  0.000
   0.000  0.000  0.000  0.000  0.000  0.000  0.000  0.000   0.00
1130651925 0 0 1 118597.808618598.7852
 14.335 -0.114 28.628-36.527-23.482  4.948  8.375  0.000  0.000
   0.000  0.000  0.000  0.000  0.000  0.000  0.000  0.000   0.00
12 1651852 0 0 1 118598.785218599.6777
 13.564  0.255 28.517-23.482-12.273  8.375  1.531  0.000  0.000
   0.000  0.000  0.000  0.000  0.000  0.000  0.000  0.000   0.00
12 2651615 0 0 1 218599.677718600.7402
 13.889 -0.407 28.744-12.273  1.457  1.531  2.725  0.000  0.000
   0.000  0.000  0.000  0.000  0.000  0.000  0.000  1.299   0.00
12 3651747 1 1 2 118600.740218601.8867
 13.025  0.618 28.311  1.457 15.263  2.725  2.332-21.393 -0.329
   1.647  1.299 28.376 28.257  1.238  1.487  0.000  0.000   0.00
12 4652118 0 0 1 218601.886718602.7441
 14.282 -0.676 29.019 15.263 26.650  2.332  3.405  0.000  0.000
   0.000  0.000  0.000  0.000  0.000  0.000  0.000 26.639   0.00
12 5651751 1 1 2 118602.744118603.7813
 12.895 -0.172 28.441 26.650 39.018  3.405  0.627-84.926 -1.217
  26.761 26.639 29.543 28.331  0.307  3.098  0.000  0.000   0.00
1231651626 1 1 2 118628.685518629.8008
 15.151 -0.571-28.992 22.030 37.844  7.449  6.907 -3.045 -0.886
  22.222 21.210-29.001-28.954  6.036  1.413  0.000  0.000   0.00
1231651626 2 1 3 118628.685518629.8008
 15.057 -0.083 21.484 12.103 27.813  5.758  3.528 -2.711 -3.432
  12.643  8.959 21.508 21.346  4.915  0.843  0.000  0.000   0.00
