 1 165 657 3 4 71018263.709018264.7109
 13.451  0.057 21.881 21.939 15.923 28.403  7.409  1.204 21.021
  19.790 32.054 23.626  4.738  0.706  0.783  1.563 11.952   0.33
 1 165 657 3 4 71018263.709018264.7109
 13.952 -0.230 21.786 21.556 16.883 29.864  3.197  1.270 21.021
  19.790 32.054 23.626  4.738  0.706  0.783  1.563 11.952   0.33
 1 165 657 3 4 71018263.709018264.7109
 14.125 -0.351 19.635 19.284 18.961 32.115  2.493  0.568 21.021
  19.790 32.054 23.626  4.738  0.706  0.783  1.563 11.952   0.33
 1 165 657 3 4 71018263.709018264.7109
 13.487 -0.273 19.558 19.284 19.599 32.115  3.312  0.568 21.021
  19.790 32.054 23.626  4.738  0.706  0.783  1.563 11.952   0.33
 123651633 1 1 2 118286.689518287.6719
 13.652 -0.907 22.062 21.171-55.085-42.632  3.730  7.345 22.165
 -55.185  4.257  7.345  1.121 -1.121 47.920  0.000 13.754  -1.01
 123651633 1 1 2 118286.689518287.6719
 13.765 -0.556 24.060 23.514-43.339-30.775  4.370  5.827 24.059
 -43.361  4.420  5.827  1.786 -1.786 -3.487  0.000 13.787  -0.55
 1246516 7 0 0 1 218287.671918288.6914
 14.519  0.039 23.514 23.554-30.775-16.971  5.827 11.385 23.514
 -30.775  5.827 11.710  0.000  0.835  0.000  9.811 14.495   0.04
 1246516 7 0 0 1 218287.671918288.6914
 14.373  0.945 21.171 22.134-42.632-28.977  7.345  3.184 21.171
 -42.632  7.345  3.468  0.000  0.426  0.000 60.385 14.391   0.91
 128651637 0 0 1 118291.693418292.6953
 13.967 -0.295 23.375 23.079 21.637 34.652  0.908  0.702 23.375
  21.637  0.908  0.702  0.000  0.000  0.000  0.000 13.967  -0.29
 129651641 2 1 3 318292.695318293.6836
 15.004 -0.234  7.430  7.198-56.433-42.574  9.873 18.594  7.724
 -56.914 13.310 19.590  2.715  1.931 36.896 27.998 15.278  -0.42
 129651641 2 1 3 318292.695318293.6836
 14.827 -0.240  9.003  8.765-58.633-44.948  2.870  0.396  7.724
 -56.914 13.310 19.590  2.715  1.931 36.896 27.998 15.278  -0.42
 130651623 1 2 3 318293.683618294.7012
 14.492 -0.509  7.198  6.680-42.574-28.816 18.594 19.514  7.309
 -42.784 19.590 22.896  4.647 -1.594 27.998 29.759 14.312  -0.40
 130651623 1 2 3 318293.683618294.7012
 14.411 -0.601  8.765  8.153-44.948-31.273  0.396  3.105  7.309
 -42.784 19.590 22.896  4.647 -1.594 27.998 29.759 14.312  -0.40
 131651650 1 2 3 218294.701218295.6836
 15.121  0.722  6.680  7.388-28.816-14.929 19.514 16.028  6.904
 -29.210 22.896 16.427  3.053 -0.312 29.759 -4.561 15.455   0.49
 2 1651623 1 1 2 318295.683618296.6777
 15.887  0.269  7.171  7.438-17.684 -2.848  0.399  0.050  7.383
 -14.996 16.427 10.276  2.741 -1.288 -4.561 26.857 14.959  -0.66
 2 2651617 1 2 3 118296.677718297.7168
 15.848 -0.696  7.340  6.618 -2.180 13.246  0.131  9.322  6.722
  -1.084 10.276  9.322  1.452 -1.452 26.857  0.000 14.791  -0.10
 2 2651617 1 2 3 118296.677718297.7168
 16.492 -0.790  7.438  6.618 -2.848 13.246  0.050  9.322  6.722
  -1.084 10.276  9.322  1.452 -1.452 26.857  0.000 14.791  -0.10
 2 7651634 0 0 1 118301.689518302.9043
 13.809 -0.191 21.129 20.896-49.658-34.075  6.313  6.951 21.129
 -49.658  6.313  6.951  0.000  0.000  0.000  0.000 13.809  -0.19
 2 8652143 0 0 1 118302.904318303.6777
 14.568  0.255 20.896 21.094-34.075-23.573  6.951  3.435 20.896
 -34.075  6.951  3.435  0.000  0.000  0.000  0.000 14.568   0.26
 2 9651615 0 0 1 118303.677718304.6738
 13.651 -0.045 21.094 21.049-23.573-10.945  3.435  2.642 21.094
 -23.573  3.435  2.642  0.000  0.000  0.000  0.000 13.651  -0.04
 2 9651615 0 0 1 118303.677718304.6738
 13.325 -0.148 30.088 29.940-58.329-46.027  5.738 18.708 30.088
 -58.329  5.738 18.708  0.000  0.000  0.000  0.000 13.325  -0.15
 210651611 0 0 1 118304.673818305.6758
 14.332 -0.372 29.940 29.568-46.027-32.664 18.708  3.825 29.940
 -46.027 18.708  3.825  0.000  0.000  0.000  0.000 14.332  -0.37
 210651611 0 0 1 118304.673818305.6758
 13.736 -0.733 21.049 20.315-10.945  1.820  2.642  5.601 21.049
 -10.945  2.642  5.601  0.000  0.000  0.000  0.000 13.736  -0.73
 211651612 0 0 1 118305.675818306.8008
 14.324  0.282 29.568 29.886-32.664-17.652  3.825  1.707 29.568
 -32.664  3.825  1.707  0.000  0.000  0.000  0.000 14.324   0.28
 211651612 0 0 1 118305.675818306.8008
 13.966  0.209 20.315 20.551  1.820 16.429  5.601  5.746 20.315
   1.820  5.601  5.746  0.000  0.000  0.000  0.000 13.966   0.21
 212651912 0 0 1 118306.800818307.6797
 12.601 -0.954 29.886 29.046-17.652 -7.427  1.707  2.718 29.886
 -17.652  1.707  2.718  0.000  0.000  0.000  0.000 12.601  -0.95
 212651912 0 0 1 118306.800818307.6797
 13.240 -0.154 20.551 20.415 16.429 27.216  5.746 10.253 20.551
  16.429  5.746 10.253  0.000  0.000  0.000  0.000 13.240  -0.15
 213651619 0 0 1 118307.679718308.7793
 13.932 -0.216 20.415 20.177 27.216 41.463 10.253  5.709 20.415
  27.216 10.253  5.709  0.000  0.000  0.000  0.000 13.932  -0.22
 214651843 0 0 1 118308.779318309.6777
 13.665 -0.054 20.177 20.129 41.463 52.853  5.709  5.935 20.177
  41.463  5.709  5.935  0.000  0.000  0.000  0.000 13.665  -0.05
 225651622 0 0 1 118319.681618320.6816
 14.478  0.409 -3.999 -4.408-38.469-24.981  1.888  2.929 -3.999
 -38.469  1.888  2.929  0.000  0.000  0.000  0.000 14.478   0.41
 225651622 0 0 1 118319.681618320.6816
 13.599 -0.320  7.433  7.114-51.370-38.761  5.932  2.667  7.433
 -51.370  5.932  2.667  0.000  0.000  0.000  0.000 13.599  -0.32
 226651621 0 0 1 118320.681618321.8848
 14.394 -0.331  7.114  6.715-38.761-22.610  2.667  2.682  7.114
 -38.761  2.667  2.682  0.000  0.000  0.000  0.000 14.394  -0.33
 317651559 2 2 41018339.666018340.6582
 12.438  0.088 27.603 27.690 26.936 38.311 10.424  0.050 27.482
  27.691 19.699 16.964  2.690  1.625 -3.569 25.180 14.304   0.99
 317651559 2 2 41018339.666018340.6582
 12.802  0.198 28.258 28.455 29.315 41.051  2.456  1.005 27.482
  27.691 19.699 16.964  2.690  1.625 -3.569 25.180 14.304   0.99
 317651559 2 2 41018339.666018340.6582
 12.305  0.507 26.950 27.453 30.629 41.872  2.423  3.690 27.482
  27.691 19.699 16.964  2.690  1.625 -3.569 25.180 14.304   0.99
 325651615 0 0 1 218347.677718348.6738
 15.920  0.158 11.057 11.215-41.502-26.629 10.301  2.583 11.057
 -41.502 10.301  5.046  0.000  0.409  0.000-81.402 15.889  -0.04
 326651610 1 1 2 418348.673818349.6602
 14.952  0.208 10.810 11.015-26.691-12.919  2.463  0.421 11.017
 -26.659  5.046  1.221  0.409  0.271-81.402-14.886 14.812   0.29
 326651610 1 1 2 418348.673818349.6602
 14.871  0.334 11.215 11.544-26.629-12.936  2.583  0.625 11.017
 -26.659  5.046  1.221  0.409  0.271-81.402-14.886 14.812   0.29
 415651636 0 0 1 218368.691418369.6699
 14.287 -0.174  5.305  5.134-11.454  1.561  3.681  0.050  5.305
 -11.454  3.681  0.108  0.000  0.251  0.000 -1.978 14.149  -0.18
 515651648 1 2 3 418398.699218399.6055
 13.854 -0.719 21.953 21.301-54.294-42.632  8.321  9.518 22.344
 -54.435 11.672 22.170  1.435  0.392 71.582 72.230 13.629  -0.06
 515651648 1 2 3 418398.699218399.6055
 13.777 -0.468 22.778 22.354-54.649-43.056  0.798  1.880 22.344
 -54.435 11.672 22.170  1.435  0.392 71.582 72.230 13.629  -0.06
 515651648 1 2 3 418398.699218399.6055
 13.737 -0.346 23.482 23.169-54.827-43.270  2.554 10.666 22.344
 -54.435 11.672 22.170  1.435  0.392 71.582 72.230 13.629  -0.06
 515651648 2 2 4 218398.699218399.6055
 14.526 -0.374 20.887 20.549 19.461 31.732  1.854  3.691 21.350
  18.166  3.264  4.050  3.656  0.348 21.598 11.146 15.544  -0.81
 515651648 2 2 4 218398.699218399.6055
 15.203 -0.515 21.016 20.549 18.847 31.732  0.336  3.691 21.350
  18.166  3.264  4.050  3.656  0.348 21.598 11.146 15.544  -0.81
 516651433 2 2 41118399.605518400.6035
 13.843  0.063 21.301 21.364-42.632-29.819  9.518  0.495 22.291
 -42.976 22.170 42.927  1.827  2.779 72.230  4.524 11.815   0.17
 516651433 2 2 41118399.605518400.6035
 13.773 -0.027 22.354 22.327-43.056-30.312  1.880  8.642 22.291
 -42.976 22.170 42.927  1.827  2.779 72.230  4.524 11.815   0.17
 516651433 2 2 41118399.605518400.6035
 14.222  0.138 23.169 23.307-43.270-30.079 10.666  6.071 22.291
 -42.976 22.170 42.927  1.827  2.779 72.230  4.524 11.815   0.17
 516651433 1 1 2 118399.605518400.6035
 14.088 -0.096 20.549 20.454 31.732 44.790  3.691  1.724 20.617
  31.360  4.050  1.724  4.004 -4.004 11.146  0.000 14.462  -0.16
 517651428 1 1 2 418400.603518401.7480
 12.320  1.187 22.153 23.512-53.706-40.726  9.368  7.994 22.936
 -52.730 22.365 17.256  2.051  0.820-41.052 30.533 12.214   0.06
 517651428 5 611 518400.603518401.7480
 14.109  0.391 22.822 23.269-35.823-20.794  5.223  0.050 22.461
 -32.184 42.927 18.126  4.607 -2.591  4.524 40.194 16.073  -0.02
 517651428 5 611 518400.603518401.7480
 14.514 -0.023 21.523 21.497-29.188-13.695  7.597  4.946 22.461
 -32.184 42.927 18.126  4.607 -2.591  4.524 40.194 16.073  -0.02
 517651428 5 611 518400.603518401.7480
 15.065  0.116 21.364 21.497-29.819-13.695  0.495  4.946 22.461
 -32.184 42.927 18.126  4.607 -2.591  4.524 40.194 16.073  -0.02
 517651428 5 611 518400.603518401.7480
 14.141  0.193 22.327 22.548-30.312-15.247  8.642  1.688 22.461
 -32.184 42.927 18.126  4.607 -2.591  4.524 40.194 16.073  -0.02
 517651428 5 611 518400.603518401.7480
 14.209 -0.014 23.307 23.290-30.079-14.935  6.071  7.986 22.461
 -32.184 42.927 18.126  4.607 -2.591  4.524 40.194 16.073  -0.02
 517651428 3 2 5 418400.603518401.7480
 14.537 -1.020 18.574 17.405 22.477 37.995  1.075  0.171 19.053
  24.396  3.656  3.712  3.039 -0.760-13.775 39.443 15.180  -0.49
 517651428 3 2 5 418400.603518401.7480
 15.259 -0.784 18.312 17.415 25.503 41.849  0.298  1.010 19.053
  24.396  3.656  3.712  3.039 -0.760-13.775 39.443 15.180  -0.49
 6 3652257 1 3 4 218417.957018418.7285
 14.110 -0.319-12.004-11.758 38.329 48.457  2.319  0.195-11.519
  38.491  3.567  7.639  2.427 -1.137 45.548-14.277 12.290  -0.09
 6 3652257 1 3 4 218417.957018418.7285
 14.664 -0.122-11.534-11.440 36.626 47.182  0.334  7.444-11.519
  38.491  3.567  7.639  2.427 -1.137 45.548-14.277 12.290  -0.09
 6 3652257 1 3 4 118417.957018418.7285
 14.734  0.763-10.171-10.760 19.829 30.438 11.803  4.241-10.168
  19.591 12.361  4.241  5.183 -5.183 -0.708  0.000 15.042   0.77
 6 3652257 1 1 2 118417.957018418.7285
 14.357  0.206-10.322-10.480 10.794 21.113  4.308  6.911-10.268
  10.768  4.723  6.911  0.676 -0.676-64.761  0.000 14.390   0.28
 6 4651728 0 0 1 118418.728518419.9453
 13.786  0.078-10.760-10.854 30.438 46.034  4.241 12.819-10.760
  30.438  4.241 12.819  0.000  0.000  0.000  0.000 13.786   0.08
 6 4651728 0 0 1 118418.728518419.9453
 14.243  0.287-10.480-10.829 21.113 37.265  6.911  2.501-10.480
  21.113  6.911  2.501  0.000  0.000  0.000  0.000 14.243   0.29
 618651851 1 2 3 318432.785218433.7832
 12.894 -0.835-28.253-27.419 38.973 50.871  7.418  2.887-27.731
  38.853 13.857  4.758  1.146  3.019-78.497 27.905 14.483  -1.09
 618651851 1 2 3 318432.785218433.7832
 13.072 -1.098-27.136-26.040 38.716 50.790  6.389  0.171-27.731
  38.853 13.857  4.758  1.146  3.019-78.497 27.905 14.483  -1.09
 7 6651429 5 611 718450.603518451.8906
 13.936 -0.074 18.675 18.580-21.857 -5.183  1.554  0.040 19.128
 -18.130 19.647 12.995  4.610 -0.850  1.870  9.725 14.434  -0.07
 7 6651429 5 611 718450.603518451.8906
 13.862 -0.454 19.164 18.580-21.761 -5.183  2.795  0.040 19.128
 -18.130 19.647 12.995  4.610 -0.850  1.870  9.725 14.434  -0.07
 7 6651429 5 611 718450.603518451.8906
 13.741 -0.003 19.337 19.333-18.531 -2.109  0.169  5.434 19.128
 -18.130 19.647 12.995  4.610 -0.850  1.870  9.725 14.434  -0.07
 7 6651429 5 611 718450.603518451.8906
 14.620 -0.382 19.180 18.687-16.357  1.197  3.623  6.120 19.128
 -18.130 19.647 12.995  4.610 -0.850  1.870  9.725 14.434  -0.07
 7 6651429 5 611 718450.603518451.8906
 14.590 -0.092 18.806 18.687-16.317  1.197  5.533  6.120 19.128
 -18.130 19.647 12.995  4.610 -0.850  1.870  9.725 14.434  -0.07
 7 8652228 6 2 8 818452.935518453.6621
 13.632 -0.716 20.213 19.693  8.225 17.416  0.050  2.460 19.076
   9.779 12.619 22.512  5.347  0.987  1.838  5.529 16.308   0.06
 7 8652228 6 2 8 818452.935518453.6621
 13.749 -0.742 18.726 18.187 15.449 24.725  1.384  0.050 19.076
   9.779 12.619 22.512  5.347  0.987  1.838  5.529 16.308   0.06
 7 8652228 6 2 8 818452.935518453.6621
 13.209 -0.517 18.562 18.187 15.841 24.725  0.179  0.050 19.076
   9.779 12.619 22.512  5.347  0.987  1.838  5.529 16.308   0.06
 710651548 1 2 3 218454.658218455.7402
 13.619 -1.087 20.076 18.899 30.844 44.520  2.082  0.739 19.156
  30.820  7.386  0.789  1.282  2.368-88.599  0.124 13.867  -0.24
 710651548 1 2 3 218454.658218455.7402
 14.289 -0.659 19.613 18.899 30.119 44.520  0.050  0.739 19.156
  30.820  7.386  0.789  1.282  2.368-88.599  0.124 13.867  -0.24
 710651548 1 1 2 218454.658218455.7402
 14.691  0.266 18.563 18.851 36.512 51.348  3.897  2.037 18.534
  38.164 12.787  6.742  2.254 -0.413  1.064  7.505 14.406   0.14
 710651548 1 1 2 218454.658218455.7402
 14.275  0.083 18.521 18.611 38.888 53.274  8.890  4.704 18.534
  38.164 12.787  6.742  2.254 -0.413  1.064  7.505 14.406   0.14
 711651747 1 1 2 118455.740218456.7598
 14.072  0.615 18.899 19.525 44.520 57.851  0.739  1.675 18.899
  44.765  0.789  1.675  3.650 -3.650  0.124  0.000 13.832   0.62
 8 96519 6 2 1 3 518484.794918485.6973
 16.476 -0.533-30.261-29.781 11.449 25.407  0.050  0.050-29.864
  10.434  1.481 10.726  0.999  2.048-24.274 11.441 16.034  -0.46
 810651643 3 2 5 218485.697318486.9082
 12.872 -0.664-29.855-29.050 22.042 36.446  4.162  3.035-29.450
  23.994 10.726  3.584  3.047  1.253 11.441  1.716 11.882  -0.35
 810651643 3 2 5 218485.697318486.9082
 12.598 -0.210-29.305-29.050 22.374 36.446  0.587  3.035-29.450
  23.994 10.726  3.584  3.047  1.253 11.441  1.716 11.882  -0.35
 826651537 3 3 6 118501.650418502.6758
 14.856 -0.037 27.104 27.066-34.521-20.289  2.152 12.840 27.273
 -34.645  9.295 12.840  1.445 -1.445-22.467  0.000 14.977  -0.20
 826651537 3 3 6 118501.650418502.6758
 14.714 -0.388 27.464 27.066-34.375-20.289  5.245 12.840 27.273
 -34.645  9.295 12.840  1.445 -1.445-22.467  0.000 14.977  -0.20
 8316517 0 1 2 3 118506.709018507.7207
 14.237 -0.096  2.794  2.697 29.446 42.868  3.915  0.018  2.935
  30.879  6.783  0.018  4.700 -4.700 12.800  0.000 12.822  -0.24
 914651617 0 0 1 118520.677718521.6660
 14.229  0.170 23.475 23.643-28.366-15.287 13.568  9.315 23.475
 -28.366 13.568  9.315  0.000  0.000  0.000  0.000 14.229   0.17
 923651828 2 1 3 118529.769518530.8008
 13.434  0.794 25.837 26.656 39.396 52.235  1.210  0.013 25.807
  39.454  1.310  0.013  0.788 -0.788 30.004  0.000 13.378   0.82
 923651828 2 1 3 118529.769518530.8008
 12.894  1.119 25.502 26.656 39.953 52.235  0.050  0.013 25.807
  39.454  1.310  0.013  0.788 -0.788 30.004  0.000 13.378   0.82
 923651828 2 1 3 118529.769518530.8008
 12.505  1.234 25.384 26.656 40.355 52.235  0.050  0.013 25.807
  39.454  1.310  0.013  0.788 -0.788 30.004  0.000 13.378   0.82
 928651741 5 4 91118534.736318535.6680
 13.204 -0.493 20.473 20.013-39.917-28.529  6.050  0.460 21.106
 -43.426 49.682 28.991  6.625  1.586  0.532 -5.116 12.799  -0.19
 928651741 5 4 91118534.736318535.6680
 13.748 -0.571 21.357 20.825-42.670-30.775  7.221  1.695 21.106
 -43.426 49.682 28.991  6.625  1.586  0.532 -5.116 12.799  -0.19
 928651741 5 4 91118534.736318535.6680
 13.337 -0.455 21.569 21.145-47.549-36.037 11.541  8.721 21.106
 -43.426 49.682 28.991  6.625  1.586  0.532 -5.116 12.799  -0.19
 928651741 5 4 91118534.736318535.6680
 13.003 -0.693 20.704 20.059-46.904-35.704 11.507  8.602 21.106
 -43.426 49.682 28.991  6.625  1.586  0.532 -5.116 12.799  -0.19
 9296516 3 7 4111818535.668018536.6094
 14.214  0.026 20.421 20.446-27.580-15.141  0.050  2.041 20.931
 -32.416 28.991 30.830  8.211 -2.545 -5.116 -0.340 14.852   0.04
 9296516 3 7 4111818535.668018536.6094
 13.786  0.214 19.021 19.222-27.273-15.237  2.179  0.455 20.931
 -32.416 28.991 30.830  8.211 -2.545 -5.116 -0.340 14.852   0.04
 9296516 3 7 4111818535.668018536.6094
 13.525  0.142 20.013 20.146-28.529-16.738  0.460  0.174 20.931
 -32.416 28.991 30.830  8.211 -2.545 -5.116 -0.340 14.852   0.04
 9296516 3 7 4111818535.668018536.6094
 13.972  0.223 20.825 21.035-30.775-18.564  1.695  4.958 20.931
 -32.416 28.991 30.830  8.211 -2.545 -5.116 -0.340 14.852   0.04
 9296516 3 7 4111818535.668018536.6094
 14.477  0.411 20.059 20.445-35.704-23.017  8.602  4.582 20.931
 -32.416 28.991 30.830  8.211 -2.545 -5.116 -0.340 14.852   0.04
 9296516 3 7 4111818535.668018536.6094
 14.485  0.204 21.145 21.336-36.037-23.344  8.721  5.155 20.931
 -32.416 28.991 30.830  8.211 -2.545 -5.116 -0.340 14.852   0.04
 93065143712 6181618536.609418537.6133
 16.986  0.651 20.062 20.715-23.033 -6.977  2.142  1.189 20.964
 -19.377 30.830 23.769  5.666  2.051 -0.340  0.267 15.792   0.14
 93065143712 6181618536.609418537.6133
 16.489  0.479 20.235 20.715-22.535 -6.977  0.231  1.189 20.964
 -19.377 30.830 23.769  5.666  2.051 -0.340  0.267 15.792   0.14
 93065143712 6181618536.609418537.6133
 16.970  0.269 20.445 20.715-23.017 -6.977  4.582  1.189 20.964
 -19.377 30.830 23.769  5.666  2.051 -0.340  0.267 15.792   0.14
 93065143712 6181618536.609418537.6133
 16.339  0.470 19.644 20.116-16.207 -0.800  0.224  0.050 20.964
 -19.377 30.830 23.769  5.666  2.051 -0.340  0.267 15.792   0.14
 93065143712 6181618536.609418537.6133
 16.641  0.620 19.595 20.218-17.011 -1.301  0.280  0.439 20.964
 -19.377 30.830 23.769  5.666  2.051 -0.340  0.267 15.792   0.14
 93065143712 6181618536.609418537.6133
 16.461  0.677 21.488 22.168-13.659  1.871  1.686  2.836 20.964
 -19.377 30.830 23.769  5.666  2.051 -0.340  0.267 15.792   0.14
10 1651442 9 7161518537.613318538.6172
 13.982 -0.028 20.152 20.124 -9.714  3.355  3.162  0.137 21.104
  -4.519 23.769 26.377  7.717 -0.404  0.267  3.363 14.707  -0.14
10 1651442 9 7161518537.613318538.6172
 13.983 -0.005 21.488 21.483 -7.207  5.863  3.674  4.925 21.104
  -4.519 23.769 26.377  7.717 -0.404  0.267  3.363 14.707  -0.14
10 1651442 9 7161518537.613318538.6172
 13.761  0.208 22.429 22.638 -6.346  6.501  1.913  0.050 21.104
  -4.519 23.769 26.377  7.717 -0.404  0.267  3.363 14.707  -0.14
10 1651442 9 7161518537.613318538.6172
 14.354  0.187 19.785 19.973 -2.368 11.075  3.098  0.684 21.104
  -4.519 23.769 26.377  7.717 -0.404  0.267  3.363 14.707  -0.14
10 1651442 9 7161518537.613318538.6172
 13.915 -0.100 20.074 19.973 -1.926 11.075  0.050  0.684 21.104
  -4.519 23.769 26.377  7.717 -0.404  0.267  3.363 14.707  -0.14
10 1651442 9 7161518537.613318538.6172
 14.361 -0.016 20.218 20.201 -1.301 12.148  0.439  1.934 21.104
  -4.519 23.769 26.377  7.717 -0.404  0.267  3.363 14.707  -0.14
10 1651442 9 7161518537.613318538.6172
 14.142 -0.285 20.116 19.829 -0.800 12.430  0.050  1.533 21.104
  -4.519 23.769 26.377  7.717 -0.404  0.267  3.363 14.707  -0.14
10 1651442 9 7161518537.613318538.6172
 14.313 -0.049 22.168 22.118  1.871 15.273  2.836  0.050 21.104
  -4.519 23.769 26.377  7.717 -0.404  0.267  3.363 14.707  -0.14
10 1651442 9 7161518537.613318538.6172
 14.311  0.183 21.525 21.709  2.073 15.472  2.188  5.273 21.104
  -4.519 23.769 26.377  7.717 -0.404  0.267  3.363 14.707  -0.14
10 2651450 3 2 5 318538.617218539.9082
 11.433 -1.535-19.010-17.030 23.491 36.971  3.691  0.050-18.470
  21.503 21.049 23.040  4.715 -2.827-12.328-14.337 12.232  -0.22
10 2651450 3 2 5 318538.617218539.9082
 11.250 -1.333-19.839-18.120 22.507 35.751  0.050 19.897-18.470
  21.503 21.049 23.040  4.715 -2.827-12.328-14.337 12.232  -0.22
10 2651450 9 615 718538.617218539.9082
 13.845 -0.613 20.325 19.533  2.777 19.370  1.031  0.050 20.962
   9.279 26.377 28.601  7.314 -0.808  3.363 13.024 13.877  -0.05
10 2651450 9 615 718538.617218539.9082
 13.397 -0.458 20.124 19.533  3.355 19.370  0.137  0.050 20.962
   9.279 26.377 28.601  7.314 -0.808  3.363 13.024 13.877  -0.05
10 2651450 9 615 718538.617218539.9082
 13.185 -0.351 19.986 19.533  3.629 19.370  0.050  0.050 20.962
   9.279 26.377 28.601  7.314 -0.808  3.363 13.024 13.877  -0.05
10 2651450 9 615 718538.617218539.9082
 13.271 -0.746 22.638 21.675  6.501 22.353  0.050  8.184 20.962
   9.279 26.377 28.601  7.314 -0.808  3.363 13.024 13.877  -0.05
10 4651728 3 5 8 218540.728518541.6133
 13.985  0.185 21.655 21.819 32.693 44.211  0.050  0.050 21.686
  33.196  3.762  8.321  2.289 -1.630 18.032-52.402 13.904   0.74
10 4651728 3 5 8 218540.728518541.6133
 14.636  0.171 22.190 22.341 32.550 44.646  0.452  8.271 21.686
  33.196  3.762  8.321  2.289 -1.630 18.032-52.402 13.904   0.74
10 4651728 3 5 8 218540.728518541.6133
 13.938 -0.177 22.498 22.341 33.169 44.646  1.716  8.271 21.686
  33.196  3.762  8.321  2.289 -1.630 18.032-52.402 13.904   0.74
10 4651728 3 2 5 218540.728518541.6133
 14.701 -0.647 22.022 21.449 44.221 56.374  1.670  0.144 20.921
  41.541  5.893  9.103  4.698 -0.493-22.377-16.140 12.942  -0.70
10 4651728 3 2 5 218540.728518541.6133
 13.814 -0.608 21.988 21.449 45.006 56.374  0.530  0.144 20.921
  41.541  5.893  9.103  4.698 -0.493-22.377-16.140 12.942  -0.70
10 5651444 1 1 2 218541.613318542.6172
 13.823  0.695 21.819 22.516 44.211 57.084  0.050  0.050 22.338
  44.644  8.321  0.100  0.659  1.658-52.402 -3.830 14.640   0.25
1010651441 0 0 1 118546.611318547.7168
 14.273 -0.006 19.477 19.470-48.478-33.798  0.500  7.030 19.477
 -48.478  0.500  7.030  0.000  0.000  0.000  0.000 14.273  -0.01
1011651712 0 0 1 118547.716818548.8008
 14.640 -0.226 19.470 19.225-33.798-18.996  7.030  2.956 19.470
 -33.798  7.030  2.956  0.000  0.000  0.000  0.000 14.640  -0.23
1023651655 0 0 1 118559.705118560.6953
 14.621  0.177-13.782-13.957-52.012-38.510  5.492  7.388-13.782
 -52.012  5.492  7.388  0.000  0.000  0.000  0.000 14.621   0.18
1023651655 2 1 3 118559.705118560.6953
 12.246  0.654 29.223 29.871-31.092-19.941  0.306  0.818 29.919
 -31.684  6.341  0.818  2.167 -2.167 41.050  0.000 12.845  -0.05
1024651641 0 0 1 218560.695318561.6680
 14.381  1.090-13.957-15.017-38.510-25.487  7.388  9.559-13.957
 -38.510  7.388  9.564  0.000  2.869  0.000 50.472 14.380   1.09
1031651548 2 3 5 418567.658218568.9824
 13.937 -0.162  9.589  9.374 12.903 30.044  0.050  4.687 10.143
  15.315  7.785 16.444  3.020 -1.139-17.680-22.734 13.066  -0.19
1031651548 2 3 5 418567.658218568.9824
 13.628  0.154  9.170  9.374 13.312 30.044  1.428  4.687 10.143
  15.315  7.785 16.444  3.020 -1.139-17.680-22.734 13.066  -0.19
1031651548 2 3 5 418567.658218568.9824
 13.332 -0.156 10.403 10.196 16.108 32.449  5.616  3.654 10.143
  15.315  7.785 16.444  3.020 -1.139-17.680-22.734 13.066  -0.19
11 1652334 3 1 4 518568.982418569.7051
 16.236 -0.707  9.374  8.862 30.044 41.079  4.687  0.469  9.894
  31.304 16.444  5.548  1.881  0.108-22.734-33.630 15.649  -0.71
11 1652334 3 1 4 518568.982418569.7051
 16.033 -0.505 10.046  9.680 31.378 42.265  7.587  3.802  9.894
  31.304 16.444  5.548  1.881  0.108-22.734-33.630 15.649  -0.71
11 1652334 3 1 4 518568.982418569.7051
 15.564 -0.820 10.196  9.603 32.449 42.998  3.654  0.050  9.894
  31.304 16.444  5.548  1.881  0.108-22.734-33.630 15.649  -0.71
11 2651656 3 2 5 318569.705118570.7266
 13.249 -0.284  8.429  8.139 40.480 52.999  0.981  3.239  9.383
  41.914  5.548  3.797  1.989  1.438-33.630-18.684 12.317  -1.06
11 2651656 3 2 5 318569.705118570.7266
 13.330 -0.048  8.862  8.813 41.079 53.681  0.469  0.050  9.383
  41.914  5.548  3.797  1.989  1.438-33.630-18.684 12.317  -1.06
11 2651656 3 2 5 318569.705118570.7266
 13.689 -0.257  9.542  9.279 43.568 56.536  0.247  0.508  9.383
  41.914  5.548  3.797  1.989  1.438-33.630-18.684 12.317  -1.06
11 665173810 818 818573.736318574.6719
 14.033 -0.641 28.748 28.147  3.954 16.177  7.365  0.487 27.506
   7.077 33.434 10.351  4.346  2.029 22.139 24.627 16.095  -1.36
11 665173810 818 818573.736318574.6719
 13.703 -0.284 27.880 27.614  7.475 19.388  6.874  0.892 27.506
   7.077 33.434 10.351  4.346  2.029 22.139 24.627 16.095  -1.36
11 665173810 818 818573.736318574.6719
 14.430 -0.360 25.394 25.057  9.146 21.740  2.333  3.502 27.506
   7.077 33.434 10.351  4.346  2.029 22.139 24.627 16.095  -1.36
11 665173810 818 818573.736318574.6719
 14.069 -0.611 26.371 25.799 11.692 23.948  0.686  0.954 27.506
   7.077 33.434 10.351  4.346  2.029 22.139 24.627 16.095  -1.36
11 665173810 818 818573.736318574.6719
 13.700 -0.322 26.070 25.769 12.860 24.770  1.132  2.727 27.506
   7.077 33.434 10.351  4.346  2.029 22.139 24.627 16.095  -1.36
11 665173810 818 818573.736318574.6719
 13.835 -0.476 26.214 25.769 12.733 24.770  0.222  2.727 27.506
   7.077 33.434 10.351  4.346  2.029 22.139 24.627 16.095  -1.36
11 76516 7 4 4 81118574.671918575.6699
 13.596 -0.507 28.334 27.828 15.334 27.927  1.528  3.889 26.230
  21.231 10.351 24.274  6.375  1.110 24.627 14.743 13.628  -0.06
11 76516 7 4 4 81118574.671918575.6699
 13.823 -0.613 28.147 27.535 16.177 28.996  0.487  1.216 26.230
  21.231 10.351 24.274  6.375  1.110 24.627 14.743 13.628  -0.06
11 76516 7 4 4 81118574.671918575.6699
 13.305 -0.604 28.138 27.535 16.694 28.996  0.212  1.216 26.230
  21.231 10.351 24.274  6.375  1.110 24.627 14.743 13.628  -0.06
11 76516 7 4 4 81118574.671918575.6699
 13.910 -0.451 25.856 25.406 22.387 35.292  0.050  0.703 26.230
  21.231 10.351 24.274  6.375  1.110 24.627 14.743 13.628  -0.06
11 76516 7 4 4 81118574.671918575.6699
 13.495 -0.462 25.799 25.338 23.948 36.439  0.954  4.848 26.230
  21.231 10.351 24.274  6.375  1.110 24.627 14.743 13.628  -0.06
11 86516 6 1 1 2 818575.669918576.6738
 13.534  0.325 24.660 24.985-23.715-11.132  2.869  0.050 25.275
 -23.934  4.677  2.928  1.672  2.423 72.168 32.018 13.786   0.00
11 86516 6 1 1 2 818575.669918576.6738
 13.083 -0.026 26.252 26.225-24.282-12.151  1.808  0.050 25.275
 -23.934  4.677  2.928  1.672  2.423 72.168 32.018 13.786   0.00
11 86516 6 0 0 1 118575.669918576.6738
 14.400  0.382 22.419 22.802-13.376  0.075  4.346  0.050 22.419
 -13.376  4.346  0.050  0.000  0.000  0.000  0.000 14.400   0.38
11 86516 6 5 6111418575.669918576.6738
 13.648  0.903 27.535 28.440 28.996 41.693  1.216  0.050 26.166
  33.856 24.274 16.393  7.485  0.659 14.743 12.703 11.863   0.40
11 86516 6 5 6111418575.669918576.6738
 12.771  0.677 26.868 27.547 28.714 40.532  2.842  6.148 26.166
  33.856 24.274 16.393  7.485  0.659 14.743 12.703 11.863   0.40
11 86516 6 5 6111418575.669918576.6738
 13.273  1.140 24.777 25.920 32.911 45.232  0.050  0.050 26.166
  33.856 24.274 16.393  7.485  0.659 14.743 12.703 11.863   0.40
11 86516 6 5 6111418575.669918576.6738
 13.616  1.056 24.630 25.689 36.164 48.830  0.050  1.683 26.166
  33.856 24.274 16.393  7.485  0.659 14.743 12.703 11.863   0.40
11 86516 6 5 6111418575.669918576.6738
 13.395  0.870 24.817 25.689 36.386 48.830  0.399  1.683 26.166
  33.856 24.274 16.393  7.485  0.659 14.743 12.703 11.863   0.40
11 9651610 1 7 8 918576.673818577.6738
 13.790  0.238 27.162 27.400-14.037 -1.230  0.248  2.067 25.271
 -11.098  2.928 10.130  4.095  0.851 32.018 33.285 13.217   0.27
11 9651610 1 7 8 918576.673818577.6738
 14.229  0.577 26.706 27.282-14.034 -0.790  0.413  0.050 25.271
 -11.098  2.928 10.130  4.095  0.851 32.018 33.285 13.217   0.27
11 9651610 1 7 8 918576.673818577.6738
 13.965  0.581 26.174 26.755-13.756 -0.775  0.050  0.336 25.271
 -11.098  2.928 10.130  4.095  0.851 32.018 33.285 13.217   0.27
11 9651610 1 7 8 918576.673818577.6738
 13.957  0.349 26.405 26.755-13.748 -0.775  0.050  0.336 25.271
 -11.098  2.928 10.130  4.095  0.851 32.018 33.285 13.217   0.27
11296519 6 0 0 1 118596.794918597.8086
 13.262  0.118 28.509 28.628-48.967-36.527 15.388  4.948 28.509
 -48.967 15.388  4.948  0.000  0.000  0.000  0.000 13.262   0.12
1130651925 0 0 1 118597.808618598.7852
 14.335 -0.114 28.628 28.517-36.527-23.482  4.948  8.375 28.628
 -36.527  4.948  8.375  0.000  0.000  0.000  0.000 14.335  -0.11
12 1651852 0 0 1 118598.785218599.6777
 13.564  0.255 28.517 28.744-23.482-12.273  8.375  1.531 28.517
 -23.482  8.375  1.531  0.000  0.000  0.000  0.000 13.564   0.26
12 2651615 0 0 1 218599.677718600.7402
 14.067 -0.346 28.744 28.376-12.273  1.647  1.531  1.238 28.744
 -12.273  1.531  2.725  0.000  0.329  0.000-21.393 13.889  -0.41
12 3651747 1 1 2 118600.740218601.8867
 13.162  0.665 28.257 29.019  1.299 15.263  1.487  2.332 28.311
   1.457  2.725  2.332  0.329 -0.329-21.393  0.000 13.025   0.62
12 3651747 1 1 2 118600.740218601.8867
 12.859  0.561 28.376 29.019  1.647 15.263  1.238  2.332 28.311
   1.457  2.725  2.332  0.329 -0.329-21.393  0.000 13.025   0.62
12 4652118 0 0 1 218601.886718602.7441
 14.269 -0.803 29.019 28.331 15.263 26.639  2.332  3.098 29.019
  15.263  2.332  3.405  0.000  1.217  0.000-84.926 14.282  -0.68
12 5651751 1 1 2 118602.744118603.7813
 12.906 -0.066 28.331 28.262 26.639 39.018  3.098  0.627 28.441
  26.650  3.405  0.627  1.217 -1.217-84.926  0.000 12.895  -0.17
1231651626 1 1 2 118628.685518629.8008
 14.979 -0.579-29.001-28.354 22.222 37.844  6.036  6.907-28.992
  22.030  7.449  6.907  0.886 -0.886 -3.045  0.000 15.151  -0.57
1231651626 1 1 2 118628.685518629.8008
 15.885 -0.537-28.954-28.354 21.210 37.844  1.413  6.907-28.992
  22.030  7.449  6.907  0.886 -0.886 -3.045  0.000 15.151  -0.57
1231651626 2 1 3 118628.685518629.8008
 14.805  0.551 20.777 21.391 12.384 27.813  2.402  3.528 21.484
  12.103  5.758  3.528  3.432 -3.432 -2.711  0.000 15.057  -0.08
