 1 342 641 1 1 2 4 9864.7207 9865.6641
 12.859 -0.178  8.170-37.596-26.393  2.950 17.018-52.128  1.356
 -37.353-37.755  8.479  7.968  1.170  1.780-26.350-28.218  29.60
 1 942 751 2 4 6 3 9870.6729 9871.6670
 14.760  0.866-10.858 21.114 34.819  9.624  0.714  3.393 -1.429
  21.563 19.808-10.832-10.934  7.166  2.458 35.016 34.743  22.72
 1 942 751 0 0 1 1 9870.6729 9871.6670
 12.767  1.085 -5.331  7.092 18.815  1.111  0.880  0.000  0.000
   0.000  0.000  0.000  0.000  0.000  0.000  0.000  0.000   0.00
 1 942 751 2 3 5 5 9870.6729 9871.6670
 13.826  0.185-11.751  1.331 14.106  8.149  5.320 27.825  0.424
   1.704  0.865-11.558-11.992  4.526  3.624 14.687 13.623  11.83
 1 942 75119254424 9870.6729 9871.6670
 13.024  0.808 -8.902-10.763  1.216 50.347 26.682 29.105 -5.017
  -5.837-14.128 -6.193-10.754 20.436 29.911  3.749 -0.280  -4.77
 11642 747 4 61013 9877.6748 9878.6738
 13.625  0.207 12.157-39.226-26.597 16.880 13.377-48.766  3.384
 -38.710-39.314 12.733 12.058  2.474 14.406-26.222-30.598  51.86
 11742 749 4 913 1 9878.6738 9879.8496
 14.771 -0.068 12.364-26.597-10.381 13.377  0.096  3.094 -4.281
 -26.222-30.598 12.344 12.575 12.231  1.147  0.000  0.000   0.00
 11842 337 0 0 1 6 9879.8496 9880.6729
 13.113  0.030 12.284-10.381 -0.387  0.096  3.716  0.000  0.000
   0.000  0.000  0.000  0.000  0.000  0.000  0.000 -1.381   0.00
 11942 751 4 2 6 3 9880.6729 9881.6787
 13.692 -0.930 12.308 -0.387 12.405  3.716  4.234 25.149  2.312
   0.015 -1.381 12.124 12.764  2.646  1.069 12.535  8.680 -33.39
 12042 741 1 6 7 6 9881.6787 9882.7412
 15.788  0.452 12.435-50.100-34.375 20.792  5.803-18.150 -0.436
 -48.694-51.528 12.885 11.978 10.479 10.313-33.737-35.903 -13.34
 12042 741 2 1 3 4 9881.6787 9882.7412
 14.903  0.373 11.373 12.405 27.191  4.234 14.365 -8.244 -2.886
  12.535  8.680 11.391 10.844  4.091  0.142 27.243 26.897 -60.45
 2 542 515 0 0 1 1 9897.7813 9898.9727
 13.822 -0.563-11.416 -9.200  6.105  5.343  2.786  0.000  0.000
   0.000  0.000  0.000  0.000  0.000  0.000  0.000  0.000   0.00
 2 542 515 8142213 9897.7813 9898.9727
 14.119 -1.711 12.683 16.688 32.347 16.770 35.866  4.557  0.083
  19.004 14.661 12.503 12.841  7.826  8.944 35.309 30.926   1.71
 2 542 515 2 2 4 1 9897.7813 9898.9727
 16.891 -1.342  1.927 20.678 39.640  3.250  1.277-14.746 -3.945
  21.545 17.728  2.155  1.151  2.512  0.738  0.000  0.000   0.00
 2 542 515 31013 8 9897.7813 9898.9727
 13.815  1.921 -5.250 24.481 39.778 24.158 38.167-27.511  2.068
  24.983 22.432 -5.511 -4.188 19.401  4.757 40.927 36.676  -3.79
 2 642 038 1 7 810 9898.9727 9899.6787
 13.134 -1.062 -7.540 39.778 48.354 38.167 22.649-31.304 -0.739
  40.927 36.676 -8.232 -5.670 27.852 10.315 50.112 46.028  16.58
 2 642 038 0 0 1 2 9898.9727 9899.6787
 15.804  1.205 -0.328 39.640 50.100  1.277  2.808  0.000  0.000
   0.000  0.000  0.000  0.000  0.000  0.000  0.000 48.071   0.00
 2 642 038 8 513 9 9898.9727 9899.6787
 14.185  0.008 10.644 32.347 41.664 35.866 16.318  6.270  1.276
  35.309 30.926 10.324 10.798 11.628 24.238 45.578 39.875  -4.00
 2 742 742 1 1 2 2 9899.6787 9900.6699
 15.543 -0.382 -5.018 37.466 51.898 10.366  6.749 22.314  0.768
  37.630 33.602 -4.951 -6.598  9.945  0.421 51.999 47.204  -1.72
 2 742 742 5 4 9 2 9899.6787 9900.6699
 12.801  0.195 10.650 41.664 53.380 16.318 21.039  2.265 -4.419
  45.578 39.875 10.498 10.719  5.120 11.198 53.591 52.953  56.02
 2 942 820 2 1 3 3 9901.6523 9902.7285
 15.089 -1.007-12.962-52.306-37.119  7.417  1.628 50.613 -0.126
 -51.395-53.195-11.881-14.017  3.663  3.753-36.842-38.891 -10.09
 21042 630 1 2 3 2 9902.7285 9903.6650
 15.987 -0.231-11.877-37.119-23.059  1.628  8.507 40.526 -1.911
 -36.842-38.891-11.646-13.360  1.408  0.220-23.033-23.207  35.89
 21142 8 1 1 1 2 5 9903.6650 9904.6592
 14.099  1.094-11.661-23.059-10.022  8.507  6.285 76.412  3.269
 -23.033-23.207-11.552-12.258  7.195  1.312 -8.999-12.397 -42.45
 21142 8 1 0 0 1 1 9903.6650 9904.6592
 13.558  0.108 11.836-56.362-43.862  8.769 21.574  0.000  0.000
   0.000  0.000  0.000  0.000  0.000  0.000  0.000  0.000   0.00
 21442 723 0 0 1 2 9906.6914 9907.6689
 16.679  0.271 11.943-43.862-28.522 21.574 13.985  0.000  0.000
   0.000  0.000  0.000  0.000  0.000  0.000  0.000-29.275   0.00
 21542 756 1 1 2 1 9907.6689 9908.6650
 13.952 -0.148 12.208-28.522-15.596 13.985  3.516  2.009 -0.767
 -28.491-29.275 12.207 12.234 13.419  0.565  0.000  0.000   0.00
 21542 756 5 2 7 5 9907.6689 9908.6650
 13.981 -0.466 16.288-34.227-21.271 22.296  9.282-23.375 -0.337
 -33.293-34.891 16.676 16.012  9.269 13.027-20.687-21.647 -22.85
 21542 756 0 0 1 1 9907.6689 9908.6650
 13.813 -0.178 16.441-26.215-13.426 31.699 21.203  0.000  0.000
   0.000  0.000  0.000  0.000  0.000  0.000  0.000  0.000   0.00
 21542 756 0 0 1 1 9907.6689 9908.6650
 13.732 -0.139 11.979 -5.086  7.622  0.349  3.519  0.000  0.000
   0.000  0.000  0.000  0.000  0.000  0.000  0.000  0.000   0.00
 21642 8 1 0 0 1 1 9908.6650 9909.6660
 14.769  0.171 12.060-15.596 -1.797  3.516 11.856  0.000  0.000
   0.000  0.000  0.000  0.000  0.000  0.000  0.000  0.000   0.00
 21642 8 1 4 1 5 7 9908.6650 9909.6660
 15.416  0.934 15.824-21.271 -6.825  9.282  7.089-46.230 -0.334
 -20.687-21.647 16.410 15.447  3.633  5.650 -6.525 -7.434  16.73
 21642 8 1 0 0 1 3 9908.6650 9909.6660
 14.518  0.099 16.263-13.426  0.121 21.203 17.627  0.000  0.000
   0.000  0.000  0.000  0.000  0.000  0.000  0.000 -0.410   0.00
 21642 8 1 0 0 1 3 9908.6650 9909.6660
 14.706 -0.933 11.840  7.622 21.357  3.519  5.043  0.000  0.000
   0.000  0.000  0.000  0.000  0.000  0.000  0.000 21.064   0.00
 21742 8 0 0 0 1 2 9909.6660 9910.6650
 13.471 -0.324 12.232 -1.797 10.685 11.856  5.435  0.000  0.000
   0.000  0.000  0.000  0.000  0.000  0.000  0.000  0.000   0.00
 21742 8 0 2 1 3 4 9909.6660 9910.6650
 13.495 -0.609 16.362  0.121 12.628 17.627 10.988 34.427  6.160
   0.500 -0.410 16.113 16.712 10.295  7.332 12.890  5.416 -29.56
 21742 8 0 4 3 711 9909.6660 9910.6650
 13.157 -0.733 16.759 -6.825  5.343  7.089  7.222-29.499  0.220
  -6.525 -7.434 16.922 16.429  4.743  2.346  6.176  4.988   8.78
 21742 8 0 1 2 3 3 9909.6660 9910.6650
 13.686  0.369 10.906 21.357 34.054  5.043  1.373 -6.075 -0.234
  21.504 21.064 10.922 10.876  3.364  1.680 34.168 33.969  19.48
 21842 8 1 4 4 813 9910.6650 9911.6572
 16.894 -0.082-13.069  9.270 25.051  4.782 11.560 21.635  0.500
  10.157  7.718-12.727-13.669  3.043  1.739 26.427 23.292 -21.05
 21842 8 1 2 0 2 1 9910.6650 9911.6572
 14.682  0.085 11.908 10.685 24.274  5.435 14.266-47.916-15.733
  10.777  0.000 11.677  0.000  5.485  1.000  0.000  0.000   0.00
 21842 8 1 2 2 4 9 9910.6650 9911.6572
 13.539  0.139 15.753 12.628 25.082 10.988 17.951 23.525  2.558
  12.939 11.802 15.504 15.981  8.389  2.649 25.680 21.784 -20.56
 21842 8 1 1 2 3 2 9910.6650 9911.6572
 14.804  0.315 11.275 34.054 47.764  1.373  2.408 13.406  1.308
  34.168 33.969 11.249 11.295  0.587  0.786 48.491 47.748 -74.59
 21942 813 5 81324 9911.6572 9912.6768
 13.845  0.914-12.988 25.051 38.174 11.560 37.581  0.586  0.826
  26.427 23.292-12.974-13.006  6.486  5.074 39.721 35.788   9.84
 21942 813 2 7 9 1 9911.6572 9912.6768
 14.172 -0.420 15.892 25.082 38.540 17.951  0.758  2.963 -3.752
  25.680 21.784 15.862 16.056 15.198  2.753  0.000  0.000   0.00
 21942 813 0 0 1 2 9911.6572 9912.6768
 13.857 -0.160 11.992 24.274 37.410 14.266 10.466  0.000  0.000
   0.000  0.000  0.000  0.000  0.000  0.000  0.000 33.508   0.00
 22842 4 3 3 81112 9920.8301 9921.6631
 16.183 -0.333-10.914  8.163 20.821 20.620 16.508 -3.106  0.312
  10.573  6.215-11.042-10.810  9.218 11.402 22.421 17.820  -7.22
 22842 4 3 2 2 4 1 9920.8301 9921.6631
 15.916 -0.766-12.967-11.393  1.043  5.492  5.260 12.397 -4.173
 -10.973-15.155-12.877-13.773  4.941  0.551  0.000  0.000   0.00
 22842 4 3 1 1 2 2 9920.8301 9921.6631
 15.841  1.067  6.435-36.174-23.801 19.095  3.497 28.869  0.271
 -36.151-36.204  6.423  6.452 10.965  8.130-23.693-23.976   3.21
 22842 4 310102032 9920.8301 9921.6631
 14.451  0.525  6.889  0.132 11.347104.304135.778 17.195 -0.497
   2.265 -1.378  6.233  7.352 43.227 61.077 13.696 10.450  -5.44
 3 242 813 4 3 7 7 9922.6572 9923.6758
 13.981 -1.000  7.816 36.717 49.961107.867110.960 -9.727 -0.220
  37.530 35.629  7.954  7.631 61.756 46.111 50.777 49.142  -6.53
 3 242 813 1 2 3 6 9922.6572 9923.6758
 13.037 -2.395  7.812 45.990 58.271  7.068  4.796 51.323  3.599
  46.282 45.710  7.451  8.159  3.468  3.600 59.207 55.251 -80.38
 31742 751 5 813 8 9937.6729 9938.6670
 15.526  0.066  1.974 31.877 46.329 18.153 28.645  3.461 -1.282
  34.939 29.260  1.789  2.132  8.365  9.788 48.692 44.286  -2.77
 31842 8 0 4 4 8 4 9938.6670 9939.6689
 13.572  0.244  2.039 46.329 58.943 28.645 12.420  0.691 -0.391
  48.692 44.286  2.011  2.064 13.279 15.366 60.661 56.646  -1.70
 31942 756 1 3 4 3 9939.6689 9940.6738
 13.876 -0.116  7.893-26.280-13.325 28.355 36.247 18.519  0.551
 -26.173-26.883  7.857  8.093 24.085  4.270-12.999-14.194   5.10
 31942 756 5 2 724 9939.6689 9940.6738
 15.878 -1.406-12.763-50.859-35.892 35.097 41.212 15.984  1.845
 -47.266-52.006-11.759-13.083  8.496 26.601-32.911-39.384   1.53
 31942 756 1 4 5 9 9939.6689 9940.6738
 13.146  0.966  5.203-48.836-36.615  3.935  3.554-28.438  0.427
 -46.381-49.814  6.528  4.676  1.121  2.814-35.123-39.447  33.51
 32042 749 1 2 3 2 9940.6738 9941.7012
 14.403 -0.250  7.777-13.325  0.467 36.247 45.472 23.621 -0.008
 -12.999-14.194  7.635  8.153 26.352  9.896  0.781 -0.443  -4.53
 32042 749 4 5 9 7 9940.6738 9941.7012
 13.224  0.674  6.174-36.615-24.035  3.554 22.865  5.072 -0.736
 -35.123-39.447  6.042  6.424  2.328  1.226-22.321-25.420  25.68
 32042 749 1 2 3 5 9940.6738 9941.7012
 15.311 -0.033  7.628-46.741-32.016 13.676 26.180-61.387  1.317
 -46.418-47.752  8.215  5.790 10.366  3.310-30.582-32.384 125.41
 32042 74914102425 9940.6738 9941.7012
 13.217  0.482-11.350-35.892-23.319 41.212 60.470 17.510  1.798
 -32.911-39.384-10.427-12.429 22.228 18.984-18.815-27.065  -0.30
 32142 7 917 82519 9941.7012 9942.6875
 14.362 -0.477-11.845-23.319-10.127 60.470 63.993 17.214  3.631
 -18.815-27.065-10.480-12.981 27.455 33.015 -3.351-14.979   2.17
 32142 7 9 6 1 712 9941.7012 9942.6875
 11.711  0.298  6.866-24.035-13.457 22.865 46.438 30.752  4.590
 -22.321-25.420  5.854  7.684 10.218 12.646-11.258-19.491 -30.46
 32142 7 9 1 1 2 3 9941.7012 9942.6875
 14.795 -0.393  7.520  0.467 14.087 45.472 51.328 19.091  0.590
   0.781 -0.443  7.412  7.832 33.811 11.661 14.337 12.530  -2.19
 32242 73010 91922 9942.6875 9943.6738
 15.291  0.005-11.375-10.127  3.981 63.993 46.657 19.379 -2.213
  -3.351-14.979 -9.038-13.048 26.704 37.290  8.314 -1.076   1.79
 32242 730 8 41210 9942.6875 9943.6738
 17.055 -1.147  7.160-13.457  2.391 46.438  7.336  0.289 -3.840
 -11.258-19.491  7.149  7.190 34.030 12.408  5.548  1.200  -3.28
 32242 730 1 2 3 5 9942.6875 9943.6738
 13.804 -0.071  7.132 14.087 26.728 51.328 55.102 16.904  0.155
  14.337 12.530  7.056  7.601 44.227  7.101 27.121 25.112  -6.18
 32542 7 1 3 710 3 9945.7080 9946.6768
 16.493  2.892  6.029  2.391 17.414  7.336 23.358 -2.286-40.723
  15.812-30.756  9.195  7.346  7.088 38.991 19.992 14.301   3.70
 32742 8 0 8111936 9947.6670 9948.6523
 13.123  0.194  6.804 -2.206  9.764 53.807 69.122  5.898 -1.383
   3.330 -5.399  6.236  7.132 19.684 34.123 15.507  8.190   1.92
 32742 8 0 4 2 6 3 9947.6670 9948.6523
 14.956  0.130  9.351 46.060 59.838 16.774 12.893 -3.160 -1.471
  47.118 42.087  9.409  9.135 13.248  3.526 60.666 57.715  36.92
 32842 81918183635 9948.6523 9949.6602
 15.967  0.487  6.995  9.764 24.850 69.122 53.878  7.816  1.814
  15.507  8.190  6.213  7.210 14.870 54.252 29.584 20.362  -7.13
 33042 733 3 3 6 8 9950.6846 9951.6777
 13.436 -0.634 -3.445 -2.299 10.065  5.012  3.842 37.089  1.819
  -1.363 -3.610 -2.739 -4.434  2.925  2.087 13.030  9.083  -5.46
 33142 744 3 4 7 4 9951.6777 9952.6650
 15.298  1.615  4.487-47.473-33.340  6.230  3.617  9.997 -1.153
 -46.486-48.453  4.314  4.660  3.103  3.127-33.237-34.064   1.18
 33142 744 2 6 8 3 9951.6777 9952.6650
 12.906 -0.443 -2.816 10.065 21.837  3.842  3.105 31.630 -4.155
  13.030  9.083 -0.992 -3.420  0.956  2.886 22.008 21.801  32.52
 33142 74415 722 3 9951.6777 9952.6650
 12.528  0.307 11.885 47.790 59.188 28.845 20.516 -7.240 -1.886
  50.154 46.467 12.179 11.720 10.346 18.499 60.279 58.893  46.56
 4 142 8 1 1 3 4 2 9952.6650 9953.6572
 12.632 -1.013  6.082-33.340-21.790  3.617  0.799 11.175  2.407
 -33.237-34.064  6.062  6.224  3.167  0.450-19.920-21.915 -63.43
 4 142 8 1 2 1 3 2 9952.6650 9953.6572
 15.059  1.706 -2.378 21.837 35.794  3.105  4.848 64.151  0.004
  22.008 21.801 -2.026 -2.453  0.546  2.559 35.940 35.786   7.15
 4 142 8 1 0 0 1 2 9952.6650 9953.6572
 15.909  1.905  0.426 27.447 42.246  3.323  1.533  0.000  0.000
   0.000  0.000  0.000  0.000  0.000  0.000  0.000 42.119   0.00
 4 242 813 2 4 6 7 9953.6572 9954.8555
 13.847  0.123  8.599-18.985 -3.570  8.241  1.982 59.612 -0.606
 -18.761-19.236  8.221  9.022  4.357  3.884 -3.395 -3.663 -24.81
 41242 938 7 81523 9963.5977 9964.5879
 16.644  0.650 -7.654 42.353 57.848 67.875 74.895-22.423 -0.580
  45.441 40.185 -8.917 -6.768 27.992 39.883 59.391 54.745  -2.13
 41242 938 4 5 924 9963.5977 9964.5879
 13.923  0.414 10.500-47.755-34.952  6.538 32.865  0.972  0.042
 -47.211-50.713 10.491 10.550  5.524  1.014-33.335-36.828   9.24
 41242 938 0 0 1 8 9963.5977 9964.5879
 12.843  1.037 12.504-58.395-46.662  7.206 10.874  0.000  0.000
   0.000  0.000  0.000  0.000  0.000  0.000  0.000-49.218   0.00
 41842 948 0 0 1 2 9969.5908 9970.6094
 14.239  0.450  7.413 11.475 24.976 15.488 20.403  0.000  0.000
   0.000  0.000  0.000  0.000  0.000  0.000  0.000 20.761   0.00
 41842 948 9172629 9969.5908 9970.6094
 15.427  0.231 12.370 26.023 40.735101.638 95.429 12.417  0.016
  30.078 21.800 11.498 13.278 51.856 49.782 43.984 35.563  -4.56
 41842 948 4 2 6 5 9969.5908 9970.6094
 13.585 -0.773 -2.170 -0.023 12.812 20.858  1.995-25.078 -0.083
   0.273 -0.358 -2.309 -2.014 11.064  9.794 12.979 12.668  84.71
 41842 948 1 3 414 9969.5908 9970.6094
 14.350  0.910 -8.241-54.400-40.786 11.076 14.030  9.065  2.073
 -53.848-55.435 -8.154 -8.404  7.220  3.856-38.756-42.465 -10.72
 41942 922 7 71420 9970.6094 9971.6494
 15.091 -0.205 -9.168-40.786-26.123 14.030 20.913 -1.659  1.377
 -38.756-42.465 -9.226 -9.120  6.350  7.681-23.283-28.382   4.01
 41942 922 6 71316 9970.6094 9971.6494
 15.744 -0.819  8.299-37.013-21.672 19.771 12.207 13.666  0.020
 -35.758-39.195  7.997  8.824 12.552  7.219-20.416-23.885  -1.36
 41942 922 2 2 410 9970.6094 9971.6494
 11.646  0.181 14.020 -1.869  9.212  2.359  6.563-10.699 -0.854
  -1.446 -5.403 14.098 13.372  2.106  0.252 11.624  8.476   9.33
 41942 922 1 1 2 1 9970.6094 9971.6494
 14.185  0.439  7.871 24.976 38.697 20.403 13.094-13.439 -4.304
  24.987 20.761  7.874  6.873 20.353  0.050  0.000  0.000   0.00
 41942 922 9202925 9970.6094 9971.6494
 15.124  0.734 12.606 40.735 55.432 95.429 71.465  7.855  1.470
  43.984 35.563 12.168 13.302 58.610 36.819 59.105 49.174   0.45
 42342 822 4 5 913 9974.6514 9975.6982
 12.746 -0.234 15.530-21.600 -9.293 40.085 22.213-17.703 -1.580
 -20.683-25.983 15.812 14.182 33.150  6.935 -7.214-10.946  -0.07
 42342 822 5 2 712 9974.6514 9975.6982
 14.450 -0.767  7.472 17.891 31.982 23.936 12.562 20.322 -0.697
  20.726 14.614  6.431  8.675 12.834 11.102 34.232 28.739  -1.50
 42442 715 4 91318 9975.6982 9976.6006
 15.289  0.512 15.285 -9.293  3.619 22.213 30.827-17.768 -0.144
  -7.214-10.946 15.928 14.774  9.838 12.375  4.527  0.829   5.90
 42442 715 8 41215 9975.6982 9976.6006
 14.832  0.764  6.669 31.982 44.481 12.562 22.528 18.819  0.977
  34.232 28.739  5.907  7.767  7.415  5.147 47.143 40.827   2.89
 42542 934 8101811 9976.6006 9977.5938
 13.577 -0.525 15.748  3.619 16.123 30.827 28.214-11.868  0.953
   4.527  0.829 15.931 15.183 23.260  7.567 17.380 12.714   0.68
 43042 930 9 615 3 9981.6045 9982.9678
 14.334  0.291  6.968  0.377 18.582  7.826  3.601-13.807 -4.000
   3.566 -2.540  7.746  6.256  3.738  4.088 18.780 16.546   4.94
 5 142 045 1 1 2 3 9982.9678 9983.6602
 14.267 -0.460-10.039-51.456-42.270  8.439 14.546 86.030  0.045
 -51.442-51.479 -9.839-10.362  5.209  3.230-42.210-42.430 -18.36
 5 242 8 9 3 6 915 9983.6602 9984.5762
 15.325 -0.646  7.581 31.239 44.373 12.868 15.690 -3.091  0.974
  32.576 29.506  7.652  7.488  7.266  5.603 45.917 41.902  -4.77
 5 242 8 9 1 2 3 3 9983.6602 9984.5762
 13.811  0.023 -9.721-42.270-30.523 14.546  9.059 67.673 -0.045
 -42.210-42.430 -9.576-10.103 10.562  3.984-30.446-30.596   5.96
 5 3421011 1 2 3 8 9984.5762 9985.5723
 14.141 -0.115 -9.742-30.523-17.414  9.059  5.150 73.631  1.108
 -30.446-30.596 -9.482 -9.985  4.385  4.674-16.977-18.424-102.69
 5 3421011 6 91517 9984.5762 9985.5723
 15.946 -0.420  6.989 44.373 59.282 15.690 55.006 -7.860  0.335
  45.917 41.902  7.201  6.651  9.658  6.032 60.874 56.492   5.10
 5 4421015 5 3 8 4 9985.5723 9986.5684
 14.965 -0.099 -9.627-17.414 -3.483  5.150 17.025-29.062 -0.598
 -16.977-18.424 -9.867 -9.074  3.594  1.556 -3.342 -3.977  81.81
 5 5421020 1 3 4 6 9986.5684 9987.5654
 13.791  0.886 -9.528 -3.483  9.278 17.025  4.526 52.752  0.317
  -3.342 -3.977 -9.345-10.168 13.243  3.782  9.676  8.402 -30.77
 5 6421026 3 3 6 2 9987.5654 9988.5645
 13.455  1.006-10.411  9.278 21.738  4.526  2.496 21.978  2.448
   9.676  8.402-10.253-10.758  3.112  1.414 23.277 20.817  28.62
 51242 756 0 0 1 2 9993.6689 9994.6504
 12.645 -1.742 11.478 -0.160 11.289  1.203  3.556  0.000  0.000
   0.000  0.000  0.000  0.000  0.000  0.000  0.000 11.160   0.00
 51342 822 3101312 9994.6504 9995.5635
 14.011 -0.011 -5.154-31.324-19.429 13.084 19.549  4.489 -0.601
 -31.010-33.342 -5.129 -5.312 11.326  1.758-18.871-20.602   0.02
 51342 822 0 0 1 1 9994.6504 9995.5635
 13.398  0.086  8.573-19.450 -8.115  5.367  3.032  0.000  0.000
   0.000  0.000  0.000  0.000  0.000  0.000  0.000  0.000   0.00
 51342 822 1 2 3 2 9994.6504 9995.5635
 12.327  1.012 14.374-21.526-11.169  0.942  0.734 18.859  1.428
 -21.388-22.691 14.329 14.760  0.842  0.100 -9.142-11.973 -27.34
 51342 822 1 1 2 4 9994.6504 9995.5635
 13.309 -0.282 13.206  3.210 14.463  3.351  6.693-44.696  2.573
   3.312  3.093 13.305 13.094  1.783  1.568 14.573 12.801  97.76
 51342 822 1 1 2 1 9994.6504 9995.5635
 14.212 -0.148  9.768 11.289 23.367  3.556  0.027-76.384 -0.897
  11.374 11.160 10.115  9.243  2.143  1.413  0.000  0.000   0.00
 514421027 2 2 4 2 9995.5635 9996.5693
 14.340 -0.307 12.948 14.463 27.892  6.693  7.524 53.060 -2.498
  14.573 12.801 12.806 15.103  6.279  0.414 27.907 27.630 -97.13
 514421027 4 81211 9995.5635 9996.5693
 12.980  0.760 -5.144-19.429 -7.367 19.549 10.961  4.509  1.277
 -18.871-20.602 -5.100 -5.236 13.249  6.301 -5.614 -8.391  18.75
 514421027 0 0 1 2 9995.5635 9996.5693
 13.719 -0.380  8.652 -8.115  4.689  3.032  3.056  0.000  0.000
   0.000  0.000  0.000  0.000  0.000  0.000  0.000  4.665   0.00
 51842 811 1 3 4 6 9999.658210000.5586
 15.636  0.752 -4.940 36.257 49.442 16.113 21.242 23.407  0.328
  36.819 35.650 -4.697 -5.201  8.362  7.751 50.231 48.848   7.11
 51842 811 0 0 1 1 9999.658210000.5586
 12.589  0.539 13.135-49.564-39.121 15.382 23.244  0.000  0.000
   0.000  0.000  0.000  0.000  0.000  0.000  0.000  0.000   0.00
 519421035 0 0 1 110000.558610001.6650
 14.905 -0.173 13.620-39.121-23.722 23.244 13.926  0.000  0.000
   0.000  0.000  0.000  0.000  0.000  0.000  0.000  0.000   0.00
 52042 8 3 0 0 1 210001.665010002.6719
 13.992 -0.053 13.428-23.722-10.624 13.926  9.016  0.000  0.000
   0.000  0.000  0.000  0.000  0.000  0.000  0.000-10.629   0.00
 52142 753 1 1 2 110002.671910003.6611
 14.158  0.444 13.375-10.624  2.412  9.016  6.746 72.383 -0.293
 -10.538-10.629 13.111 13.390  0.494  8.522  0.000  0.000   0.00
 52242 8 7 0 0 1 110003.661110004.6162
 14.982 -0.823 13.814  2.412 15.777  6.746  3.342  0.000  0.000
   0.000  0.000  0.000  0.000  0.000  0.000  0.000  0.000   0.00
 52342 912 0 0 1 210004.616210005.6885
 14.387 -0.533 13.028 15.777 30.148  3.342  1.060  0.000  0.000
   0.000  0.000  0.000  0.000  0.000  0.000  0.000 30.041   0.00
 52442 729 1 1 2 110005.688510006.6807
 13.920 -0.556 12.457 30.148 42.985  1.060  1.915 66.973 -0.437
  30.216 30.041 12.299 12.701  0.645  0.415  0.000  0.000   0.00
 52542 739 0 0 1 110006.680710007.9238
 13.860  1.390 11.905 42.985 58.991  1.915  3.300  0.000  0.000
   0.000  0.000  0.000  0.000  0.000  0.000  0.000  0.000   0.00
 6 642 811 2 3 5 710018.659210019.6553
 13.208  0.025 12.256  0.275 12.459 17.774  7.367 11.535  0.304
   2.005 -1.949 11.911 12.700 10.000  7.774 15.501 11.164  -7.82
 6 742 815 3 4 7 610019.655310020.6553
 15.035 -0.166 12.281 12.459 26.502  7.367 13.123  3.711  0.038
  15.501 11.164 12.088 12.363  2.199  5.167 28.669 24.310   2.11
 6 842 816 3 3 6 510020.655310021.5586
 12.923 -0.018 12.115 26.502 37.290 13.123  6.737  5.818  0.124
  28.669 24.310 11.899 12.333  6.598  6.525 41.097 36.665   4.75
 6 9421035 3 2 5 110021.558610022.6553
 14.156  0.557 12.099 37.290 51.745  6.737  3.892 10.569 -4.408
  41.097 36.665 11.404 12.213  0.949  5.788  0.000  0.000   0.00
 7 242 9 4 7 7141310044.621110045.6738
 14.629  0.310-10.102-12.542  1.829 18.446 14.903-12.208  0.217
 -10.763-15.554-10.481 -9.460 11.598  6.847  4.279 -0.760   1.51
 7 5421026 4 6101210047.564510048.5615
 14.206  0.208 -9.714 25.990 39.170 30.123 22.758-19.978  0.475
  29.082 23.901-10.822 -8.966 12.145 17.977 42.454 36.863  -1.24
 7 5421026 310131210047.564510048.5615
 14.921 -0.486 -3.143-29.522-15.628 45.493 43.185 15.447 -0.438
 -28.337-31.389 -2.816 -3.658 27.838 17.655-14.975-17.685 -21.64
 7 6421031 5 7121110048.561510049.6113
 14.248 -0.048 -9.922 39.170 53.112 22.758 12.903-21.219 -1.669
  42.454 36.863-11.178 -9.039  9.393 13.365 55.272 51.185   2.94
 7 6421031 210121910048.561510049.6113
 13.597  0.366 -2.658-15.628 -2.371 43.185 48.608 -6.195  0.707
 -14.975-17.685 -2.729 -2.435 32.790 10.396 -1.375 -4.668  22.77
 7 742 918 514192010049.611310050.5684
 14.597 -0.012 -3.042 -2.371 10.652 48.608 39.957 16.576 -0.654
  -1.375 -4.668 -2.746 -3.725 33.911 14.697 11.543  8.777 -22.38
 710421030 2 2 41110052.562510053.5635
 14.204 -0.264 -4.085 38.034 51.268 15.098 40.977  0.373 -0.497
  38.712 34.608 -4.081 -4.107 12.603  2.495 51.852 48.272  -7.00
 71542 928 2 2 4 710057.604510058.5732
 14.317  0.239 -9.383-49.819-36.897 13.080  7.971-24.107 -0.282
 -48.778-51.094 -9.843 -8.820  7.197  5.883-36.441-38.669  15.68
 716421013 3 4 7 510058.573210059.5635
 13.737 -0.299 -9.614-36.897-24.263  7.971  2.182 -8.432 -0.132
 -36.441-38.669 -9.681 -9.355  6.341  1.630-23.604-25.721   8.80
 8 642 956 1 4 5 210079.585910080.5938
 14.896 -0.274 -3.151 42.584 56.608 10.913 19.197 18.922 -1.667
  42.893 40.415 -3.046 -3.894  9.553  1.360 56.610 55.661 -17.41
 8 742 945 4 4 8 710080.593810081.5732
 13.767 -0.346 11.269-12.674 -0.152 15.967 22.831-20.122  3.579
 -12.413-12.903 11.363 11.187  7.470  8.496  3.281 -0.612  40.97
 8 8421015 6 1 7 510081.573210082.6006
 14.261  0.219 10.931 -0.152 13.499 22.831  7.219 20.845 -1.322
   3.281 -0.612  9.647 11.103  2.699 20.131 14.856 12.628  16.99
 8 942 934 2 3 5 710082.600610083.7441
 13.578  0.072 11.156 13.499 27.909  7.219  3.563 37.839 -1.760
  14.856 12.628 10.122 11.819  2.822  4.397 28.387 27.568  -0.67
 82342 8 8 514191610096.660210097.6533
 14.287  0.070 -7.225 10.464 23.678 17.774 32.467  7.498  0.309
  11.406  8.173 -7.102 -7.524 12.595  5.179 24.974 21.410  -3.58
 82342 8 8 3 6 91410096.660210097.6533
 13.476 -0.164  8.743-31.918-19.510 16.319 24.244  4.184 -0.935
 -30.286-36.910  8.625  9.104 12.298  4.021-16.831-22.522  -6.10
 83042 942 1 1 2 210103.594710104.6709
 14.251  1.069  4.971-22.179 -7.905  2.319  6.290 24.963  1.278
 -21.698-22.190  4.748  4.976  0.050  2.269 -7.891 -8.591  42.53
 9 342 822 3 2 5 510107.651410108.6816
 14.774 -0.302 -6.628 -2.849 11.364  0.513  9.487 25.696  0.080
  -1.026 -3.575 -5.757 -6.975  0.146  0.367 12.745 10.019  -5.31
 9 342 822 3 2 5 410107.651410108.6816
 12.578 -0.281 16.201 27.611 39.563  4.128  1.868-18.985  1.320
  27.778 25.078 16.256 15.364  3.874  0.255 42.735 38.533  24.85
 9 642 924 7 8152010110.607410111.6211
 14.716 -1.101 -7.871 35.316 49.241 16.700 22.592 -9.611  0.402
  37.063 33.941 -8.164 -7.640  7.357  9.343 51.408 47.864   3.61
 9 642 924 1 1 2 410110.607410111.6211
 15.861  0.618 -3.618-39.091-24.005  1.820  3.153 80.935 -0.962
 -39.065-39.338 -3.458 -5.165  1.650  0.171-23.979-24.395 -23.65
 91742 945 1 1 2 110121.592810122.5928
 14.455  0.329-14.701-18.215 -4.753 12.091  6.549 34.823 -2.197
 -18.198-20.063-14.690-15.945 11.982  0.109  0.000  0.000   0.00
 92342 742 3 6 9 610127.678710128.6006
 15.898  0.390 12.675-42.907-29.154 12.512  3.383 13.658  0.628
 -40.165-44.729 12.025 13.107  4.995  7.518-27.127-32.458  -8.99
 92442 934 3 3 6 510128.600610129.5986
 11.641  0.179 13.035-29.154-18.519  3.383  5.113  4.669 -4.695
 -27.127-32.458 12.874 13.298  2.097  1.286-18.373-18.845 -31.64
 92542 937 3 2 5 610129.598610130.6055
 12.888  0.646 -4.691-23.576-11.590  3.820  7.789  8.410  0.597
 -23.073-24.886 -4.616 -4.884  2.760  1.060 -9.809-12.239  -4.97
 92542 937 1 4 5 110129.598610130.6055
 13.495 -0.288 13.214-18.519 -5.922  5.113  2.698-26.966 -0.516
 -18.373-18.845 13.286 13.052  3.528  1.585  0.000  0.000   0.00
 92642 927 3 3 6 810130.605510131.5996
 15.747  0.431 -5.341-11.590  3.080  7.789  3.444  3.442  0.445
  -9.809-12.239 -5.235 -5.380  2.080  5.709  4.838  2.004 -14.08
 92642 927 2 5 7 110130.605510131.5996
 14.806 -1.140 12.820-27.123-13.388  1.835  0.134 12.718 -2.568
 -26.046-28.615 12.583 13.148  1.065  0.769  0.000  0.000   0.00
 92742 937 3 5 81810131.599610132.6484
 15.681  0.631 -5.770  3.080 18.501  3.444 26.903-10.642  0.919
   4.838  2.004 -6.098 -5.568  1.307  2.137 20.192 16.397   5.30
 92842 826 9 9181310132.648410133.6006
 15.317  0.225 -6.432 18.501 32.147 26.903 24.784 -5.344  1.770
  20.192 16.397 -6.589 -6.236 14.916 11.987 34.412 28.869  -2.52
 92942 934 6 7131610133.600610134.6025
 12.413 -0.844 -6.646 32.147 43.591 24.784  6.700 -7.862 -0.822
  34.412 28.869 -6.957 -6.196 14.658 10.126 46.804 42.053   4.39
 93042 933 8 8161310134.602510135.6016
 13.212 -0.339 -5.801 43.591 55.810  6.700 11.491 -3.469 -0.250
  46.804 42.053 -5.995 -5.708  2.169  4.531 59.169 54.758  -8.26
101142 730 0 0 1 110145.687510146.8398
 14.049  1.113-10.694-58.372-43.313 19.573 13.965  0.000  0.000
   0.000  0.000  0.000  0.000  0.000  0.000  0.000  0.000   0.00
101242 349 0 0 1 110146.839810147.6406
 14.636 -0.865-11.976-43.313-32.384 13.965 18.537  0.000  0.000
   0.000  0.000  0.000  0.000  0.000  0.000  0.000  0.000   0.00
101342 837 0 0 1 110147.640610148.6563
 14.311 -0.189-11.284-32.384-18.855 18.537 27.973  0.000  0.000
   0.000  0.000  0.000  0.000  0.000  0.000  0.000  0.000   0.00
101442 815 0 0 1 110148.656310149.6387
 14.302  0.534-11.092-18.855 -5.779 27.973 32.612  0.000  0.000
   0.000  0.000  0.000  0.000  0.000  0.000  0.000  0.000   0.00
101542 841 0 0 1 110149.638710150.6602
 13.606 -0.236-11.617 -5.779  7.113 32.612 26.877  0.000  0.000
   0.000  0.000  0.000  0.000  0.000  0.000  0.000  0.000   0.00
101642 8 9 0 0 1 310150.660210151.6484
 14.788  0.559-11.376  7.113 20.761 26.877  6.531  0.000  0.000
   0.000  0.000  0.000  0.000  0.000  0.000  0.000 20.656   0.00
101742 826 1 2 3 210151.648410152.6611
 13.767  0.125-11.928 20.761 33.702  6.531 14.926-71.794 -0.034
  20.866 20.656-12.240-11.617  3.266  3.265 33.763 33.568  -0.36
101842 8 7 1 1 2 110152.661110153.6553
 13.818 -0.031-12.054 33.702 46.453 14.926 22.276-72.159 -0.622
  33.763 33.568-12.238-11.646 10.302  4.624  0.000  0.000   0.00
101942 816 0 0 1 110153.655310154.6475
 14.592 -0.021-12.023 46.453 59.965 22.276 14.134  0.000  0.000
   0.000  0.000  0.000  0.000  0.000  0.000  0.000  0.000   0.00
102042 826 1 6 7 710154.647510155.6475
 14.605 -0.039  5.306-51.731-38.112  6.059  5.206 -4.161  0.007
 -51.508-53.658  5.323  5.167  5.429  0.629-37.553-39.715   2.56
102142 826 1 6 7 610155.647510156.6543
 15.003 -0.032  5.268-38.112-24.008  5.206  8.107 -1.602 -0.203
 -37.553-39.715  5.283  5.223  3.858  1.348-23.973-25.901  -8.62
102242 818 3 3 6 210156.654310157.6406
 14.206 -0.246  5.235-24.008-10.963  8.107  5.209-10.220 -1.161
 -23.973-25.901  5.241  4.895  7.957  0.150-10.312-10.981 -22.33
102242 818 3 1 4 410156.654310157.6406
 13.367  0.423  9.842-51.797-39.579  4.599  3.246 22.295 -0.297
 -49.916-52.166  9.082  9.991  0.754  3.845-37.756-39.889 -21.68
102342 837 1 1 2 110157.640610158.6875
 14.168  0.284  4.992-10.963  2.832  5.209  0.048-32.546 -0.791
 -10.312-10.981  5.407  4.981  0.136  5.073  0.000  0.000   0.00
102542 639 1 2 3 610159.722710160.7324
 14.117  0.710 -6.074-37.833-24.565  7.503 15.590-41.675  2.074
 -37.287-38.847 -6.558 -5.177  4.874  2.628-22.318-26.473  47.93
102642 624 3 3 6 910160.732410161.7920
 14.890  0.242 -6.791-24.565 -9.841 15.590 14.997  6.254 -0.291
 -22.318-26.473 -6.547 -6.999  7.159  8.431 -7.616-11.477   0.56
103042 7 4 2 5 7 510164.705110165.6475
 16.424 -0.036 -6.762 30.917 45.465  7.056  6.158  4.426 -0.818
  32.402 26.952 -6.648 -7.067  5.132  1.923 45.615 40.973  -4.40
103042 7 4 1 910 810164.705110165.6475
 17.129  1.339-10.369-37.929-22.716 49.002 29.026-28.798 -2.481
 -34.366-39.947-12.296 -9.278 17.716 31.286-21.314-24.579  -3.50
103142 827 1 4 5 110165.647510166.6504
 15.431  0.351 -6.728 45.465 59.949  6.158  3.492  0.025 -4.610
  45.615 40.973 -6.728 -6.730  5.958  0.200  0.000  0.000   0.00
103142 827 2 6 83710165.647510166.6504
 16.221  1.052 -8.884-28.364-13.086 27.539 94.107-32.838  5.049
 -27.676-29.279 -9.322 -8.300 15.721 11.818 -9.277-15.582   6.42
103142 827 0 0 1 110165.647510166.6504
 13.793 -0.050-12.470-54.859-42.017  4.117  0.536  0.000  0.000
   0.000  0.000  0.000  0.000  0.000  0.000  0.000  0.000   0.00
11 142 823181937 610166.650410167.6621
 17.332  1.953 -9.939-13.086  3.453 94.107 24.455-26.413 -3.627
  -9.277-15.582-11.802 -8.718 37.248 56.858  4.644  1.723  -3.78
11 142 823 0 0 1 110166.650410167.6621
 14.044 -0.222-12.419-42.017-28.805  0.536  0.440  0.000  0.000
   0.000  0.000  0.000  0.000  0.000  0.000  0.000  0.000   0.00
11 242 8 7 5 611 310167.662110168.6455
 15.189 -0.202 -0.715 42.119 56.095 13.266  6.983 14.882  1.759
  43.463 40.347 -0.358 -1.186  7.544  5.722 57.961 53.092  -2.55
11 242 8 7 3 3 61610167.662110168.6455
 11.420 -1.068-11.914  3.453 13.720 24.455 43.539-30.195  3.306
   4.644  1.723-12.592-10.929 14.484  9.971 17.599 11.573   3.69
11 242 8 7 813211610167.662110168.6455
 17.016  1.521 -9.367 -2.054 13.720 32.196 43.539 -9.332  3.738
  -0.733 -3.608 -9.581 -9.115 17.405 14.791 17.599 11.573 -17.17
11 342 830 21416 410168.645510169.6426
 14.780 -0.170-10.863 13.720 27.476 43.539 20.159-26.501 -0.299
  17.599 11.573-12.762 -9.812 15.516 28.023 30.417 24.715  -0.94
11 442 833 2 2 41610169.642610170.6895
 14.599  0.303-10.694 27.476 41.722 20.159 47.069-27.444 -0.490
  30.417 24.715-12.195 -9.285  9.761 10.398 44.502 39.360  -2.46
11 542 726 31316 910170.689510171.6484
 14.254  0.489-11.011 41.722 54.446 47.069 41.990-29.908  0.326
  44.502 39.360-12.580 -9.676 21.626 25.443 57.576 52.157  -0.37
111042 8 7 2 1 3 810175.661110176.7148
 12.757 -0.069-10.837 -7.621  4.788  2.125  7.187-26.185 -0.477
  -5.967 -7.898-11.635-10.703  0.305  1.819  5.879  4.215  23.27
111042 8 7 0 0 1 110175.661110176.7148
 13.392 -0.512-11.574-36.855-23.777  1.918  1.594  0.000  0.000
   0.000  0.000  0.000  0.000  0.000  0.000  0.000  0.000   0.00
111142 649 0 0 1 210176.714810177.9482
 17.138  2.278-11.034-23.777 -3.857  1.594  2.734  0.000  0.000
   0.000  0.000  0.000  0.000  0.000  0.000  0.000 -3.859   0.00
112342 716 7 512 910188.696310189.6768
 16.677 -0.081 -8.076 -6.243  9.144 17.414  8.169 13.669  1.221
  -4.781 -6.830 -7.724 -8.218  4.994 12.420 10.028  6.697  -9.23
112342 716 3 5 81610188.696310189.6768
 14.404 -0.157  7.736-55.613-42.455 57.722 25.043 -7.967 -0.643
 -53.862-58.396  7.979  7.350 35.431 22.292-41.461-45.379  12.10
112442 745 4 5 9 610189.676810190.7012
 15.648 -0.504 -7.997  9.144 24.155  8.169  5.952  4.441 -0.846
  10.028  6.697 -7.929 -8.185  6.002  2.168 24.592 22.159   7.20
112442 745 412161410189.676810190.7012
 13.274  0.207  7.583-42.455-29.876 25.043 39.227  4.128 -0.200
 -41.461-45.379  7.511  7.792 18.691  6.352-28.136-31.860  -6.67
112542 710 3 3 6 210190.701210191.6621
 15.155 -0.284 -7.481 24.155 37.784  5.952  3.047 11.641 -1.209
  24.592 22.159 -7.391 -7.888  4.882  1.071 37.798 36.949  36.15
112542 710 0 0 1 110190.701210191.6621
 13.977 -0.456-11.766-50.895-38.399  4.384  4.967  0.000  0.000
   0.000  0.000  0.000  0.000  0.000  0.000  0.000  0.000   0.00
112542 710 5 9142010190.701210191.6621
 14.197  0.639  7.794-29.876-17.167 39.227 45.200 -2.541 -0.230
 -28.136-31.860  7.871  7.707 20.904 18.323-15.600-19.101   3.88
112642 8 5 0 0 1 310191.662110192.7031
 14.032 -0.030-11.327-38.399-24.825  4.967  2.773  0.000  0.000
   0.000  0.000  0.000  0.000  0.000  0.000  0.000-26.673   0.00
112642 8 5 713201910191.662110192.7031
 14.682 -0.508  8.409-17.167 -2.918 45.200 41.224  1.337  0.251
 -15.600-19.101  8.373  8.454 24.963 20.237 -1.969 -5.709  -5.50
112742 7 8 1 2 3 210192.703110193.6572
 13.380  0.854-11.296-24.825-12.989  2.773 10.989-49.020  1.173
 -24.639-26.673-11.506 -9.210  2.520  0.253-12.419-16.298  74.86
112742 7 8 613191610192.703110193.6572
 13.407 -0.102  7.880 -2.918  8.944 41.224 23.181 -4.167 -1.067
  -1.969 -5.709  7.949  7.679 30.763 10.461 10.023  7.461  20.67
112842 812 1 1 2 410193.657210194.6543
 14.198 -0.693-12.111-12.989  0.180 10.989 12.629 25.843 -0.691
 -12.419-16.298-11.841-13.678  9.374  1.614  0.662 -2.394   5.94
112842 812 8 816 710193.657210194.6543
 15.095 -0.105  7.783  8.944 23.006 23.181 19.603 16.508 -0.761
  10.023  7.461  7.466  8.218 13.418  9.763 23.438 21.836  16.22
112942 818 1 3 4 310194.654310195.9561
 13.353  1.812-11.420  0.180 16.286 12.629  6.516 31.785 -0.523
   0.662 -2.394-11.127-12.983 10.637  1.992 16.769 16.005  43.89
112942 818 1 3 41510194.654310195.9561
 13.737  0.141 -5.742 -6.802  9.803  3.373 42.559 34.869  2.530
  -6.427 -7.743 -5.483 -6.395  2.411  0.961 12.077  8.009 -46.04
112942 818 3 4 71110194.654310195.9561
 14.599 -0.435  7.678 23.006 40.735 19.603 39.714 32.727  0.674
  23.438 21.836  7.404  8.424 14.327  5.275 41.343 39.352   6.79
113042 1 2 2 1 3 210195.956110196.6572
 15.110 -2.157-13.780 16.286 26.184  6.516  8.463 75.674 -0.461
  16.769 16.005-11.940-14.846  2.391  4.125 26.186 25.879   7.54
113042 1 2 7 8152210195.956110196.6572
 15.188  0.221 -5.926  9.803 19.756 42.559 56.248-11.170  0.892
  12.077  8.009 -6.373 -5.573 18.767 23.791 21.754 16.787   1.01
113042 1 2 3 8111010195.956110196.6572
 13.181  1.203  7.112 40.735 49.281 39.714 20.427 39.515 -1.022
  41.343 39.352  6.614  8.244 27.586 12.128 49.614 48.356  -3.58
12 142 813 1 1 2 310196.657210197.6523
 14.465  0.954-12.268 26.184 39.610  8.463  7.742 83.217 -0.298
  26.186 25.879-12.254-14.775  8.413  0.050 40.104 39.439-156.44
12 142 8131111221610196.657210197.6523
 13.564  0.180 -6.081 19.756 32.284 56.248 53.792-10.161  0.553
  21.754 16.787 -6.437 -5.552 33.615 22.633 35.473 29.881   6.39
12 242 819 1 2 3 310197.652310198.6631
 14.344 -0.429-13.219 39.610 53.109  7.742  8.893-73.220  0.001
  40.104 39.439-14.814-12.669  1.985  5.757 54.853 53.099  32.92
12 242 819 7 916 710197.652310198.6631
 12.153 -0.062 -6.260 32.284 43.570 53.792  8.194 -3.772 -4.986
  35.473 29.881 -6.469 -6.103 23.109 30.683 43.816 43.240  15.07
12 242 819 1 3 4 910197.652310198.6631
 12.733 -0.251-11.753-50.755-38.883  8.521 12.006-24.690 -0.745
 -49.829-52.142-12.170-11.128  5.108  3.413-38.084-39.786  42.06
12 642 759 1 1 2 310201.667010202.6670
 13.483  0.401 21.218-50.618-38.127  1.935  2.556-39.812 -0.199
 -50.169-50.659 21.567 21.186  0.162  1.773-37.886-38.223   2.22
121042 636 1 2 3 110205.724610206.6494
 13.514  0.102  9.463-32.069-20.486 18.983 35.798 52.890 -0.642
 -32.054-32.447  9.443  9.956 18.253  0.730  0.000  0.000   0.00
121142 824 0 0 1 110206.649410207.6484
 14.564 -0.091  9.557-20.486 -6.914 35.798 11.491  0.000  0.000
   0.000  0.000  0.000  0.000  0.000  0.000  0.000  0.000   0.00
121142 824 0 0 1 110206.649410207.6484
 13.967  0.011 18.354  0.786 13.761  0.050  0.193  0.000  0.000
   0.000  0.000  0.000  0.000  0.000  0.000  0.000  0.000   0.00
121142 824 3 1 4 410206.649410207.6484
 14.505  0.659 19.508  9.344 22.857  8.152  9.248-21.608 -0.387
   9.355  7.629 19.512 18.868  8.102  0.050 23.002 22.357 -42.03
121242 826 0 0 1 310207.648410208.6455
 14.016 -0.400  9.467 -6.914  6.084 11.491 20.025  0.000  0.000
   0.000  0.000  0.000  0.000  0.000  0.000  0.000  6.078   0.00
121242 826 0 0 1 310207.648410208.6455
 15.564 -0.689 18.366 13.761 28.303  0.193  1.412  0.000  0.000
   0.000  0.000  0.000  0.000  0.000  0.000  0.000 27.373   0.00
121242 826 2 2 4 310207.648410208.6455
 14.367 -0.057 20.167 22.857 36.205  9.248  0.661-63.634 -0.086
  23.002 22.357 20.441 19.220  7.170  2.077 36.505 35.988  -4.02
121342 830 1 2 3 110208.645510209.6504
 13.851  0.312  9.068  6.084 19.016 20.025 12.055 85.972 -2.177
   6.233  6.078  6.986  9.158  0.832 19.193  0.000  0.000   0.00
121342 830 1 2 3 110208.645510209.6504
 14.368  1.092 20.110 36.205 49.656  0.661  4.347-67.650 -1.277
  36.505 35.988 20.796 19.615  0.277  0.384  0.000  0.000   0.00
121442 822 0 0 1 110209.650410210.6533
 15.026 -0.264  9.381 19.016 33.100 12.055 10.666  0.000  0.000
   0.000  0.000  0.000  0.000  0.000  0.000  0.000  0.000   0.00
121542 818 0 0 1 110210.653310211.6553
 13.919 -0.371  9.117 33.100 46.064 10.666  0.852  0.000  0.000
   0.000  0.000  0.000  0.000  0.000  0.000  0.000  0.000   0.00
122742 731 6 7131010222.686510223.7080
 14.727  0.041  4.309-23.148 -9.096 17.110 12.126 -7.566 -0.289
 -20.345-26.232  4.680  3.901  8.964  8.146 -7.151-12.709  -2.76
122842 7 0 3 710 810223.708010224.7012
 15.275 -0.011  4.351 -9.096  5.100 12.126 10.383-10.324 -1.932
  -7.151-12.709  4.705  3.695  7.884  4.242  5.713  2.079  -1.40
122942 7 9 3 5 8 610224.701210225.6553
 14.545 -0.049  4.341  5.100 18.034 10.383 20.307-11.722  0.500
   5.713  2.079  4.468  3.716  8.633  1.751 18.887 15.020 -11.64
