 113771917 3 5 8 822659.802722660.7852
 11.578  0.211-28.325 36.720 47.135 46.789 24.412  3.043  0.596
  38.263 30.146-28.253-28.632 37.893  8.897 51.137 42.316  -4.39
 2 2771723 4 2 6 722679.724622680.7891
 16.388 -0.074 25.843-16.757 -0.364 19.212  3.154  1.046  0.189
 -14.832-19.071 25.812 25.881 10.488  8.724  1.973 -2.473  -1.97
 2 9771912 3 7102122686.800822687.7324
 10.503  0.825-40.939-13.934 -5.045 20.333 45.926  8.953  1.039
  -9.794-18.818-40.447-41.521 11.005  9.328  1.351 -9.095   1.86
 210771736 813211922687.732422688.7695
 12.460 -0.398-41.710 -5.045  6.850 45.926 26.934 10.808 -0.580
   1.351 -9.095-40.798-42.287 17.805 28.121 12.991  3.206  -8.18
 210771736 1 2 3 722687.732422688.7695
 14.825 -0.093  3.115-28.733-14.388  2.367 13.429-13.469  3.393
 -28.674-30.082  3.129  2.792  2.267  0.100-12.567-17.082  -7.82
 211771828 613191722688.769522689.7637
 16.163 -0.095-41.298  6.850 21.939 26.934 21.857  2.627  0.224
  12.991  3.206-41.086-41.423 10.030 16.904 26.607 16.542   0.34
 211771828 2 5 7 222688.769522689.7637
 16.915  0.848  3.018-14.388  1.447 13.429  8.306-21.285 -4.105
 -12.567-17.082  3.727  1.970  8.012  5.418  1.484  0.861 -10.83
 212771819 4 2 6 222689.763722690.7598
 14.299 -0.202  1.597 -4.735  8.539  5.166  4.836-48.000 -0.239
  -4.058 -4.880  2.348  1.435  0.912  4.254  8.555  8.316 124.02
 212771819 1 1 2 122689.763722690.7598
 14.687  0.151  3.861  1.447 15.107  8.306  6.766-32.118 -0.734
   1.484  0.861  3.883  3.493  7.821  0.486  0.000  0.000   0.00
 212771819 2 4 6 122689.763722690.7598
 12.140  1.165 23.875 -2.241  8.881  9.956  0.473 28.443 -4.772
   0.924 -3.665 22.308 24.581  3.090  6.866  0.000  0.000   0.00
 213771814 1 4 5 122690.759822691.7734
 13.621  0.186-41.493 38.534 51.360  6.800 15.115 -9.635 -2.976
  38.686 34.770-41.512-41.014  6.537  0.264  0.000  0.000   0.00
 213771814 3 2 5 322690.759822691.7734
 12.115 -0.150-42.420 25.115 36.412  9.358 16.726 17.126  0.817
  27.637 24.166-41.846-42.636  2.558  6.800 40.681 35.963 -13.21
 213771814 1 1 2 122690.759822691.7734
 14.957 -0.201  1.395  8.539 22.720  4.836  5.070 76.016 -0.990
   8.555  8.316  1.331  2.291  4.511  0.325  0.000  0.000   0.00
 213771814 0 0 1 122690.759822691.7734
 15.064  0.031  4.011 15.107 29.397  6.766 12.496  0.000  0.000
   0.000  0.000  0.000  0.000  0.000  0.000  0.000  0.000   0.00
 213771814 1 1 2 422690.759822691.7734
 15.087 -0.575 21.733 15.513 29.825  7.324 10.571 24.436  0.514
  15.720 14.205 21.646 22.285  6.324  1.000 30.487 28.530   3.14
 214771835 2 1 3 322691.773422692.7676
 12.228  0.100-42.268 36.412 47.582 16.726 10.915  3.911  0.766
  40.681 35.963-42.052-42.291  1.590 15.136 52.942 47.203 -10.11
 214771835 0 0 1 122691.773422692.7676
 13.726 -0.230-19.312-58.267-45.609 25.962 11.822  0.000  0.000
   0.000  0.000  0.000  0.000  0.000  0.000  0.000  0.000   0.00
 214771835 1 3 4 222691.773422692.7676
 15.959 -1.151 21.150 29.825 44.701 10.571  5.782 27.572 -0.660
  30.487 28.530 20.828 21.781  6.996  3.575 44.712 43.382  -0.90
 214771835 0 0 1 122691.773422692.7676
 14.471  0.261  1.192 22.720 36.117  5.070  0.050  0.000  0.000
   0.000  0.000  0.000  0.000  0.000  0.000  0.000  0.000   0.00
 214771835 0 0 1 122691.773422692.7676
 14.398 -0.152  4.042 29.397 42.722 12.496  9.842  0.000  0.000
   0.000  0.000  0.000  0.000  0.000  0.000  0.000  0.000   0.00
 215771825 2 1 3 622692.767622693.7246
 13.764  2.479-42.367 47.582 59.825 10.915 26.230 -6.197 -3.743
  52.942 47.203-42.797-42.337  0.721 10.194 60.116 59.597  51.18
 215771825 0 0 1 122692.767622693.7246
 13.737 -0.393-19.083-45.609-33.392 11.822 17.068  0.000  0.000
   0.000  0.000  0.000  0.000  0.000  0.000  0.000  0.000   0.00
 215771825 0 0 1 122692.767622693.7246
 14.369 -0.825  3.892 42.722 55.544  9.842  1.960  0.000  0.000
   0.000  0.000  0.000  0.000  0.000  0.000  0.000  0.000   0.00
 215771825 1 1 2 422692.767622693.7246
 15.251 -1.277 20.007 44.701 58.367  5.782  7.725 26.669  0.312
  44.712 43.382 20.002 20.630  5.732  0.050 58.794 57.456  15.62
 216771723 0 0 1 422693.724622694.7246
 14.637  0.575-18.707-33.392-19.735 17.068 15.018  0.000  0.000
   0.000  0.000  0.000  0.000  0.000  0.000  0.000-23.755   0.00
 217771723 2 2 4 122694.724622695.6914
 14.220 -0.125-19.282-19.735 -6.945 15.018 21.288-23.275 -4.188
 -19.679-23.755-19.305-17.650 14.812  0.206  0.000  0.000   0.00
 218771635 0 0 1 122695.691422696.7227
 13.868  0.159-19.161 -6.945  6.345 21.288 10.343  0.000  0.000
   0.000  0.000  0.000  0.000  0.000  0.000  0.000  0.000   0.00
 219771720 0 0 1 122696.722722697.6934
 14.265  0.085-19.325  6.345 19.242 10.343  8.412  0.000  0.000
   0.000  0.000  0.000  0.000  0.000  0.000  0.000  0.000   0.00
 220771637 0 0 1 122697.693422698.8125
 13.793  0.143-19.408 19.242 33.575  8.412  6.696  0.000  0.000
   0.000  0.000  0.000  0.000  0.000  0.000  0.000  0.000   0.00
 3 8771945 0 0 1 122713.822322714.9063
 13.836  0.061 16.794 16.838 30.763  4.819  0.050  0.000  0.000
   0.000  0.000  0.000  0.000  0.000  0.000  0.000  0.000   0.00
 3 8771945 1 1 2 122713.822322714.9063
 13.623 -0.207 21.376 13.812 27.506 11.084  2.536 18.804 -4.262
  18.126 13.793 20.008 21.382  0.050 11.034  0.000  0.000   0.00
 3 9772145 0 0 1 122714.906322715.8145
 14.484  0.096 21.151 27.506 39.779  2.536  4.892  0.000  0.000
   0.000  0.000  0.000  0.000  0.000  0.000  0.000  0.000   0.00
 310771934 0 0 1 122715.814522716.7695
 13.364  0.268 21.239 39.779 51.592  4.892  8.579  0.000  0.000
   0.000  0.000  0.000  0.000  0.000  0.000  0.000  0.000   0.00
 413772215 3 2 5 822749.927722750.9043
 11.724 -0.326-20.455-40.124-29.632 19.145 19.360  7.766  1.343
 -39.819-44.705-20.416-21.040 17.951  1.194-26.868-33.168  -0.48
 414772143 3 5 8 422750.904322751.9004
 16.522 -0.081-20.136-29.632-14.161 19.360 20.824  7.286 -3.300
 -26.868-33.168-19.804-20.561 10.866  8.494-11.812-14.589   4.36
 418771849 1 1 2 222754.783222755.7832
 15.451  0.040-19.887 20.370 34.834 13.609 18.453  3.575 -0.433
  22.251 18.234-19.777-20.013  7.238  6.371 35.442 31.878  -1.72
 419771849 1 1 2 222755.783222756.7383
 13.115 -0.091-19.927 34.834 46.416 18.453 16.212  1.858 -0.454
  35.442 31.878-19.909-20.018 15.307  3.146 47.469 44.388  -0.77
 427771749 1 1 2 322763.742222764.8047
 14.231  0.128-20.777-46.498-32.434  4.998  7.827 11.683  0.016
 -46.233-47.211-20.726-20.915  3.644  1.354-32.344-33.360 -10.71
 5297719 4 1 3 4 222795.794922796.7266
 14.260 -0.161 20.594-58.864-46.491 12.062  4.636 -2.267 -1.522
 -58.478-61.814 20.608 20.485 10.666  1.396-46.204-47.884  13.34
 5297719 41010201422795.794922796.7266
 13.297  0.038 20.756 26.839 38.315 26.068 47.289 22.572  1.734
  29.256 24.557 19.816 21.643 12.655 13.413 42.993 36.080 -17.05
 6 77720 7 1 3 4 322804.837922805.6641
 13.894  0.013-24.717  5.639 16.301 10.129 20.829-52.331 -0.251
   5.700  4.708-24.788-23.622  9.511  0.618 16.318 15.014  37.87
 6 77720 7 2 1 3 522804.837922805.6641
 14.285  0.125-24.023 -2.177  8.807  1.335  7.808 46.878  0.075
  -2.026 -2.531-23.875-24.368  0.936  0.399  9.112  8.468  -8.46
 6 77720 7 0 0 1 222804.837922805.6641
 13.501 -0.340-21.261-55.653-45.317 25.280 23.033  0.000  0.000
   0.000  0.000  0.000  0.000  0.000  0.000  0.000-50.260   0.00
 6 8771556 2 1 3 222805.664122806.8027
 13.698 -0.004-24.728 16.301 30.774 20.829  6.067-14.463 -0.673
  16.318 15.014-24.732-24.426 20.558  0.272 30.943 30.351  26.98
 6 8771556 3 2 5 422805.664122806.8027
 13.569  0.638-24.126  8.807 23.133  7.808  8.542 38.421  0.931
   9.112  8.468-23.905-24.372  4.114  3.694 24.673 23.106  -6.21
 6 8771556 1 1 2 122805.664122806.8027
 13.543  0.059-20.981-45.317-31.020 23.033 10.313 14.154 -4.771
 -45.306-50.260-20.978-22.145 22.983  0.050  0.000  0.000   0.00
 6 9771915 1 1 2 522806.802722807.8633
 12.826 -0.187-24.724 30.774 43.349  6.067 22.226 12.515  4.496
  30.943 30.351-24.690-24.809  4.334  1.733 44.299 38.780  -6.76
 6 9771915 0 0 1 122806.802722807.8633
 13.810 -0.104-21.048-31.020-17.399 10.313 23.560  0.000  0.000
   0.000  0.000  0.000  0.000  0.000  0.000  0.000  0.000   0.00
 610772044 2 3 5 222807.863322808.7441
 15.383  0.295-24.526 43.349 56.031 22.226 11.042  5.760 -4.483
  44.299 38.780-24.438-24.945 18.402  3.824 56.219 55.656  19.27
 610772044 0 0 1 122807.863322808.7441
 13.539  0.304-20.937-17.399 -6.341 23.560 16.532  0.000  0.000
   0.000  0.000  0.000  0.000  0.000  0.000  0.000  0.000   0.00
 611771752 0 0 1 122808.744122809.8066
 14.061  0.191-21.205 -6.341  7.555 16.532 15.555  0.000  0.000
   0.000  0.000  0.000  0.000  0.000  0.000  0.000  0.000   0.00
 612771922 0 0 1 122809.806622810.7227
 13.683  0.418-21.407  7.555 19.189 15.555 35.405  0.000  0.000
   0.000  0.000  0.000  0.000  0.000  0.000  0.000  0.000   0.00
 613771721 0 0 1 222810.722722811.7617
 14.535  0.200-21.790 19.189 33.279 35.405  6.756  0.000  0.000
   0.000  0.000  0.000  0.000  0.000  0.000  0.000 33.277   0.00
 621772111 8 614 922818.882822819.6855
 11.772 -0.213-21.362-31.273-22.603 16.195 24.315-10.343  3.076
 -30.564-33.206-21.482-21.033 11.849  4.347-20.154-26.084  17.79
 621772111 0 0 1 322818.882822819.6855
 13.754  0.775 19.755-25.565-15.301  4.585  3.551  0.000  0.000
   0.000  0.000  0.000  0.000  0.000  0.000  0.000-17.215   0.00
 622771628 6 3 91522819.685522820.7246
 15.739  0.509-21.191-22.603 -7.270 24.315 22.545  7.452 -1.198
 -20.154-26.084-20.892-21.615 14.275 10.040 -5.523-10.121   5.21
 622771628 1 2 3 122819.685522820.7246
 14.884 -1.160 20.377-15.301 -0.857  3.551  3.246 45.387 -3.547
 -14.558-17.215 19.671 22.196  2.557  0.993  0.000  0.000   0.00
 623771723 8 715 822820.724622821.6875
 15.992 -0.287-21.719 -7.270  7.169 22.545 23.534 12.658 -1.057
  -5.523-10.121-21.354-22.314 13.978  8.567  9.202  5.688  -2.65
 623771723 0 0 1 122820.724622821.6875
 13.837 -0.096 19.173 -0.857 11.509  3.246  0.450  0.000  0.000
   0.000  0.000  0.000  0.000  0.000  0.000  0.000  0.000   0.00
 624771629 4 4 81422821.687522822.7266
 13.993 -0.292-21.443  7.169 20.688 23.534 35.733 10.006  0.344
   9.202  5.688-21.109-21.686  9.913 13.621 23.614 19.688 -12.67
 624771629 3 6 91522821.687522822.7266
 14.407 -0.347 15.299-53.457-39.507 92.784 52.356 20.178  0.636
 -51.487-56.090 14.600 16.232 53.080 39.703-38.153-43.411  -1.40
 625771725 7 714 822822.726622823.7305
 14.573 -0.542-21.140 20.688 34.337 35.733  8.709 -2.659  1.753
  23.614 19.688-21.266-21.096  9.098 26.635 38.631 32.926  -7.12
 625771725 411151222822.726622823.7305
 12.948 -0.013 14.938-39.507-27.489 52.356 40.401 18.776 -0.597
 -38.153-43.411 14.493 16.220 38.871 13.485-25.696-30.363   0.18
 626771730 3 5 8 722823.730522824.7207
 14.505  0.607-20.596 34.337 47.740  8.709 23.396 -9.781 -1.812
  38.631 32.926-21.288-20.368  2.154  6.554 49.667 46.194 -16.35
 626771730 5 7121522823.730522824.7207
 14.855  0.022 14.925-27.489-13.739 40.401 28.924 18.953  1.119
 -25.696-30.363 14.330 15.878 24.877 15.525-11.808-17.699  -4.13
 7 57717 7 0 0 1 122832.714822833.7773
 13.710 -0.125-20.045-52.763-39.236  6.258  8.623  0.000  0.000
   0.000  0.000  0.000  0.000  0.000  0.000  0.000  0.000   0.00
 7 57717 7 1 4 5 522832.714822833.7773
 13.662 -0.641 21.590 41.208 54.684 18.275 14.591-22.959  0.842
  42.525 39.038 22.109 20.735 11.376  6.899 56.798 52.945 -11.45
 7 6771837 0 0 1 122833.777322834.7637
 13.504 -0.213-19.913-39.236-26.868  8.623 17.274  0.000  0.000
   0.000  0.000  0.000  0.000  0.000  0.000  0.000  0.000   0.00
 7 7771820 0 0 1 122834.763722835.6953
 14.516  0.361-19.703-26.868-14.261 17.274  7.622  0.000  0.000
   0.000  0.000  0.000  0.000  0.000  0.000  0.000  0.000   0.00
 7 8771641 0 0 1 122835.695322836.7930
 14.310 -0.035-20.038-14.261  0.375  7.622  8.619  0.000  0.000
   0.000  0.000  0.000  0.000  0.000  0.000  0.000  0.000   0.00
 7 97719 2 0 0 1 222836.793022837.7129
 14.615 -0.414-20.000  0.375 12.913  8.619  3.157  0.000  0.000
   0.000  0.000  0.000  0.000  0.000  0.000  0.000 12.685   0.00
 7227716 0 0 0 1 122849.668022850.7500
 13.693 -0.248 15.620-42.271-28.496  4.642 11.008  0.000  0.000
   0.000  0.000  0.000  0.000  0.000  0.000  0.000  0.000   0.00
 7237718 0 0 0 1 222850.750022851.6563
 14.381 -0.096 15.351-28.496-16.359 11.008  0.799  0.000  0.000
   0.000  0.000  0.000  0.000  0.000  0.000  0.000-16.395   0.00
 724771545 3 2 5 422851.656322852.7070
 15.252 -0.025-24.150-31.262-16.275 12.848  5.205 33.150 -0.205
 -30.377-34.498-23.622-26.078 10.089  2.759-15.308-19.510  -6.63
 724771545 1 1 2 322851.656322852.7070
 13.602  0.289 15.264-16.359 -3.103  0.799  7.694 79.389  0.132
 -16.348-16.395 15.210 15.451  0.620  0.179 -2.945 -3.334 -71.35
 724771545 1 2 3 522851.656322852.7070
 15.619  0.222 19.503 24.501 39.873 12.862  7.852 -4.959  0.934
  25.939 23.242 19.621 19.400  6.001  6.860 41.212 37.609  -8.43
 725771657 1 2 3 122852.707022853.6992
 14.013  0.253 15.567 -3.103  9.841  7.694  3.713  8.042 -0.378
  -2.945 -3.334 15.546 15.599  4.562  3.132  0.000  0.000   0.00
 726771647 0 0 1 122853.699222854.7051
 13.979  0.010 15.819  9.841 22.914  3.713  8.214  0.000  0.000
   0.000  0.000  0.000  0.000  0.000  0.000  0.000  0.000   0.00
 727771655 0 0 1 122854.705122855.6875
 14.590  0.399 15.829 22.914 36.290  8.214  2.910  0.000  0.000
   0.000  0.000  0.000  0.000  0.000  0.000  0.000  0.000   0.00
 8 4771922 510151822862.808622863.7520
 15.503 -1.941 26.007-46.121-32.404 32.502 29.827 10.147 -0.597
 -43.801-47.773 25.634 26.273 13.517 18.984-31.549-34.729   6.60
 8 57718 3 513181322863.752022864.7461
 13.066 -0.038 24.174-32.404-20.384 29.827 46.985 16.743  0.901
 -31.549-34.729 23.939 24.812 21.806  8.021-18.456-22.667  -4.60
 8 6771755 5 8131422864.746122865.7500
 14.155 -0.130 24.136-20.384 -7.153 46.985 17.153 12.139  0.033
 -18.456-22.667 23.757 24.584 25.472 21.512 -5.929-10.077   4.92
 8 77718 0 410141522865.750022866.7930
 14.430 -0.314 24.006 -7.153  6.878 17.153 24.821 17.061 -1.096
  -5.929-10.077 23.662 24.825 12.090  5.064  7.533  5.001  18.98
 811771912 1 3 4 122869.800822870.7285
 14.901 -0.137 23.399 46.274 59.191 15.367 14.922 38.444 -3.778
  46.643 43.419 23.130 25.479 13.609  1.758  0.000  0.000   0.00
 812771728 3 2 5 422870.728522871.7031
 12.181 -0.614 27.424-56.044-45.122 16.863  8.844-17.502  1.536
 -55.478-59.168 27.582 26.550 14.279  2.585-42.223-47.784  20.75
 813771652 1 2 3 322871.703122872.7324
 14.049  0.175 19.863-19.864 -6.394  4.314  0.217  3.199  1.919
 -18.569-21.182 19.795 19.933  2.176  2.137 -2.829 -7.460  -9.88
 813771652 3 1 41022871.703122872.7324
 16.379  1.334 26.826-45.122-29.251  8.844  5.730  3.253 -0.399
 -42.223-47.784 26.679 26.961  4.234  4.610-27.500-31.679  33.07
 813771652 1 1 21022871.703122872.7324
 14.940 -2.505 30.781-43.639-29.251  3.816  5.730-65.125  4.190
 -43.552-43.739 30.942 30.596  2.043  1.773-27.500-31.679 101.45
 824771547 3 5 81322882.658222883.8086
 14.413  0.201-25.247-14.234  1.213 38.423 26.234 10.682  2.654
 -11.583-15.992-24.794-25.547 15.321 23.102  4.741 -2.568  -0.14
 825771922 0 0 1 422883.808622884.7148
 14.294 -0.181 26.400 18.851 30.926  2.356  5.635  0.000  0.000
   0.000  0.000  0.000  0.000  0.000  0.000  0.000 30.424   0.00
 8267717 8 3 1 4 622884.714822885.7637
 15.503 -0.243 26.236 30.926 46.174  5.635  9.145 52.544  1.548
  31.040 30.424 26.102 26.823  4.588  1.048 47.799 45.095 -60.80
 827771821 4 9131322885.763722886.6738
 12.757 -0.447-25.458 26.995 37.692 20.903 51.306 13.852 -1.469
  30.274 21.515-24.728-26.678 13.079  7.825 42.194 35.000  -1.31
 827771821 4 2 6 722885.763722886.6738
 14.205  1.003 25.980 46.174 58.186  9.145 16.498 -8.251  1.058
  47.799 45.095 26.192 25.840  3.649  5.496 60.257 56.379  -2.02
 8287716 8 8 513 322886.673822887.7500
 11.941  1.222-25.052 37.692 49.490 51.306 28.260 12.541 -2.273
  42.194 35.000-24.145-25.595 19.199 32.108 50.719 46.029   4.88
 8287716 8 3 2 5 322886.673822887.7500
 13.694 -0.133-30.932-19.919 -6.235 18.232  6.828 10.065  0.888
 -17.881-21.622-30.622-31.192  8.300  9.931 -4.561 -9.281   2.07
 829771759 2 1 3 122887.750022888.7500
 11.194  0.998-30.789 -6.235  3.992  6.828  1.788 12.134 -4.147
  -4.561 -9.281-30.480-31.352  4.407  2.421  0.000  0.000   0.00
 831771742 0 0 1 722889.738322890.6660
 14.780 -0.115 16.431-36.693-23.890  0.185  6.846  0.000  0.000
   0.000  0.000  0.000  0.000  0.000  0.000  0.000-25.119   0.00
 9 1771558 2 5 7 322890.666022891.9141
 14.051 -0.466 16.324-23.890 -7.571  6.846 22.340 -5.455  1.405
 -22.382-25.119 16.463 16.212  3.073  3.773 -5.039 -9.155  -6.03
 9 1771558 1 4 5 822890.666022891.9141
 13.146 -0.272 25.175-49.964-34.775 21.360 27.367 -0.498  2.336
 -48.730-51.779 25.185 25.161 12.714  8.647-33.208-38.575  17.59
 9 2772156 1 2 3 422891.914122892.8516
 15.674  0.487 15.742 -7.571  6.203 22.340  4.155-11.482  0.511
  -5.039 -9.155 16.237 15.432  8.595 13.745  7.744  3.225  -6.18
 9 3772026 0 0 1 122892.851622893.7598
 13.919 -0.398 24.401-19.688 -7.928  3.741  6.748  0.000  0.000
   0.000  0.000  0.000  0.000  0.000  0.000  0.000  0.000   0.00
 9 3772026 0 0 1 122892.851622893.7598
 14.063  0.295 26.415-26.570-14.679  0.133  0.050  0.000  0.000
   0.000  0.000  0.000  0.000  0.000  0.000  0.000  0.000   0.00
 9 3772026 2 2 4 122892.851622893.7598
 16.154  0.454 16.198  6.203 19.995  4.155  5.717-17.663 -4.554
   7.744  3.225 16.669 15.288  2.738  1.417  0.000  0.000   0.00
 9 4771815 0 0 1 122893.759822894.7852
 14.208  0.300 16.611 19.995 33.543  5.717  2.760  0.000  0.000
   0.000  0.000  0.000  0.000  0.000  0.000  0.000  0.000   0.00
 9 4771815 0 0 1 122893.759822894.7852
 13.767 -0.281 24.040 -7.928  5.169  6.748  9.179  0.000  0.000
   0.000  0.000  0.000  0.000  0.000  0.000  0.000  0.000   0.00
 9 5771850 0 0 1 122894.785222895.7637
 14.038  0.225 23.752  5.169 17.962  9.179  5.995  0.000  0.000
   0.000  0.000  0.000  0.000  0.000  0.000  0.000  0.000   0.00
 9 6771821 0 0 1 322895.763722896.8027
 13.831  0.141 23.972 17.962 31.292  5.995 10.111  0.000  0.000
   0.000  0.000  0.000  0.000  0.000  0.000  0.000 28.874   0.00
 9 6771821 0 0 1 222895.763722896.8027
 13.423  0.127 19.899-54.938-42.031  2.177  5.198  0.000  0.000
   0.000  0.000  0.000  0.000  0.000  0.000  0.000-46.412   0.00
 9 7771915 1 2 3 122896.802722897.7773
 13.912  0.258 24.119 31.292 43.908 10.111  9.108 -2.544 -2.345
  31.441 28.874 24.125 24.020  9.525  0.586  0.000  0.000   0.00
 9 8771840 0 0 1 122897.777322898.7734
 14.378 -0.987 24.371 43.908 57.238  9.108  6.371  0.000  0.000
   0.000  0.000  0.000  0.000  0.000  0.000  0.000  0.000   0.00
 910771832 7 9161522899.771522900.9023
 14.848  0.345  8.082-49.584-33.909 70.361 50.607  2.605  0.286
 -47.028-51.833  7.967  8.183 32.931 37.430-31.946-37.036   1.77
 911772140 7 8151322900.902322901.8984
 14.676 -0.319  8.472-33.909-20.263 50.607 44.459  4.374 -0.781
 -31.946-37.036  8.323  8.708 31.088 19.519-18.296-22.601  -1.30
 911772140 3 2 5 722900.902322901.8984
 13.707 -0.098 16.790-26.639-13.959 19.429 19.344  4.726  0.021
 -22.796-29.556 16.486 17.021  8.382 11.047 -9.546-16.327  -0.30
 912772135 5 8131422901.898422902.7852
 13.807  0.133  8.154-20.263 -8.900 44.459 57.846  3.075  0.584
 -18.296-22.601  8.049  8.278 24.146 20.313 -6.625-11.527  -3.88
 913771851 0 0 1 222902.785222903.8008
 14.916  0.332 16.563  3.834 17.989 12.355  3.452  0.000  0.000
   0.000  0.000  0.000  0.000  0.000  0.000  0.000 17.768   0.00
 913771851 1 1 2 222902.785222903.8008
 14.563  0.131 16.569 -4.852  8.945  7.154  7.670 23.558  0.159
  -4.729 -5.509 16.517 16.843  6.030  1.124  9.766  8.808  -3.92
 913771851 5 9141622902.785222903.8008
 14.444  0.434  8.272 -8.900  4.776 57.846 58.184 -0.805  0.855
  -6.625-11.527  8.303  8.235 31.003 26.843  7.405  1.661   6.48
 927771756 2 3 5 922916.748022917.7695
 13.851 -0.099 13.712-37.230-24.069 35.220 21.940  3.622  0.163
 -35.567-39.173 13.610 13.831 18.979 16.241-22.060-25.799 -12.03
 927771756 2 3 5 322916.748022917.7695
 13.132  0.597 18.132 23.277 35.703  8.211 12.213-17.933  1.466
  24.158 22.153 18.402 17.786  4.606  3.605 38.226 34.591  24.90
 928771829 0 0 1 122917.769522918.7676
 13.272 -1.384-21.999-58.711-46.449 12.202 12.769  0.000  0.000
   0.000  0.000  0.000  0.000  0.000  0.000  0.000  0.000   0.00
 928771829 2 7 9 822917.769522918.7676
 15.241  0.877 13.611-24.069 -9.843 21.940 19.318 -8.406 -1.361
 -22.060-25.799 13.900 13.363 10.152 11.788 -9.240-11.618   2.92
 928771829 2 1 3 622917.769522918.7676
 13.375 -1.046 18.743 35.703 48.067 12.213  3.437  6.964 -0.962
  38.226 34.591 18.451 18.871  3.735  8.477 50.373 47.845   9.16
10 27718 7 1 1 2 222921.753922922.9082
 13.240 -0.051-20.765 -7.898  6.247 18.480 14.621 18.085  0.052
  -7.725 -8.481-20.712-20.943 14.248  4.233  6.404  5.832  29.64
10 27718 7 1 1 2 122921.753922922.9082
 13.739 -0.016 20.363-15.260 -0.540  7.644  4.056-20.707 -1.582
 -15.249-16.828 20.367 19.808  7.594  0.050  0.000  0.000   0.00
10 27718 7 2 6 8 522921.753922922.9082
 13.705 -0.868 31.755 22.198 36.879 20.377 27.122 -0.845  1.921
  23.919 20.690 31.776 31.736  9.514 10.863 39.530 34.116  -3.63
10 27718 7 3 6 9 122921.753922922.9082
 14.876  0.014 14.730 30.310 46.342 12.883  6.689-26.888 -1.961
  30.815 29.007 14.978 14.091  9.284  3.599  0.000  0.000   0.00
10 3772149 1 1 2 222922.908222923.7695
 13.643  0.718-20.707  6.247 17.128 14.621 14.480 47.729  0.169
   6.404  5.832-20.544-21.133 10.593  4.028 17.569 16.840  -2.42
10 3772149 0 0 1 122922.908222923.7695
 13.787 -0.225 20.345 -0.540 10.466  4.056  7.339  0.000  0.000
   0.000  0.000  0.000  0.000  0.000  0.000  0.000  0.000   0.00
10 3772149 0 0 1 122922.908222923.7695
 14.466 -0.565 14.746 46.342 57.931  6.689 10.105  0.000  0.000
   0.000  0.000  0.000  0.000  0.000  0.000  0.000  0.000   0.00
10 9771613 5 4 92122928.675822929.6699
 15.705  0.363  6.633-18.418 -3.781 19.103 12.693-21.725  0.917
 -16.096-19.830  7.552  6.074  7.227 11.876 -2.264 -6.454 -10.38
10107716 5 1 2 3 322929.669922930.8438
 12.031 -0.288 19.167-51.288-38.326 24.868 31.705 49.704  0.196
 -51.107-51.695 18.965 19.620 17.199  7.668-38.066-38.851  -4.48
1011772015 513181122930.843822931.7500
 15.408 -0.913  6.490  7.809 20.869 22.120 13.425-15.647 -0.653
  11.174  6.535  7.427  6.136  6.077 16.043 23.386 19.334   2.87
1011772015 1 2 3 422930.843822931.7500
 15.093  0.163 18.829-38.326-25.552 31.705 22.165 45.223 -0.126
 -38.066-38.851 18.581 19.330 21.207 10.498-25.229-26.006  -7.54
1012771759 1 3 4 322931.750022932.7285
 13.574 -1.477 18.977-25.552-13.225 22.165 28.599 37.682 -0.021
 -25.229-26.006 18.741 19.309 12.953  9.212-13.025-13.860  -9.05
1012771759 1 1 2 522931.750022932.7285
 13.681  0.192 18.585-12.607 -0.176  4.175  3.802  2.018 -1.157
 -12.582-14.689 18.584 18.654  4.125  0.050  0.313 -0.575  -0.45
1013771729 1 2 3 422932.728522933.7422
 15.565  1.323 17.531-13.225  1.566 28.599 13.810 28.636  0.096
 -13.025-13.860 17.427 17.862 21.721  6.878  1.862  0.911  -2.44
1013771729 1 4 51122932.728522933.7422
 15.694 -0.619 18.772 -0.176 14.746  3.802 13.982  1.572  1.730
   0.313 -0.575 18.759 18.783  1.706  2.096 15.724 13.027  -5.88
1014771750 3 2 5 622933.742222934.7402
 12.771 -0.159 22.755-48.522-36.778 13.541 12.668 13.271  0.427
 -47.279-51.928 22.484 23.496  9.920  3.621-34.479-39.663  -5.45
1014771750 1 3 4 322933.742222934.7402
 13.998 -0.045 18.874  1.566 14.533 13.810 18.072 26.194  0.343
   1.862  0.911 18.737 19.179  9.521  4.289 14.786 13.615   8.37
1014771750 8 311 822933.742222934.7402
 15.175  0.473 18.144 14.746 28.885 13.982 13.948 -4.304  1.463
  15.724 13.027 18.214 18.021  8.912  5.070 30.159 26.234 -18.46
1015771745 4 2 6 322934.740222935.9082
 15.519  0.272 22.597-36.778-19.782 12.668  9.912  7.824 -3.767
 -34.479-39.663 22.305 22.963  7.050  5.618-19.548-19.828  68.14
1015771745 1 3 4 622934.740222935.9082
 13.738 -0.613 23.546  2.319 17.232  6.514 16.841  1.258  0.710
   3.062 -0.391 23.531 23.601  5.112  1.402 18.498 14.375  10.09
1015771745 1 2 3 422934.740222935.9082
 13.888 -0.170 18.829 14.533 29.621 18.072 20.850 34.564 -0.225
  14.786 13.615 18.664 19.428 14.162  3.911 30.022 28.885 -18.66
1015771745 5 3 8 622934.740222935.9082
 15.098 -0.254 18.615 28.885 45.388 13.948 10.086-22.761 -0.325
  30.159 26.234 19.122 17.561  9.423  4.525 46.858 43.343  -3.10
1020771725 31215 922939.726622940.6602
 13.081  0.070-24.057  6.811 18.124 29.902 32.772  8.765  2.325
   8.144  2.384-23.870-24.681 22.983  6.919 20.556 12.221  -2.91
1021771552 1 1 2 322940.660222941.6973
 13.656  0.189-25.059-26.830-13.694  4.706  5.747-28.571  1.947
 -26.593-27.132-25.176-24.910  2.639  2.067-13.036-15.628  49.14
1022771645 0 0 1 622941.697322942.6758
 12.577  