 113771917 3 5 8 822659.802722660.7852
 12.980  0.280-28.268-28.543 38.293 50.086 36.930  1.981-28.325
  36.720 46.789 24.412  7.156  0.596  3.043 -1.342 11.578   0.21
 113771917 3 5 8 822659.802722660.7852
 13.224  0.571-27.209-27.770 37.228 49.260  0.050  0.105-28.325
  36.720 46.789 24.412  7.156  0.596  3.043 -1.342 11.578   0.21
 113771917 3 5 8 822659.802722660.7852
 12.936  0.710-27.498-28.195 35.844 47.593  0.050  0.050-28.325
  36.720 46.789 24.412  7.156  0.596  3.043 -1.342 11.578   0.21
 113771917 3 5 8 822659.802722660.7852
 13.652  0.616-28.004-28.609 29.258 41.712  1.026  9.470-28.325
  36.720 46.789 24.412  7.156  0.596  3.043 -1.342 11.578   0.21
 2 2771723 4 2 6 722679.724622680.7891
 17.499 -0.041 25.652 25.609-18.553 -0.977  3.226  1.093 25.843
 -16.757 19.212  3.154  3.815  0.189  1.046 -0.927 16.388  -0.07
 2 2771723 4 2 6 722679.724622680.7891
 17.815 -0.109 26.034 25.918-15.755  2.157  7.981  1.244 25.843
 -16.757 19.212  3.154  3.815  0.189  1.046 -0.927 16.388  -0.07
 2 9771912 3 7102122686.800822687.7324
 13.030  0.904-40.452-41.296 -9.783  1.464 10.905  0.050-40.939
 -13.934 20.333 45.926  6.901  1.039  8.953 10.808 10.503   0.83
 2 9771912 3 7102122686.800822687.7324
 12.540  0.717-43.072-43.741-19.568 -8.779  4.635  7.907-40.939
 -13.934 20.333 45.926  6.901  1.039  8.953 10.808 10.503   0.83
 2 9771912 3 7102122686.800822687.7324
 13.088  0.588-41.358-41.906-20.148 -8.847  0.050  3.361-40.939
 -13.934 20.333 45.926  6.901  1.039  8.953 10.808 10.503   0.83
 2 9771912 3 7102122686.800822687.7324
 12.523  0.999-39.058-39.991-18.601 -7.827  1.754  0.603-40.939
 -13.934 20.333 45.926  6.901  1.039  8.953 10.808 10.503   0.83
 2 9771912 3 7102122686.800822687.7324
 12.314  0.685-39.686-40.325-19.390 -8.811  1.038  4.130-40.939
 -13.934 20.333 45.926  6.901  1.039  8.953 10.808 10.503   0.83
 210771736 813211922687.732422688.7695
 12.910  0.266-40.910-41.186  2.045 14.407 14.178  7.897-41.710
  -5.045 45.926 26.934  7.939 -0.580 10.808  2.627 12.460  -0.40
 210771736 813211922687.732422688.7695
 12.139  0.190-40.651-40.848  1.449 13.011  0.630  0.050-41.710
  -5.045 45.926 26.934  7.939 -0.580 10.808  2.627 12.460  -0.40
 210771736 813211922687.732422688.7695
 12.766  0.545-40.283-40.848  0.799 13.011  0.050  0.050-41.710
  -5.045 45.926 26.934  7.939 -0.580 10.808  2.627 12.460  -0.40
 210771736 813211922687.732422688.7695
 12.594  0.594-41.566-42.181 -6.319  5.715  3.084  0.050-41.710
  -5.045 45.926 26.934  7.939 -0.580 10.808  2.627 12.460  -0.40
 210771736 813211922687.732422688.7695
 12.733  0.348-40.325-40.685 -8.811  3.368  4.130  4.452-41.710
  -5.045 45.926 26.934  7.939 -0.580 10.808  2.627 12.460  -0.40
 210771736 813211922687.732422688.7695
 12.648  0.329-43.369-43.710 -9.323  2.766  1.159  0.778-41.710
  -5.045 45.926 26.934  7.939 -0.580 10.808  2.627 12.460  -0.40
 210771736 813211922687.732422688.7695
 11.996  0.240-42.178-42.427-10.269  1.146  3.087  0.166-41.710
  -5.045 45.926 26.934  7.939 -0.580 10.808  2.627 12.460  -0.40
 210771736 813211922687.732422688.7695
 12.335  0.592-42.844-43.457-10.919  0.846  0.137  0.248-41.710
  -5.045 45.926 26.934  7.939 -0.580 10.808  2.627 12.460  -0.40
 210771736 1 2 3 722687.732422688.7695
 13.725  0.137  3.129  3.270-28.674-15.467  2.267  0.050  3.115
 -28.733  2.367 13.429  1.446  3.393-13.469-21.285 14.825  -0.09
 210771736 1 2 3 722687.732422688.7695
 13.637  0.327  2.040  2.379-29.873-16.758  0.050  0.050  3.115
 -28.733  2.367 13.429  1.446  3.393-13.469-21.285 14.825  -0.09
 211771828 613191722688.769522689.7637
 15.693 -1.486-42.181-40.705  5.715 20.337  0.050  1.690-41.298
   6.850 26.934 21.857  7.359  0.224  2.627  2.969 16.163  -0.10
 211771828 613191722688.769522689.7637
 15.872 -1.566-41.978-40.422  3.336 18.136  0.940  0.050-41.298
   6.850 26.934 21.857  7.359  0.224  2.627  2.969 16.163  -0.10
 211771828 613191722688.769522689.7637
 15.169 -1.564-42.813-41.258  2.080 16.181  2.983  0.050-41.298
   6.850 26.934 21.857  7.359  0.224  2.627  2.969 16.163  -0.10
 211771828 613191722688.769522689.7637
 15.586 -1.619-43.424-41.815  1.371 15.885  0.157  2.337-41.298
   6.850 26.934 21.857  7.359  0.224  2.627  2.969 16.163  -0.10
 211771828 613191722688.769522689.7637
 15.261 -1.289-43.457-42.176  0.846 15.038  0.248  0.586-41.298
   6.850 26.934 21.857  7.359  0.224  2.627  2.969 16.163  -0.10
 211771828 613191722688.769522689.7637
 16.109 -1.176-42.427-41.258  1.146 16.181  0.166  0.050-41.298
   6.850 26.934 21.857  7.359  0.224  2.627  2.969 16.163  -0.10
 211771828 613191722688.769522689.7637
 16.158 -1.321-43.489-42.176 -0.045 15.038  0.050  0.586-41.298
   6.850 26.934 21.857  7.359  0.224  2.627  2.969 16.163  -0.10
 212771819 4 2 6 222689.763722690.7598
 14.459 -0.011  1.341  1.331 -4.878  8.555  3.142  4.511  1.597
  -4.735  5.166  4.836  1.229 -0.239-48.000 76.016 14.299  -0.20
 212771819 4 2 6 222689.763722690.7598
 14.067 -0.293  1.622  1.331 -4.488  8.555  0.050  4.511  1.597
  -4.735  5.166  4.836  1.229 -0.239-48.000 76.016 14.299  -0.20
 212771819 4 2 6 222689.763722690.7598
 13.938  0.064  2.227  2.291 -4.598  8.316  0.762  0.325  1.597
  -4.735  5.166  4.836  1.229 -0.239-48.000 76.016 14.299  -0.20
 212771819 1 1 2 122689.763722690.7598
 14.651  0.128  3.883  4.011  1.484 15.107  7.821  6.766  3.861
   1.447  8.306  6.766  0.734 -0.734-32.118  0.000 14.687   0.15
 212771819 1 1 2 122689.763722690.7598
 15.276  0.519  3.493  4.011  0.861 15.107  0.486  6.766  3.861
   1.447  8.306  6.766  0.734 -0.734-32.118  0.000 14.687   0.15
 212771819 2 4 6 122689.763722690.7598
 13.071  0.563 24.476 25.037 -3.168  8.881  0.460  0.473 23.875
  -2.241  9.956  0.473  4.772 -4.772 28.443  0.000 12.140   1.17
 212771819 2 4 6 122689.763722690.7598
 13.554  0.618 24.421 25.037 -3.650  8.881  2.897  0.473 23.875
  -2.241  9.956  0.473  4.772 -4.772 28.443  0.000 12.140   1.17
 213771814 1 4 5 122690.759822691.7734
 13.471  0.167-41.512-41.681 38.686 51.360  6.537 15.115-41.493
  38.534  6.800 15.115  2.976 -2.976 -9.635  0.000 13.621   0.19
 213771814 3 2 5 322690.759822691.7734
 13.350  0.460-41.540-42.007 28.203 40.754  0.729  1.540-42.420
  25.115  9.358 16.726  2.682  0.817 17.126  3.911 12.115  -0.15
 213771814 3 2 5 322690.759822691.7734
 13.881  0.140-41.866-42.007 27.665 40.754  1.465  1.540-42.420
  25.115  9.358 16.726  2.682  0.817 17.126  3.911 12.115  -0.15
 213771814 1 1 2 122690.759822691.7734
 14.941 -0.137  1.331  1.192  8.555 22.720  4.511  5.070  1.395
   8.539  4.836  5.070  0.990 -0.990 76.016  0.000 14.957  -0.20
 213771814 0 0 1 122690.759822691.7734
 15.064  0.031  4.011  4.042 15.107 29.397  6.766 12.496  4.011
  15.107  6.766 12.496  0.000  0.000  0.000  0.000 15.064   0.03
 213771814 1 1 2 422690.759822691.7734
 15.910 -0.818 22.285 21.456 14.205 29.352  1.000  2.635 21.733
  15.513  7.324 10.571  1.546  0.514 24.436 27.572 15.087  -0.57
 213771814 1 1 2 422690.759822691.7734
 15.535 -0.807 21.646 20.828 15.720 30.487  6.324  6.996 21.733
  15.513  7.324 10.571  1.546  0.514 24.436 27.572 15.087  -0.57
 214771835 2 1 3 322691.773422692.7676
 13.733 -0.694-43.420-42.731 38.427 51.092  0.050  0.050-42.268
  36.412 16.726 10.915  3.499  0.766  3.911 -6.197 12.228   0.10
 214771835 0 0 1 122691.773422692.7676
 13.726 -0.230-19.312-19.083-58.267-45.609 25.962 11.822-19.312
 -58.267 25.962 11.822  0.000  0.000  0.000  0.000 13.726  -0.23
 214771835 1 3 4 222691.773422692.7676
 15.107 -0.832 21.456 20.630 29.352 43.382  2.635  0.050 21.150
  29.825 10.571  5.782  2.059 -0.660 27.572 26.669 15.959  -1.15
 214771835 1 3 4 222691.773422692.7676
 15.304 -0.832 20.828 20.002 30.487 44.712  6.996  5.732 21.150
  29.825 10.571  5.782  2.059 -0.660 27.572 26.669 15.959  -1.15
 214771835 0 0 1 122691.773422692.7676
 14.471  0.261  1.192  1.451 22.720 36.117  5.070  0.050  1.192
  22.720  5.070  0.050  0.000  0.000  0.000  0.000 14.471   0.26
 214771835 0 0 1 122691.773422692.7676
 14.398 -0.152  4.042  3.892 29.397 42.722 12.496  9.842  4.042
  29.397 12.496  9.842  0.000  0.000  0.000  0.000 14.398  -0.15
 215771825 0 0 1 122692.767622693.7246
 13.737 -0.393-19.083-18.707-45.609-33.392 11.822 17.068-19.083
 -45.609 11.822 17.068  0.000  0.000  0.000  0.000 13.737  -0.39
 215771825 0 0 1 122692.767622693.7246
 14.369 -0.825  3.892  3.102 42.722 55.544  9.842  1.960  3.892
  42.722  9.842  1.960  0.000  0.000  0.000  0.000 14.369  -0.82
 215771825 1 1 2 422692.767622693.7246
 15.684 -1.656 20.002 18.416 44.712 58.794  5.732  5.259 20.007
  44.701  5.782  7.725  1.399  0.312 26.669 42.293 15.251  -1.28
 215771825 1 1 2 422692.767622693.7246
 16.134 -1.561 20.630 19.135 43.382 57.894  0.050  0.050 20.007
  44.701  5.782  7.725  1.399  0.312 26.669 42.293 15.251  -1.28
 216771723 0 0 1 422693.724622694.7246
 14.691  0.603-18.707-19.310-33.392-19.681 17.068 14.762-18.707
 -33.392 17.068 15.018  0.000  4.188  0.000-23.275 14.637   0.57
 217771723 2 2 4 122694.724622695.6914
 14.165 -0.154-19.310-19.161-19.681 -6.945 14.762 21.288-19.282
 -19.735 15.018 21.288  4.188 -4.188-23.275  0.000 14.220  -0.13
 218771635 0 0 1 122695.691422696.7227
 13.868  0.159-19.161-19.325 -6.945  6.345 21.288 10.343-19.161
  -6.945 21.288 10.343  0.000  0.000  0.000  0.000 13.868   0.16
 219771720 0 0 1 122696.722722697.6934
 14.265  0.085-19.325-19.408  6.345 19.242 10.343  8.412-19.325
   6.345 10.343  8.412  0.000  0.000  0.000  0.000 14.265   0.09
 220771637 0 0 1 122697.693422698.8125
 13.793  0.143-19.408-19.568 19.242 33.575  8.412  6.696-19.408
  19.242  8.412  6.696  0.000  0.000  0.000  0.000 13.793   0.14
 3 8771945 0 0 1 122713.822322714.9063
 13.836  0.061 16.794 16.861 16.838 30.763  4.819  0.050 16.794
  16.838  4.819  0.050  0.000  0.000  0.000  0.000 13.836   0.06
 3 8771945 1 1 2 122713.822322714.9063
 13.641 -0.213 21.382 21.151 13.793 27.506 11.034  2.536 21.376
  13.812 11.084  2.536  4.262 -4.262 18.804  0.000 13.623  -0.21
 3 9772145 0 0 1 122714.906322715.8145
 14.484  0.096 21.151 21.239 27.506 39.779  2.536  4.892 21.151
  27.506  2.536  4.892  0.000  0.000  0.000  0.000 14.484   0.10
 310771934 0 0 1 122715.814522716.7695
 13.364  0.268 21.239 21.495 39.779 51.592  4.892  8.579 21.239
  39.779  4.892  8.579  0.000  0.000  0.000  0.000 13.364   0.27
 413772215 3 2 5 822749.927722750.9043
 13.478 -0.109-20.736-20.630-39.820-27.614 13.736  2.973-20.455
 -40.124 19.145 19.360  4.620  1.343  7.766  7.286 11.724  -0.33
 413772215 3 2 5 822749.927722750.9043
 13.883 -0.096-19.811-19.718-39.859-27.257  1.342  2.937-20.455
 -40.124 19.145 19.360  4.620  1.343  7.766  7.286 11.724  -0.33
 413772215 3 2 5 822749.927722750.9043
 13.011  0.185-20.788-20.969-44.075-32.326  0.227  0.050-20.455
 -40.124 19.145 19.360  4.620  1.343  7.766  7.286 11.724  -0.33
 413772215 3 2 5 822749.927722750.9043
 13.290  0.219-21.099-21.314-44.852-32.830  0.967  0.339-20.455
 -40.124 19.145 19.360  4.620  1.343  7.766  7.286 11.724  -0.33
 414772143 3 5 8 422750.904322751.9004
 14.717 -0.191-21.314-21.123-32.830-19.156  0.339  0.380-20.136
 -29.632 19.360 20.824  5.963 -3.300  7.286 11.648 16.522  -0.08
 414772143 3 5 8 422750.904322751.9004
 15.299 -0.259-21.382-21.123-33.410-19.156  1.745  0.380-20.136
 -29.632 19.360 20.824  5.963 -3.300  7.286 11.648 16.522  -0.08
 414772143 3 5 8 422750.904322751.9004
 15.524 -0.600-19.768-19.170-31.601-17.123  0.050  0.273-20.136
 -29.632 19.360 20.824  5.963 -3.300  7.286 11.648 16.522  -0.08
 418771849 1 1 2 222754.783222755.7832
 14.178  0.132-19.777-19.909 22.251 35.442  7.238 15.307-19.887
  20.370 13.609 18.453  3.785 -0.433  3.575  1.858 15.451   0.04
 418771849 1 1 2 222754.783222755.7832
 14.631  0.005-20.013-20.018 18.234 31.878  6.371  3.146-19.887
  20.370 13.609 18.453  3.785 -0.433  3.575  1.858 15.451   0.04
 419771849 1 1 2 222755.783222756.7383
 13.581 -0.091-19.909-19.822 35.442 47.469 15.307 10.672-19.927
  34.834 18.453 16.212  3.352 -0.454  1.858  1.083 13.115  -0.09
 419771849 1 1 2 222755.783222756.7383
 14.087 -0.147-20.018-19.877 31.878 44.388  3.146  5.540-19.927
  34.834 18.453 16.212  3.352 -0.454  1.858  1.083 13.115  -0.09
 427771749 1 1 2 322763.742222764.8047
 13.139  0.023-20.726-20.750-46.233-33.329  3.644  0.405-20.777
 -46.498  4.998  7.827  0.934  0.016 11.683  0.973 14.231   0.13
 427771749 1 1 2 322763.742222764.8047
 13.990  0.243-20.915-21.174-47.211-33.404  1.354  0.293-20.777
 -46.498  4.998  7.827  0.934  0.016 11.683  0.973 14.231   0.13
 5297719 4 1 3 4 222795.794922796.7266
 14.154 -0.233 20.608 20.391-58.478-46.204 10.666  3.842 20.594
 -58.864 12.062  4.636  3.126 -1.522 -2.267 11.071 14.260  -0.16
 5297719 41010201422795.794922796.7266
 14.399 -0.134 22.382 22.258 24.382 36.885  0.125  3.709 20.756
  26.839 26.068 47.289  4.759  1.734 22.572  5.521 13.297   0.04
 5297719 41010201422795.794922796.7266
 13.929  0.220 22.698 22.903 24.422 36.486  2.171  2.879 20.756
  26.839 26.068 47.289  4.759  1.734 22.572  5.521 13.297   0.04
 5297719 41010201422795.794922796.7266
 13.681  0.009 22.894 22.903 24.652 36.486  3.689  2.879 20.756
  26.839 26.068 47.289  4.759  1.734 22.572  5.521 13.297   0.04
 5297719 41010201422795.794922796.7266
 13.709  0.067 20.922 20.985 23.553 35.413  0.201  6.808 20.756
  26.839 26.068 47.289  4.759  1.734 22.572  5.521 13.297   0.04
 5297719 41010201422795.794922796.7266
 13.567 -0.092 20.539 20.454 23.688 35.416  1.852  6.167 20.756
  26.839 26.068 47.289  4.759  1.734 22.572  5.521 13.297   0.04
 5297719 41010201422795.794922796.7266
 14.264  0.161 18.351 18.501 25.937 38.314  0.695  1.610 20.756
  26.839 26.068 47.289  4.759  1.734 22.572  5.521 13.297   0.04
 6 77720 7 1 3 4 322804.837922805.6641
 13.832 -0.081-24.788-24.721  5.700 16.310  9.511 20.431-24.717
   5.639 10.129 20.829  1.474 -0.251-52.331-14.463 13.894   0.01
 6 77720 7 1 3 4 322804.837922805.6641
 13.694 -0.027-24.449-24.426  4.517 15.014  0.050  0.272-24.717
   5.639 10.129 20.829  1.474 -0.251-52.331-14.463 13.894   0.01
 6 77720 7 2 1 3 522804.837922805.6641
 14.474  0.103-23.805-23.890 -2.100  9.040  0.886  0.183-24.023
  -2.177  1.335  7.808  0.675  0.075 46.878 38.421 14.285   0.13
 6 77720 7 2 1 3 522804.837922805.6641
 13.797 -0.023-24.368-24.349 -2.531  8.050  0.399  1.530-24.023
  -2.177  1.335  7.808  0.675  0.075 46.878 38.421 14.285   0.13
 6 77720 7 2 1 3 522804.837922805.6641
 13.740  0.372-25.120-25.428 -0.709  9.825  0.050  1.068-24.023
  -2.177  1.335  7.808  0.675  0.075 46.878 38.421 14.285   0.13
 6 77720 7 0 0 1 222804.837922805.6641
 13.514 -0.343-21.261-20.978-55.653-45.306 25.280 22.983-21.261
 -55.653 25.280 23.033  0.000  4.771  0.000 14.154 13.501  -0.34
 6 8771556 2 1 3 222805.664122806.8027
 14.457  0.336-24.426-24.809 15.014 30.351  0.272  1.733-24.728
  16.301 20.829  6.067  1.223 -0.673-14.463 12.515 13.698   0.00
 6 8771556 3 2 5 422805.664122806.8027
 13.583  0.422-24.387-24.867  8.763 23.106  2.164  8.392-24.126
   8.807  7.808  8.542  0.750  0.931 38.421 32.212 13.569   0.64
 6 8771556 3 2 5 422805.664122806.8027
 14.209  0.455-24.349-24.867  8.050 23.106  1.530  8.392-24.126
   8.807  7.808  8.542  0.750  0.931 38.421 32.212 13.569   0.64
 6 8771556 3 2 5 422805.664122806.8027
 13.932  0.089-25.428-25.529  9.825 24.565  1.068  0.050-24.126
   8.807  7.808  8.542  0.750  0.931 38.421 32.212 13.569   0.64
 6 8771556 1 1 2 122805.664122806.8027
 13.534  0.061-20.978-21.048-45.306-31.020 22.983 10.313-20.981
 -45.317 23.033 10.313  4.771 -4.771 14.154  0.000 13.543   0.06
 6 9771915 1 1 2 522806.802722807.8633
 12.991 -0.230-24.690-24.445 30.943 43.694  4.334  6.242-24.724
  30.774  6.067 22.226  0.550  4.496 12.515  5.760 12.826  -0.19
 6 9771915 1 1 2 522806.802722807.8633
 13.548 -0.343-24.809-24.445 30.351 43.694  1.733  6.242-24.724
  30.774  6.067 22.226  0.550  4.496 12.515  5.760 12.826  -0.19
 6 9771915 0 0 1 122806.802722807.8633
 13.810 -0.104-21.048-20.937-31.020-17.399 10.313 23.560-21.048
 -31.020 10.313 23.560  0.000  0.000  0.000  0.000 13.810  -0.10
 610772044 2 3 5 222807.863322808.7441
 15.206  0.296-24.445-24.706 43.694 56.219  6.242  7.349-24.526
  43.349 22.226 11.042  5.046 -4.483  5.760 25.032 15.383   0.29
 610772044 0 0 1 122807.863322808.7441
 13.539  0.304-20.937-21.205-17.399 -6.341 23.560 16.532-20.937
 -17.399 23.560 16.532  0.000  0.000  0.000  0.000 13.539   0.30
 611771752 0 0 1 122808.744122809.8066
 14.061  0.191-21.205-21.407 -6.341  7.555 16.532 15.555-21.205
  -6.341 16.532 15.555  0.000  0.000  0.000  0.000 14.061   0.19
 612771922 0 0 1 122809.806622810.7227
 13.683  0.418-21.407-21.790  7.555 19.189 15.555 35.405-21.407
   7.555 15.555 35.405  0.000  0.000  0.000  0.000 13.683   0.42
 613771721 0 0 1 222810.722722811.7617
 14.533  0.200-21.790-21.998 19.189 33.277 35.405  6.751-21.790
  19.189 35.405  6.756  0.000  2.631  0.000-15.284 14.535   0.20
 621772111 8 614 922818.882822819.6855
 13.733 -0.007-20.703-20.698-29.997-19.751  1.101  2.225-21.362
 -31.273 16.195 24.315  2.501  3.076-10.343  7.452 11.772  -0.21
 621772111 8 614 922818.882822819.6855
 14.344 -0.087-20.768-20.698-30.488-19.751  0.117  2.225-21.362
 -31.273 16.195 24.315  2.501  3.076-10.343  7.452 11.772  -0.21
 621772111 8 614 922818.882822819.6855
 14.599 -0.095-20.945-20.868-31.008-20.066  3.264  1.126-21.362
 -31.273 16.195 24.315  2.501  3.076-10.343  7.452 11.772  -0.21
 621772111 8 614 922818.882822819.6855
 14.204  0.056-20.733-20.778-31.537-20.912  2.706  8.583-21.362
 -31.273 16.195 24.315  2.501  3.076-10.343  7.452 11.772  -0.21
 621772111 8 614 922818.882822819.6855
 14.534  0.143-20.903-21.018-34.827-23.937  0.050  0.535-21.362
 -31.273 16.195 24.315  2.501  3.076-10.343  7.452 11.772  -0.21
 621772111 8 614 922818.882822819.6855
 13.993 -0.313-21.316-21.064-35.456-25.001  0.281  0.050-21.362
 -31.273 16.195 24.315  2.501  3.076-10.343  7.452 11.772  -0.21
 621772111 0 0 1 322818.882822819.6855
 14.679 -0.104 19.755 19.671-25.565-14.558  4.585  2.557 19.755
 -25.565  4.585  3.551  0.000  3.547  0.000 45.387 13.754   0.78
 622771628 6 3 91522819.685522820.7246
 13.655  0.148-20.652-20.806-19.096 -5.928  0.050  0.050-21.191
 -22.603 24.315 22.545  5.577 -1.198  7.452 12.658 15.739   0.51
 622771628 6 3 91522819.685522820.7246
 13.803  0.213-20.698-20.919-19.751 -6.429  2.225  2.634-21.191
 -22.603 24.315 22.545  5.577 -1.198  7.452 12.658 15.739   0.51
 622771628 6 3 91522819.685522820.7246
 13.452  0.186-20.868-21.062-20.066 -7.109  1.126  4.208-21.191
 -22.603 24.315 22.545  5.577 -1.198  7.452 12.658 15.739   0.51
 622771628 6 3 91522819.685522820.7246
 13.693  0.366-20.778-21.159-20.912 -7.704  8.583  0.808-21.191
 -22.603 24.315 22.545  5.577 -1.198  7.452 12.658 15.739   0.51
 622771628 6 3 91522819.685522820.7246
 13.752  0.479-21.064-21.561-25.001-11.733  0.050  0.270-21.191
 -22.603 24.315 22.545  5.577 -1.198  7.452 12.658 15.739   0.51
 622771628 6 3 91522819.685522820.7246
 13.501  0.340-21.652-22.005-26.212-13.204  9.455  2.809-21.191
 -22.603 24.315 22.545  5.577 -1.198  7.452 12.658 15.739   0.51
 622771628 1 2 3 122819.685522820.7246
 14.168 -0.480 19.671 19.173-14.558 -0.857  2.557  3.246 20.377
 -15.301  3.551  3.246  3.547 -3.547 45.387  0.000 14.884  -1.16
 623771723 8 715 822820.724622821.6875
 14.910 -0.170-21.254-21.091 -4.051  9.347  0.050  7.566-21.719
  -7.270 22.545 23.534  4.379 -1.057 12.658 10.006 15.992  -0.29
 623771723 8 715 822820.724622821.6875
 14.631 -0.243-21.647-21.413 -4.375  8.754  1.397  1.824-21.719
  -7.270 22.545 23.534  4.379 -1.057 12.658 10.006 15.992  -0.29
 623771723 8 715 822820.724622821.6875
 15.385 -0.421-21.818-21.413 -5.100  8.754  4.249  1.824-21.719
  -7.270 22.545 23.534  4.379 -1.057 12.658 10.006 15.992  -0.29
 623771723 8 715 822820.724622821.6875
 14.764 -0.088-20.919-20.834 -6.429  6.828  2.634  2.398-21.719
  -7.270 22.545 23.534  4.379 -1.057 12.658 10.006 15.992  -0.29
 623771723 8 715 822820.724622821.6875
 15.471 -0.237-21.062-20.834 -7.109  6.828  4.208  2.398-21.719
  -7.270 22.545 23.534  4.379 -1.057 12.658 10.006 15.992  -0.29
 623771723 8 715 822820.724622821.6875
 14.952 -0.072-21.159-21.090 -7.704  5.735  0.808  1.596-21.719
  -7.270 22.545 23.534  4.379 -1.057 12.658 10.006 15.992  -0.29
 623771723 8 715 822820.724622821.6875
 14.567 -0.127-22.905-22.783 -8.240  4.828  0.253  5.108-21.719
  -7.270 22.545 23.534  4.379 -1.057 12.658 10.006 15.992  -0.29
 623771723 8 715 822820.724622821.6875
 14.875 -0.070-22.850-22.783 -8.536  4.828  3.641  5.108-21.719
  -7.270 22.545 23.534  4.379 -1.057 12.658 10.006 15.992  -0.29
 623771723 0 0 1 122820.724622821.6875
 13.837 -0.096 19.173 19.081 -0.857 11.509  3.246  0.450 19.173
  -0.857  3.246  0.450  0.000  0.000  0.000  0.000 13.837  -0.10
 624771629 4 4 81422821.687522822.7266
 14.655 -0.034-21.091-21.056  9.347 23.554  7.566  7.122-21.443
   7.169 23.534 35.733  3.321  0.344 10.006 -2.659 13.993  -0.29
 624771629 4 4 81422821.687522822.7266
 14.704  0.058-20.353-20.413  8.663 22.921  0.474  0.135-21.443
   7.169 23.534 35.733  3.321  0.344 10.006 -2.659 13.993  -0.29
 624771629 4 4 81422821.687522822.7266
 14.255 -0.210-20.834-20.616  6.828 20.620  2.398  0.632-21.443
   7.169 23.534 35.733  3.321  0.344 10.006 -2.659 13.993  -0.29
 624771629 4 4 81422821.687522822.7266
 14.410 -0.314-21.110-20.784  6.039 19.992  4.519 21.130-21.443
   7.169 23.534 35.733  3.321  0.344 10.006 -2.659 13.993  -0.29
 624771629 4 4 81422821.687522822.7266
 14.703 -0.295-21.090-20.784  5.735 19.992  1.596 21.130-21.443
   7.169 23.534 35.733  3.321  0.344 10.006 -2.659 13.993  -0.29
 624771629 3 6 91522821.687522822.7266
 12.820 -0.065 14.548 14.481-54.859-42.559  3.594  0.503 15.299
 -53.457 92.784 52.356  4.730  0.636 20.178 18.776 14.407  -0.35
 624771629 3 6 91522821.687522822.7266
 13.320 -0.123 15.266 15.138-56.050-43.230  5.081  0.625 15.299
 -53.457 92.784 52.356  4.730  0.636 20.178 18.776 14.407  -0.35
 624771629 3 6 91522821.687522822.7266
 13.603 -0.129 16.086 15.952-57.464-44.350  3.278  3.205 15.299
 -53.457 92.784 52.356  4.730  0.636 20.178 18.776 14.407  -0.35
 624771629 3 6 91522821.687522822.7266
 13.293 -0.034 16.617 16.581-56.155-43.363 26.486  5.448 15.299
 -53.457 92.784 52.356  4.730  0.636 20.178 18.776 14.407  -0.35
 624771629 3 6 91522821.687522822.7266
 12.977  0.044 17.476 17.521-54.884-42.420  1.114  0.290 15.299
 -53.457 92.784 52.356  4.730  0.636 20.178 18.776 14.407  -0.35
 625771725 7 714 822822.726622823.7305
 14.446 -0.298-21.627-21.328 25.198 38.721  0.001  2.054-21.140
  20.688 35.733  8.709  3.666  1.753 -2.659 -9.781 14.573  -0.54
 625771725 7 714 822822.726622823.7305
 14.937 -0.756-22.087-21.328 24.706 38.721  0.050  2.054-21.140
  20.688 35.733  8.709  3.666  1.753 -2.659 -9.781 14.573  -0.54
 625771725 7 714 822822.726622823.7305
 15.218 -0.385-21.056-20.670 23.554 37.851  7.122  0.050-21.140
  20.688 35.733  8.709  3.666  1.753 -2.659 -9.781 14.573  -0.54
 625771725 7 714 822822.726622823.7305
 14.873 -0.307-20.978-20.670 23.900 37.851  0.050  0.050-21.140
  20.688 35.733  8.709  3.666  1.753 -2.659 -9.781 14.573  -0.54
 625771725 7 714 822822.726622823.7305
 14.767 -0.303-22.181-21.877 19.692 33.537  1.009  0.050-21.140
  20.688 35.733  8.709  3.666  1.753 -2.659 -9.781 14.573  -0.54
 625771725 7 714 822822.726622823.7305
 14.692 -0.474-22.129-21.653 18.698 32.467  0.643  0.585-21.140
  20.688 35.733  8.709  3.666  1.753 -2.659 -9.781 14.573  -0.54
 625771725 7 714 822822.726622823.7305
 14.497 -0.663-19.939-19.273 18.661 32.235  0.050  0.050-21.140
  20.688 35.733  8.709  3.666  1.753 -2.659 -9.781 14.573  -0.54
 625771725 7 714 822822.726622823.7305
 15.265 -0.748-22.404-21.653 18.122 32.467  1.939  0.585-21.140
  20.688 35.733  8.709  3.666  1.753 -2.659 -9.781 14.573  -0.54
 625771725 411151222822.726622823.7305
 13.279 -0.149 14.680 14.530-38.118-25.768 31.252 18.944 14.938
 -39.507 52.356 40.401  5.366 -0.597 18.776 18.953 12.948  -0.01
 625771725 411151222822.726622823.7305
 12.982 -0.282 13.300 13.017-37.989-25.937  0.412  0.286 14.938
 -39.507 52.356 40.401  5.366 -0.597 18.776 18.953 12.948  -0.01
 625771725 411151222822.726622823.7305
 13.158  0.093 13.539 13.633-37.856-25.627  0.528  3.555 14.938
 -39.507 52.356 40.401  5.366 -0.597 18.776 18.953 12.948  -0.01
 625771725 411151222822.726622823.7305
 13.649 -0.138 13.771 13.633-38.350-25.627  6.679  3.555 14.938
 -39.507 52.356 40.401  5.366 -0.597 18.776 18.953 12.948  -0.01
 625771725 411151222822.726622823.7305
 13.179  0.015 15.952 15.967-44.350-32.100  3.205  3.259 14.938
 -39.507 52.356 40.401  5.366 -0.597 18.776 18.953 12.948  -0.01
 625771725 411151222822.726622823.7305
 13.444 -0.144 16.581 16.436-43.363-30.847  5.448  1.498 14.938
 -39.507 52.356 40.401  5.366 -0.597 18.776 18.953 12.948  -0.01
 625771725 411151222822.726622823.7305
 13.406 -0.212 16.292 16.079-42.344-29.866  2.110  4.722 14.938
 -39.507 52.356 40.401  5.366 -0.597 18.776 18.953 12.948  -0.01
 625771725 411151222822.726622823.7305
 13.249 -0.313 14.481 14.166-42.559-30.239  0.503  0.050 14.938
 -39.507 52.356 40.401  5.366 -0.597 18.776 18.953 12.948  -0.01
 626771730 3 5 8 722823.730522824.7207
 15.684  1.246-20.286-21.521 35.722 50.294  0.050  2.094-20.596
  34.337  8.709 23.396  5.419 -1.812 -9.781-26.127 14.505   0.61
 626771730 3 5 8 722823.730522824.7207
 15.324  0.883-19.273-20.148 32.235 46.450  0.050  1.504-20.596
  34.337  8.709 23.396  5.419 -1.812 -9.781-26.127 14.505   0.61
 626771730 5 7121522823.730522824.7207
 14.896  0.144 13.633 13.776-25.627-11.837  3.555  3.686 14.925
 -27.489 40.401 28.924  4.768  1.119 18.953 14.826 14.855   0.02
 626771730 5 7121522823.730522824.7207
 15.079  0.164 14.530 14.692-25.768-11.796 18.944 14.444 14.925
 -27.489 40.401 28.924  4.768  1.119 18.953 14.826 14.855   0.02
 626771730 5 7121522823.730522824.7207
 14.873  0.306 13.809 14.112-25.083-11.315  2.042  0.727 14.925
 -27.489 40.401 28.924  4.768  1.119 18.953 14.826 14.855   0.02
 626771730 5 7121522823.730522824.7207
 14.486  0.197 13.017 13.212-25.937-12.553  0.286  0.584 14.925
 -27.489 40.401 28.924  4.768  1.119 18.953 14.826 14.855   0.02
 626771730 5 7121522823.730522824.7207
 15.134  0.058 16.079 16.137-29.866-15.839  4.722  0.260 14.925
 -27.489 40.401 28.924  4.768  1.119 18.953 14.826 14.855   0.02
 626771730 5 7121522823.730522824.7207
 15.048  0.255 14.987 15.239-29.966-16.025  3.799  0.050 14.925
 -27.489 40.401 28.924  4.768  1.119 18.953 14.826 14.855   0.02
 626771730 5 7121522823.730522824.7207
 15.221  0.080 15.967 16.046-32.100-17.988  3.259  5.762 14.925
 -27.489 40.401 28.924  4.768  1.119 18.953 14.826 14.855   0.02
 626771730 5 7121522823.730522824.7207
 15.199  0.063 16.881 16.944-31.481-17.390  0.724  0.050 14.925
 -27.489 40.401 28.924  4.768  1.119 18.953 14.826 14.855   0.02
 626771730 5 7121522823.730522824.7207
 14.952  0.135 16.436 16.570-30.847-17.000  1.498  0.050 14.925
 -27.489 40.401 28.924  4.768  1.119 18.953 14.826 14.855   0.02
 7 57717 7 0 0 1 122832.714822833.7773
 13.710 -0.125-20.045-19.913-52.763-39.236  6.258  8.623-20.045
 -52.763  6.258  8.623  0.000  0.000  0.000  0.000 13.710  -0.12
 7 57717 7 1 4 5 522832.714822833.7773
 13.964  0.069 21.473 21.546 39.728 53.525  0.050  0.050 21.590
  41.208 18.275 14.591  3.521  0.842-22.959-34.407 13.662  -0.64
 7 57717 7 1 4 5 522832.714822833.7773
 14.479  0.274 22.109 22.400 42.525 56.869 11.376  3.013 21.590
  41.208 18.275 14.591  3.521  0.842-22.959-34.407 13.662  -0.64
 7 6771837 0 0 1 122833.777322834.7637
 13.504 -0.213-19.913-19.703-39.236-26.868  8.623 17.274-19.913
 -39.236  8.623 17.274  0.000  0.000  0.000  0.000 13.504  -0.21
 7 7771820 0 0 1 122834.763722835.6953
 14.516  0.361-19.703-20.038-26.868-14.261 17.274  7.622-19.703
 -26.868 17.274  7.622  0.000  0.000  0.000  0.000 14.516   0.36
 7 8771641 0 0 1 122835.695322836.7930
 14.310 -0.035-20.038-20.000-14.261  0.375  7.622  8.619-20.038
 -14.261  7.622  8.619  0.000  0.000  0.000  0.000 14.310  -0.04
 7 97719 2 0 0 1 222836.793022837.7129
 14.619 -0.424-20.000-19.609  0.375 12.916  8.619  3.107-20.000
   0.375  8.619  3.157  0.000  0.607  0.000 68.921 14.615  -0.41
 7227716 0 0 0 1 122849.668022850.7500
 13.693 -0.248 15.620 15.351-42.271-28.496  4.642 11.008 15.620
 -42.271  4.642 11.008  0.000  0.000  0.000  0.000 13.693  -0.25
 7237718 0 0 0 1 222850.750022851.6563
 14.341  0.111 15.351 15.451-28.496-16.395 11.008  0.179 15.351
 -28.496 11.008  0.799  0.000  0.246  0.000 79.389 14.381  -0.10
 724771545 3 2 5 422851.656322852.7070
 14.940 -0.480-24.831-24.327-32.122-17.463  0.347  0.050-24.150
 -31.262 12.848  5.205  4.491 -0.205 33.150 26.525 15.252  -0.02
 724771545 3 2 5 422851.656322852.7070
 15.493 -0.576-26.257-25.653-34.840-19.599  2.413  1.148-24.150
 -31.262 12.848  5.205  4.491 -0.205 33.150 26.525 15.252  -0.02
 724771545 1 1 2 322851.656322852.7070
 13.743  0.320 15.210 15.546-16.348 -2.945  0.620  4.562 15.264
 -16.359  0.799  7.694  0.246  0.132 79.389  8.042 13.602   0.29
 724771545 1 1 2 322851.656322852.7070
 13.571  0.436 15.451 15.909-16.395 -3.173  0.179  0.340 15.264
 -16.359  0.799  7.694  0.246  0.132 79.389  8.042 13.602   0.29
 724771545 1 2 3 522851.656322852.7070
 16.575  0.573 18.801 19.403 23.288 39.664  2.166  0.828 19.503
  24.501 12.862  7.852  2.551  0.934 -4.959-13.392 15.619   0.22
 725771657 1 2 3 122852.707022853.6992
 13.854  0.275 15.546 15.819 -2.945  9.841  4.562  3.713 15.567
  -3.103  7.694  3.713  0.378 -0.378  8.042  0.000 14.013   0.25
 725771657 1 2 3 122852.707022853.6992
 14.083 -0.091 15.909 15.819 -3.173  9.841  0.340  3.713 15.567
  -3.103  7.694  3.713  0.378 -0.378  8.042  0.000 14.013   0.25
 725771657 1 2 3 122852.707022853.6992
 14.265  0.259 15.561 15.819 -3.353  9.841  2.792  3.713 15.567
  -3.103  7.694  3.713  0.378 -0.378  8.042  0.000 14.013   0.25
 726771647 0 0 1 122853.699222854.7051
 13.979  0.010 15.819 15.829  9.841 22.914  3.713  8.214 15.819
   9.841  3.713  8.214  0.000  0.000  0.000  0.000 13.979   0.01
 727771655 0 0 1 122854.705122855.6875
 14.590  0.399 15.829 16.221 22.914 36.290  8.214  2.910 15.829
  22.914  8.214  2.910  0.000  0.000  0.000  0.000 14.590   0.40
 8 4771922 510151822862.808622863.7520
 14.015 -0.365 26.714 26.370-43.544-31.231  7.716  1.178 26.007
 -46.121 32.502 29.827  3.627 -0.597 10.147 16.743 15.503  -1.94
 8 4771922 510151822862.808622863.7520
 13.995 -0.646 24.215 23.606-43.817-31.523  0.050 16.326 26.007
 -46.121 32.502 29.827  3.627 -0.597 10.147 16.743 15.503  -1.94
 8 4771922 510151822862.808622863.7520
 13.290 -0.414 23.845 23.453-43.787-32.160  4.285  2.439 26.007
 -46.121 32.502 29.827  3.627 -0.597 10.147 16.743 15.503  -1.94
 8 4771922 510151822862.808622863.7520
 13.712 -0.664 23.983 23.356-44.644-32.618  0.175  1.637 26.007
 -46.121 32.502 29.827  3.627 -0.597 10.147 16.743 15.503  -1.94
 8 4771922 510151822862.808622863.7520
 13.913 -0.527 25.400 24.902-45.272-33.056  1.291  1.369 26.007
 -46.121 32.502 29.827  3.627 -0.597 10.147 16.743 15.503  -1.94
 8 4771922 510151822862.808622863.7520
 13.984 -0.315 24.870 24.573-47.577-35.294  0.050  2.320 26.007
 -46.121 32.502 29.827  3.627 -0.597 10.147 16.743 15.503  -1.94
 8 4771922 510151822862.808622863.7520
 14.114 -0.531 25.293 24.791-48.293-35.887  0.753  0.129 26.007
 -46.121 32.502 29.827  3.627 -0.597 10.147 16.743 15.503  -1.94
 8 4771922 510151822862.808622863.7520
 13.766 -0.552 25.270 24.749-48.955-36.877  2.555  0.050 26.007
 -46.121 32.502 29.827  3.627 -0.597 10.147 16.743 15.503  -1.94
 8 4771922 510151822862.808622863.7520
 13.739 -0.520 26.393 25.903-48.395-36.344  2.260  2.025 26.007
 -46.121 32.502 29.827  3.627 -0.597 10.147 16.743 15.503  -1.94
 8 4771922 510151822862.808622863.7520
 13.378 -0.447 27.412 26.991-47.223-35.513  5.004  0.050 26.007
 -46.121 32.502 29.827  3.627 -0.597 10.147 16.743 15.503  -1.94
 8 57718 3 513181322863.752022864.7461
 13.681 -0.347 25.945 25.600-31.149-18.517  1.812  3.712 24.174
 -32.404 29.827 46.985  3.030  0.901 16.743 12.139 13.066  -0.04
 8 57718 3 513181322863.752022864.7461
 13.811 -0.032 24.573 24.540-35.294-22.533  2.320  6.575 24.174
 -32.404 29.827 46.985  3.030  0.901 16.743 12.139 13.066  -0.04
 8 57718 3 513181322863.752022864.7461
 14.407 -0.252 24.791 24.540-35.887-22.533  0.129  6.575 24.174
 -32.404 29.827 46.985  3.030  0.901 16.743 12.139 13.066  -0.04
 8 57718 3 513181322863.752022864.7461
 14.164  0.039 24.749 24.788-36.877-23.765  0.050  2.579 24.174
 -32.404 29.827 46.985  3.030  0.901 16.743 12.139 13.066  -0.04
 8 57718 3 513181322863.752022864.7461
 13.894 -0.218 24.622 24.405-37.743-24.900  0.133  2.909 24.174
 -32.404 29.827 46.985  3.030  0.901 16.743 12.139 13.066  -0.04
 8 57718 3 513181322863.752022864.7461
 14.211 -0.182 24.902 24.721-33.056-19.898  1.369  0.050 24.174
 -32.404 29.827 46.985  3.030  0.901 16.743 12.139 13.066  -0.04
 8 6771755 5 8131422864.746122865.7500
 13.723  0.055 25.243 25.298-19.187 -6.390  2.768  1.089 24.136
 -20.384 46.985 17.153  3.931  0.033 12.139 17.061 14.155  -0.13
 8 6771755 5 8131422864.746122865.7500
 13.402  0.239 24.721 24.961-19.898 -7.423  0.050  0.050 24.136
 -20.384 46.985 17.153  3.931  0.033 12.139 17.061 14.155  -0.13
 8 6771755 5 8131422864.746122865.7500
 13.725  0.094 24.225 24.319-21.184 -8.384  5.288  0.674 24.136
 -20.384 46.985 17.153  3.931  0.033 12.139 17.061 14.155  -0.13
 8 6771755 5 8131422864.746122865.7500
 13.839  0.080 24.540 24.621-22.533 -9.619  6.575  0.050 24.136
 -20.384 46.985 17.153  3.931  0.033 12.139 17.061 14.155  -0.13
 8 6771755 5 8131422864.746122865.7500
 13.626 -0.044 24.970 24.926-22.839-10.139  1.698  1.599 24.136
 -20.384 46.985 17.153  3.931  0.033 12.139 17.061 14.155  -0.13
 8 6771755 5 8131422864.746122865.7500
 13.786  0.372 24.405 24.779-24.900-12.039  2.909  0.737 24.136
 -20.384 46.985 17.153  3.931  0.033 12.139 17.061 14.155  -0.13
 8 6771755 5 8131422864.746122865.7500
 14.195  0.010 24.566 24.576-26.327-13.056  0.183  0.050 24.136
 -20.384 46.985 17.153  3.931  0.033 12.139 17.061 14.155  -0.13
 8 77718 0 410141522865.750022866.7930
 13.741  0.050 23.023 23.074 -5.773  7.539  9.013 17.307 24.006
  -7.153 17.153 24.821  3.964 -1.096 17.061 36.038 14.430  -0.31
 8 77718 0 410141522865.750022866.7930
 14.496  0.087 25.810 25.900 -6.656  7.443  1.351  1.087 24.006
  -7.153 17.153 24.821  3.964 -1.096 17.061 36.038 14.430  -0.31
 8 77718 0 410141522865.750022866.7930
 13.897 -0.009 24.961 24.952 -7.423  6.051  0.050  2.400 24.006
  -7.153 17.153 24.821  3.964 -1.096 17.061 36.038 14.430  -0.31
 8 77718 0 410141522865.750022866.7930
 13.780 -0.099 24.503 24.399 -8.624  4.729  0.913  1.328 24.006
  -7.153 17.153 24.821  3.964 -1.096 17.061 36.038 14.430  -0.31
 8 77718 0 410141522865.750022866.7930
 14.143  0.238 25.897 26.145 -8.792  4.939  0.050  0.050 24.006
  -7.153 17.153 24.821  3.964 -1.096 17.061 36.038 14.430  -0.31
 8 77718 0 410141522865.750022866.7930
 14.434 -0.055 24.621 24.563 -9.619  4.415  0.050  0.774 24.006
  -7.153 17.153 24.821  3.964 -1.096 17.061 36.038 14.430  -0.31
 8 77718 0 410141522865.750022866.7930
 13.901  0.310 25.230 25.554-10.711  2.767  0.305  0.314 24.006
  -7.153 17.153 24.821  3.964 -1.096 17.061 36.038 14.430  -0.31
 8 77718 0 410141522865.750022866.7930
 14.493  0.175 25.371 25.554-11.329  2.767  0.636  0.314 24.006
  -7.153 17.153 24.821  3.964 -1.096 17.061 36.038 14.430  -0.31
 8 77718 0 410141522865.750022866.7930
 14.379  0.254 24.779 25.044-12.039  1.938  0.737  0.140 24.006
  -7.153 17.153 24.821  3.964 -1.096 17.061 36.038 14.430  -0.31
 8 77718 0 410141522865.750022866.7930
 14.225  0.098 24.576 24.678-13.056  0.761  0.050  0.050 24.006
  -7.153 17.153 24.821  3.964 -1.096 17.061 36.038 14.430  -0.31
 811771912 1 3 4 122869.800822870.7285
 14.504  0.153 23.130 23.272 46.643 59.191 13.609 14.922 23.399
  46.274 15.367 14.922  3.778 -3.778 38.444  0.000 14.901  -0.14
 812771728 3 2 5 422870.728522871.7031
 14.501 -0.395 26.955 26.570-55.474-42.290 11.886  2.638 27.424
 -56.044 16.863  8.844  3.434  1.536-17.502  3.253 12.181  -0.61
 813771652 1 2 3 322871.703122872.7324
 13.970 -0.239 19.849 19.602-21.310 -7.923  1.773  0.044 19.863
 -19.864  4.314  0.217  2.461  1.919  3.199 -6.680 14.049   0.17
 813771652 1 2 3 322871.703122872.7324
 13.844 -0.294 20.343 20.040-20.555 -7.297  0.364  0.124 19.863
 -19.864  4.314  0.217  2.461  1.919  3.199 -6.680 14.049   0.17
 813771652 3 1 41022871.703122872.7324
 15.338  0.390 26.570 26.971-42.290-27.493  2.638  2.709 26.826
 -45.122  8.844  5.730  4.970 -0.399  3.253 36.323 16.379   1.33
 813771652 3 1 41022871.703122872.7324
 15.127  0.384 26.909 27.304-41.815-27.236  1.273  0.050 26.826
 -45.122  8.844  5.730  4.970 -0.399  3.253 36.323 16.379   1.33
 824771547 3 5 81322882.658222883.8086
 13.773  0.260-24.836-25.135-14.806 -0.095  0.050  0.146-25.247
 -14.234 38.423 26.234  4.058  2.654 10.682 10.544 14.413   0.20
 824771547 3 5 81322882.658222883.8086
 13.927  0.157-25.288-25.468-15.388 -0.499  5.983  3.661-25.247
 -14.234 38.423 26.234  4.058  2.654 10.682 10.544 14.413   0.20
 824771547 3 5 81322882.658222883.8086
 13.471  0.551-25.222-25.855-17.585 -3.221  7.104  0.340-25.247
 -14.234 38.423 26.234  4.058  2.654 10.682 10.544 14.413   0.20
 824771547 3 5 81322882.658222883.8086
 13.622  0.430-25.710-26.205-18.204 -3.666  0.602  1.356-25.247
 -14.234 38.423 26.234  4.058  2.654 10.682 10.544 14.413   0.20
 825771922 0 0 1 422883.808622884.7148
 14.376 -0.352 26.400 26.081 18.851 31.000  2.356  4.488 26.400
  18.851  2.356  5.635  0.000  0.908  0.000 52.544 14.294  -0.18
 8267717 8 3 1 4 622884.714822885.7637
 14.705 -0.310 26.081 25.756 31.000 45.410  4.488  1.654 26.236
  30.926  5.635  9.145  0.908  1.548 52.544 -8.251 15.503  -0.24
 8267717 8 3 1 4 622884.714822885.7637
 14.883 -0.612 26.769 26.127 33.084 47.682  0.050  2.803 26.236
  30.926  5.635  9.145  0.908  1.548 52.544 -8.251 15.503  -0.24
 8267717 8 3 1 4 622884.714822885.7637
 14.550 -0.447 27.289 26.820 32.643 46.891  0.050  0.050 26.236
  30.926  5.635  9.145  0.908  1.548 52.544 -8.251 15.503  -0.24
 827771821 4 9131322885.763722886.6738
 14.163 -0.310-24.924-24.642 31.862 43.836  5.059  6.222-25.458
  26.995 20.903 51.306  8.145 -1.469 13.852 12.541 12.757  -0.45
 827771821 4 9131322885.763722886.6738
 14.255 -0.673-25.122-24.511 30.984 43.042  1.968  0.050-25.458
  26.995 20.903 51.306  8.145 -1.469 13.852 12.541 12.757  -0.45
 827771821 4 9131322885.763722886.6738
 13.793 -0.345-24.535-24.221 28.583 40.220  5.553  0.382-25.458
  26.995 20.903 51.306  8.145 -1.469 13.852 12.541 12.757  -0.45
 827771821 4 9131322885.763722886.6738
 14.064 -0.300-25.738-25.466 24.853 36.737  0.141  1.295-25.458
  26.995 20.903 51.306  8.145 -1.469 13.852 12.541 12.757  -0.45
 827771821 4 9131322885.763722886.6738
 14.133 -0.527-26.205-25.726 24.168 36.115  0.138  1.042-25.458
  26.995 20.903 51.306  8.145 -1.469 13.852 12.541 12.757  -0.45
 827771821 4 9131322885.763722886.6738
 14.505 -0.387-26.129-25.777 23.334 35.618  1.170  1.520-25.458
  26.995 20.903 51.306  8.145 -1.469 13.852 12.541 12.757  -0.45
 827771821 4 9131322885.763722886.6738
 14.042 -0.551-26.743-26.242 20.169 32.033  3.856 14.089-25.458
  26.995 20.903 51.306  8.145 -1.469 13.852 12.541 12.757  -0.45
 827771821 4 2 6 722885.763722886.6738
 13.569  0.774 25.876 26.579 44.959 56.394  3.842  8.660 25.980
  46.174  9.145 16.498  2.456  1.058 -8.251-10.270 14.205   1.00
 827771821 4 2 6 722885.763722886.6738
 13.073  0.906 25.756 26.579 45.410 56.394  1.654  8.660 25.980
  46.174  9.145 16.498  2.456  1.058 -8.251-10.270 14.205   1.00
 827771821 4 2 6 722885.763722886.6738
 13.740  0.768 26.127 26.825 47.682 59.272  2.803  0.179 25.980
  46.174  9.145 16.498  2.456  1.058 -8.251-10.270 14.205   1.00
 827771821 4 2 6 722885.763722886.6738
 13.865  0.843 26.389 27.155 48.351 60.054  0.746  4.960 25.980
  46.174  9.145 16.498  2.456  1.058 -8.251-10.270 14.205   1.00
 8287716 8 3 2 5 322886.673822887.7500
 13.406 -0.108-30.618-30.502-17.868 -4.494  8.200  4.124-30.932
 -19.919 18.232  6.828  3.259  0.888 10.065 12.134 13.694  -0.13
 8287716 8 3 2 5 322886.673822887.7500
 12.926 -0.245-30.415-30.151-18.390 -5.532  0.050  0.283-30.932
 -19.919 18.232  6.828  3.259  0.888 10.065 12.134 13.694  -0.13
 831771742 0 0 1 722889.738322890.6660
 13.457 -0.207 16.431 16.239-36.693-25.117  0.185  0.753 16.431
 -36.693  0.185  6.846  0.000  2.638  0.000 -5.455 14.780  -0.12
 9 1771558 2 5 7 322890.666022891.9141
 13.773 -0.328 15.786 15.376-25.056 -9.084  1.670 11.310 16.324
 -23.890  6.846 22.340  2.638  1.405 -5.455-11.482 14.051  -0.47
 9 1771558 2 5 7 322890.666022891.9141
 13.822 -0.691 16.239 15.376-25.117 -9.084  0.753 11.310 16.324
 -23.890  6.846 22.340  2.638  1.405 -5.455-11.482 14.051  -0.47
 9 1771558 2 5 7 322890.666022891.9141
 14.076 -0.602 16.128 15.376-25.434 -9.084  0.050 11.310 16.324
 -23.890  6.846 22.340  2.638  1.405 -5.455-11.482 14.051  -0.47
 9 1771558 2 5 7 322890.666022891.9141
 13.685 -0.724 16.598 15.694-25.344 -9.482  0.456  2.434 16.324
 -23.890  6.846 22.340  2.638  1.405 -5.455-11.482 14.051  -0.47
 9 1771558 1 4 5 822890.666022891.9141
 13.355  0.375 25.185 25.653-48.730-33.280 12.714  3.058 25.175
 -49.964 21.360 27.367  2.759  2.336 -0.498 17.093 13.146  -0.27
 9 1771558 1 4 5 822890.666022891.9141
 12.951  0.065 24.759 24.839-50.882-35.936  4.810  0.050 25.175
 -49.964 21.360 27.367  2.759  2.336 -0.498 17.093 13.146  -0.27
 9 1771558 1 4 5 822890.666022891.9141
 13.296  0.486 24.972 25.579-51.322-35.947  2.070  0.625 25.175
 -49.964 21.360 27.367  2.759  2.336 -0.498 17.093 13.146  -0.27
 9 1771558 1 4 5 822890.666022891.9141
 13.255  0.429 26.046 26.581-54.335-39.009  1.486  2.472 25.175
 -49.964 21.360 27.367  2.759  2.336 -0.498 17.093 13.146  -0.27
 9 2772156 1 2 3 422891.914122892.8516
 14.752  0.560 16.237 16.762 -5.039  7.872  8.595  1.734 15.742
  -7.571 22.340  4.155  4.043  0.511-11.482-17.663 15.674   0.49
 9 2772156 1 2 3 422891.914122892.8516
 14.160  0.511 15.694 16.173 -9.482  2.873  2.434  0.050 15.742
  -7.571 22.340  4.155  4.043  0.511-11.482-17.663 15.674   0.49
 9 3772026 0 0 1 122892.851622893.7598
 13.919 -0.398 24.401 24.040-19.688 -7.928  3.741  6.748 24.401
 -19.688  3.741  6.748  0.000  0.000  0.000  0.000 13.919  -0.40
 9 3772026 0 0 1 122892.851622893.7598
 14.063  0.295 26.415 26.684-26.570-14.679  0.133  0.050 26.415
 -26.570  0.133  0.050  0.000  0.000  0.000  0.000 14.063   0.30
 9 3772026 2 2 4 122892.851622893.7598
 14.702  0.111 16.510 16.611  7.523 19.995  1.005  5.717 16.198
   6.203  4.155  5.717  4.554 -4.554-17.663  0.000 16.154   0.45
 9 3772026 2 2 4 122892.851622893.7598
 14.318 -0.166 16.762 16.611  7.872 19.995  1.734  5.717 16.198
   6.203  4.155  5.717  4.554 -4.554-17.663  0.000 16.154   0.45
 9 4771815 0 0 1 122893.759822894.7852
 14.208  0.300 16.611 16.918 19.995 33.543  5.717  2.760 16.611
  19.995  5.717  2.760  0.000  0.000  0.000  0.000 14.208   0.30
 9 4771815 0 0 1 122893.759822894.7852
 13.767 -0.281 24.040 23.752 -7.928  5.169  6.748  9.179 24.040
  -7.928  6.748  9.179  0.000  0.000  0.000  0.000 13.767  -0.28
 9 5771850 0 0 1 122894.785222895.7637
 14.038  0.225 23.752 23.972  5.169 17.962  9.179  5.995 23.752
   5.169  9.179  5.995  0.000  0.000  0.000  0.000 14.038   0.22
 9 6771821 0 0 1 322895.763722896.8027
 13.975  0.147 23.972 24.125 17.962 31.441  5.995  9.525 23.972
  17.962  5.995 10.111  0.000  2.345  0.000 -2.544 13.831   0.14
 9 6771821 0 0 1 222895.763722896.8027
 13.607  0.054 19.899 19.955-54.938-41.840  2.177  4.981 19.899
 -54.938  2.177  5.198  0.000  4.661  0.000 22.837 13.423   0.13
 9 7771915 1 2 3 122896.802722897.7773
 13.759  0.252 24.125 24.371 31.441 43.908  9.525  9.108 24.119
  31.292 10.111  9.108  2.345 -2.345 -2.544  0.000 13.912   0.26
 9 8771840 0 0 1 122897.777322898.7734
 14.378 -0.987 24.371 23.389 43.908 57.238  9.108  6.371 24.371
  43.908  9.108  6.371  0.000  0.000  0.000  0.000 14.378  -0.99
 910771832 7 9161522899.771522900.9023
 14.447  0.098  5.911  6.022-46.643-31.421  2.889  0.349  8.082
 -49.584 70.361 50.607  4.763  0.286  2.605  4.374 14.848   0.34
 910771832 7 9161522899.771522900.9023
 14.337 -0.006  6.404  6.397-46.365-31.267  0.719  1.335  8.082
 -49.584 70.361 50.607  4.763  0.286  2.605  4.374 14.848   0.34
 910771832 7 9161522899.771522900.9023
 14.141  0.021  6.462  6.485-48.226-33.350  1.641  2.832  8.082
 -49.584 70.361 50.607  4.763  0.286  2.605  4.374 14.848   0.34
 910771832 7 9161522899.771522900.9023
 14.050  0.037  6.548  6.589-49.645-34.872  3.671  3.837  8.082
 -49.584 70.361 50.607  4.763  0.286  2.605  4.374 14.848   0.34
 910771832 7 9161522899.771522900.9023
 14.619 -0.110  6.297  6.173-50.651-35.234  6.237  1.094  8.082
 -49.584 70.361 50.607  4.763  0.286  2.605  4.374 14.848   0.34
 910771832 7 9161522899.771522900.9023
 13.982  0.119  7.192  7.326-51.081-36.385  4.816  0.151  8.082
 -49.584 70.361 50.607  4.763  0.286  2.605  4.374 14.848   0.34
 910771832 7 9161522899.771522900.9023
 13.867  0.095  8.820  8.927-50.199-35.632  5.170  4.878  8.082
 -49.584 70.361 50.607  4.763  0.286  2.605  4.374 14.848   0.34
 910771832 7 9161522899.771522900.9023
 13.758  0.121  8.375  8.511-55.834-41.391  1.697  1.816  8.082
 -49.584 70.361 50.607  4.763  0.286  2.605  4.374 14.848   0.34
 910771832 7 9161522899.771522900.9023
 13.886 -0.274  8.821  8.511-55.979-41.391  0.613  1.816  8.082
 -49.584 70.361 50.607  4.763  0.286  2.605  4.374 14.848   0.34
 911772140 7 8151322900.902322901.8984
 15.287  0.080  6.022  6.101-31.421-17.167  0.349  1.340  8.472
 -33.909 50.607 44.459  5.049 -0.781  4.374  3.075 14.676  -0.32
 911772140 7 8151322900.902322901.8984
 14.837 -0.085  8.546  8.462-31.955-18.149 21.852 19.410  8.472
 -33.909 50.607 44.459  5.049 -0.781  4.374  3.075 14.676  -0.32
 911772140 7 8151322900.902322901.8984
 14.568  0.004  9.165  9.169-31.319-17.780  4.620  0.050  8.472
 -33.909 50.607 44.459  5.049 -0.781  4.374  3.075 14.676  -0.32
 911772140 7 8151322900.902322901.8984
 14.749 -0.060  6.485  6.425-33.350-19.631  2.832  3.296  8.472
 -33.909 50.607 44.459  5.049 -0.781  4.374  3.075 14.676  -0.32
 911772140 7 8151322900.902322901.8984
 14.603 -0.197  6.589  6.393-34.872-21.298  3.837  4.031  8.472
 -33.909 50.607 44.459  5.049 -0.781  4.374  3.075 14.676  -0.32
 911772140 7 8151322900.902322901.8984
 14.967  0.221  6.173  6.393-35.234-21.298  1.094  4.031  8.472
 -33.909 50.607 44.459  5.049 -0.781  4.374  3.075 14.676  -0.32
 911772140 7 8151322900.902322901.8984
 14.664  0.072  7.326  7.398-36.385-22.751  0.151  4.467  8.472
 -33.909 50.607 44.459  5.049 -0.781  4.374  3.075 14.676  -0.32
 911772140 7 8151322900.902322901.8984
 14.603  0.008  8.927  8.935-35.632-22.059  4.878  6.779  8.472
 -33.909 50.607 44.459  5.049 -0.781  4.374  3.075 14.676  -0.32
 911772140 7 8151322900.902322901.8984
 15.174  0.097  9.174  9.271-37.998-23.856  0.762  0.050  8.472
 -33.909 50.607 44.459  5.049 -0.781  4.374  3.075 14.676  -0.32
 911772140 7 8151322900.902322901.8984
 14.835  0.134 10.203 10.337-37.320-23.516  0.050  0.050  8.472
 -33.909 50.607 44.459  5.049 -0.781  4.374  3.075 14.676  -0.32
 911772140 3 2 5 722900.902322901.8984
 14.735 -0.340 17.030 16.691-29.564-15.860 10.997  1.629 16.790
 -26.639 19.429 19.344  6.494  0.021  4.726  4.421 13.707  -0.10
 911772140 3 2 5 722900.902322901.8984
 15.072 -0.139 16.080 15.941-25.395-11.355  1.834  0.470 16.790
 -26.639 19.429 19.344  6.494  0.021  4.726  4.421 13.707  -0.10
 911772140 3 2 5 722900.902322901.8984
 15.034 -0.058 16.616 16.559-22.019 -8.016  5.906  4.725 16.790
 -26.639 19.429 19.344  6.494  0.021  4.726  4.421 13.707  -0.10
 912772135 5 8131422901.898422902.7852
 13.965 -0.130  6.425  6.309-19.631 -8.128  3.296  1.155  8.154
 -20.263 44.459 57.846  4.267  0.584  3.075 -0.805 13.807   0.13
 912772135 5 8131422901.898422902.7852
 14.054 -0.151  8.462  8.328-18.149 -6.566 19.410 27.639  8.154
 -20.263 44.459 57.846  4.267  0.584  3.075 -0.805 13.807   0.13
 912772135 5 8131422901.898422902.7852
 13.672 -0.128  9.169  9.056-17.780 -6.536  0.050  2.108  8.154
 -20.263 44.459 57.846  4.267  0.584  3.075 -0.805 13.807   0.13
 912772135 5 8131422901.898422902.7852
 14.042 -0.177  6.393  6.236-21.298 -9.727  4.031  5.894  8.154
 -20.263 44.459 57.846  4.267  0.584  3.075 -0.805 13.807   0.13
 912772135 5 8131422901.898422902.7852
 13.999  0.085  6.831  6.906-22.234-10.700  0.121  0.891  8.154
 -20.263 44.459 57.846  4.267  0.584  3.075 -0.805 13.807   0.13
 912772135 5 8131422901.898422902.7852
 14.086 -0.195  7.398  7.225-22.751-11.141  4.467  1.862  8.154
 -20.263 44.459 57.846  4.267  0.584  3.075 -0.805 13.807   0.13
 912772135 5 8131422901.898422902.7852
 14.091 -0.242  8.935  8.721-22.059-10.444  6.779  7.421  8.154
 -20.263 44.459 57.846  4.267  0.584  3.075 -0.805 13.807   0.13
 912772135 5 8131422901.898422902.7852
 14.140 -0.279  9.441  9.194-23.504-11.845  2.600  2.579  8.154
 -20.263 44.459 57.846  4.267  0.584  3.075 -0.805 13.807   0.13
 912772135 5 8131422901.898422902.7852
 13.711 -0.054 10.121 10.073-25.241-13.963  2.215  0.835  8.154
 -20.263 44.459 57.846  4.267  0.584  3.075 -0.805 13.807   0.13
 912772135 5 8131422901.898422902.7852
 14.537 -0.087  9.271  9.194-23.856-11.845  0.050  2.579  8.154
 -20.263 44.459 57.846  4.267  0.584  3.075 -0.805 13.807   0.13
 913771851 0 0 1 222902.785222903.8008
 14.959  0.371 16.563 16.940  3.834 18.033 12.355  2.883 16.563
   3.834 12.355  3.452  0.000  0.348  0.000-43.403 14.916   0.33
 913771851 1 1 2 222902.785222903.8008
 14.308  0.228 16.517 16.749 -4.729  8.808  6.030  6.574 16.569
  -4.852  7.154  7.670  0.815  0.159 23.558 19.635 14.563   0.13
 913771851 1 1 2 222902.785222903.8008
 15.075 -0.093 16.843 16.749 -5.509  8.808  1.124  6.574 16.569
  -4.852  7.154  7.670  0.815  0.159 23.558 19.635 14.563   0.13
 913771851 5 9141622902.785222903.8008
 15.040  0.321  8.328  8.655 -6.566  7.715 27.639 23.057  8.272
  -8.900 57.846 58.184  4.852  0.855 -0.805  5.680 14.444   0.43
 913771851 5 9141622902.785222903.8008
 14.700  0.218  9.056  9.277 -6.536  7.400  2.108  3.995  8.272
  -8.900 57.846 58.184  4.852  0.855 -0.805  5.680 14.444   0.43
 913771851 5 9141622902.785222903.8008
 15.354  0.323  6.236  6.564 -9.727  4.873  5.894  3.642  8.272
  -8.900 57.846 58.184  4.852  0.855 -0.805  5.680 14.444   0.43
 913771851 5 9141622902.785222903.8008
 14.664  0.508  6.906  7.423-10.700  3.199  0.891  2.033  8.272
  -8.900 57.846 58.184  4.852  0.855 -0.805  5.680 14.444   0.43
 913771851 5 9141622902.785222903.8008
 15.098  0.195  7.225  7.423-11.141  3.199  1.862  2.033  8.272
  -8.900 57.846 58.184  4.852  0.855 -0.805  5.680 14.444   0.43
 913771851 5 9141622902.785222903.8008
 15.028  0.393  8.539  8.938-11.675  2.595  1.943  0.050  8.272
  -8.900 57.846 58.184  4.852  0.855 -0.805  5.680 14.444   0.43
 913771851 5 9141622902.785222903.8008
 15.089  0.097  8.721  8.819-10.444  3.886  7.421  8.522  8.272
  -8.900 57.846 58.184  4.852  0.855 -0.805  5.680 14.444   0.43
 913771851 5 9141622902.785222903.8008
 15.240  0.249  9.452  9.705-14.644 -0.160  5.244  3.117  8.272
  -8.900 57.846 58.184  4.852  0.855 -0.805  5.680 14.444   0.43
 913771851 5 9141622902.785222903.8008
 14.477  0.370  9.808 10.184-15.148 -1.439  0.174  6.593  8.272
  -8.900 57.846 58.184  4.852  0.855 -0.805  5.680 14.444   0.43
 927771756 2 3 5 922916.748022917.7695
 14.262  0.430 13.571 14.011-35.490-21.909 15.933  7.943 13.712
 -37.230 35.220 21.940  3.510  0.163  3.622 -8.406 13.851  -0.10
 927771756 2 3 5 922916.748022917.7695
 14.731  0.196 13.811 14.011-35.970-21.909  3.046  7.943 13.712
 -37.230 35.220 21.940  3.510  0.163  3.622 -8.406 13.851  -0.10
 927771756 2 3 5 922916.748022917.7695
 14.428  0.377 13.393 13.779-38.866-25.115  4.054  1.209 13.712
 -37.230 35.220 21.940  3.510  0.163  3.622 -8.406 13.851  -0.10
 927771756 2 3 5 922916.748022917.7695
 14.021  0.294 13.938 14.239-39.120-25.785  8.405  2.725 13.712
 -37.230 35.220 21.940  3.510  0.163  3.622 -8.406 13.851  -0.10
 927771756 2 3 5 922916.748022917.7695
 14.508  0.171 14.064 14.239-39.619-25.785  3.782  2.725 13.712
 -37.230 35.220 21.940  3.510  0.163  3.622 -8.406 13.851  -0.10
 927771756 2 3 5 322916.748022917.7695
 13.535  0.853 17.998 18.871 21.753 34.591  1.026  8.477 18.132
  23.277  8.211 12.213  2.003  1.466-17.933  6.964 13.132   0.60
 927771756 2 3 5 322916.748022917.7695
 13.004  1.145 17.700 18.871 22.296 34.591  2.529  8.477 18.132
  23.277  8.211 12.213  2.003  1.466-17.933  6.964 13.132   0.60
 927771756 2 3 5 322916.748022917.7695
 13.401  1.299 17.764 19.093 24.687 37.387  0.503  0.292 18.132
  23.277  8.211 12.213  2.003  1.466-17.933  6.964 13.132   0.60
 928771829 0 0 1 122917.769522918.7676
 13.272 -1.384-21.999-20.617-58.711-46.449 12.202 12.769-21.999
 -58.711 12.202 12.769  0.000  0.000  0.000  0.000 13.272  -1.38
 928771829 2 7 9 822917.769522918.7676
 14.072  0.478 14.011 14.489-21.909 -8.849  7.943  5.150 13.611
 -24.069 21.940 19.318  3.673 -1.361 -8.406 -5.488 15.241   0.88
 928771829 2 7 9 822917.769522918.7676
 13.836  0.780 13.498 14.276-22.605 -9.781  2.209  5.630 13.611
 -24.069 21.940 19.318  3.673 -1.361 -8.406 -5.488 15.241   0.88
 928771829 2 7 9 822917.769522918.7676
 14.705  0.523 13.779 14.301-25.115-11.424  1.209  3.535 13.611
 -24.069 21.940 19.318  3.673 -1.361 -8.406 -5.488 15.241   0.88
 928771829 2 7 9 822917.769522918.7676
 13.789  0.606 13.696 14.301-24.201-11.424  0.050  3.535 13.611
 -24.069 21.940 19.318  3.673 -1.361 -8.406 -5.488 15.241   0.88
 928771829 2 7 9 822917.769522918.7676
 14.332  0.862 13.441 14.301-24.743-11.424  0.050  3.535 13.611
 -24.069 21.940 19.318  3.673 -1.361 -8.406 -5.488 15.241   0.88
 928771829 2 7 9 822917.769522918.7676
 14.301  0.828 14.239 15.065-25.785-12.497  2.725  0.684 13.611
 -24.069 21.940 19.318  3.673 -1.361 -8.406 -5.488 15.241   0.88
 928771829 2 7 9 822917.769522918.7676
 14.502  0.804 13.941 14.743-26.618-13.129  0.778  0.050 13.611
 -24.069 21.940 19.318  3.673 -1.361 -8.406 -5.488 15.241   0.88
 928771829 2 7 9 822917.769522918.7676
 14.625  0.544 14.509 15.051-26.662-13.050  0.050  0.122 13.611
 -24.069 21.940 19.318  3.673 -1.361 -8.406 -5.488 15.241   0.88
 928771829 2 1 3 622917.769522918.7676
 14.951 -1.329 18.871 17.545 34.591 48.527  8.477  0.101 18.743
  35.703 12.213  3.437  3.469 -0.962  6.964 16.126 13.375  -1.05
 928771829 2 1 3 622917.769522918.7676
 15.390 -1.365 18.396 17.034 38.297 52.672  3.444  0.050 18.743
  35.703 12.213  3.437  3.469 -0.962  6.964 16.126 13.375  -1.05
10 27718 7 1 1 2 222921.753922922.9082
 13.227 -0.146-20.712-20.544 -7.725  6.404 14.248 10.593-20.765
  -7.898 18.480 14.621  0.744  0.052 18.085 47.729 13.240  -0.05
10 27718 7 1 1 2 222921.753922922.9082
 13.386  0.165-20.943-21.133 -8.481  5.832  4.233  4.028-20.765
  -7.898 18.480 14.621  0.744  0.052 18.085 47.729 13.240  -0.05
10 27718 7 1 1 2 122921.753922922.9082
 13.730 -0.019 20.367 20.345-15.249 -0.540  7.594  4.056 20.363
 -15.260  7.644  4.056  1.582 -1.582-20.707  0.000 13.739  -0.02
10 27718 7 2 6 8 522921.753922922.9082
 13.768  0.422 31.762 32.249 20.346 35.099  3.462  0.229 31.755
  22.198 20.377 27.122  2.746  1.921 -0.845 -4.470 13.705  -0.87
10 27718 7 2 6 8 522921.753922922.9082
 13.258  0.360 31.834 32.249 20.934 35.099  6.261  0.229 31.755
  22.198 20.377 27.122  2.746  1.921 -0.845 -4.470 13.705  -0.87
10 27718 7 2 6 8 522921.753922922.9082
 13.536  0.622 31.534 32.252 21.954 36.439  0.050  0.592 31.755
  22.198 20.377 27.122  2.746  1.921 -0.845 -4.470 13.705  -0.87
10 27718 7 3 6 9 122921.753922922.9082
 14.437 -0.096 14.856 14.746 30.816 46.342  6.552  6.689 14.730
  30.310 12.883  6.689  1.961 -1.961-26.888  0.000 14.876   0.01
10 27718 7 3 6 9 122921.753922922.9082
 14.454 -0.437 15.250 14.746 30.797 46.342  2.527  6.689 14.730
  30.310 12.883  6.689  1.961 -1.961-26.888  0.000 14.876   0.01
10 3772149 1 1 2 222922.908222923.7695
 13.972  0.424-20.544-20.909  6.404 17.569 10.593  5.723-20.707
   6.247 14.621 14.480  0.796  0.169 47.729 45.305 13.643   0.72
10 3772149 1 1 2 222922.908222923.7695
 13.790  0.537-21.133-21.595  5.832 16.840  4.028  8.758-20.707
   6.247 14.621 14.480  0.796  0.169 47.729 45.305 13.643   0.72
10 3772149 0 0 1 122922.908222923.7695
 13.787 -0.225 20.345 20.152 -0.540 10.466  4.056  7.339 20.345
  -0.540  4.056  7.339  0.000  0.000  0.000  0.000 13.787  -0.23
10 3772149 0 0 1 122922.908222923.7695
 14.466 -0.565 14.746 14.260 46.342 57.931  6.689 10.105 14.746
  46.342  6.689 10.105  0.000  0.000  0.000  0.000 14.466  -0.56
10 9771613 5 4 92122928.675822929.6699
 14.414 -0.187  5.476  5.290-20.143 -6.789  6.139  0.274  6.633
 -18.418 19.103 12.693  3.993  0.917-21.725-32.109 15.705   0.36
10 9771613 5 4 92122928.675822929.6699
 15.002  0.096  5.194  5.290-20.727 -6.789  0.683  0.274  6.633
 -18.418 19.103 12.693  3.993  0.917-21.725-32.109 15.705   0.36
10 9771613 5 4 92122928.675822929.6699
 14.678  0.000  4.971  4.971-21.089 -7.473  1.724  1.991  6.633
 -18.418 19.103 12.693  3.993  0.917-21.725-32.109 15.705   0.36
10 9771613 5 4 92122928.675822929.6699
 14.540 -0.201  7.397  7.197-16.125 -2.646  5.525  2.779  6.633
 -18.418 19.103 12.693  3.993  0.917-21.725-32.109 15.705   0.36
10 9771613 5 4 92122928.675822929.6699
 14.870  0.118  8.117  8.234-15.009 -1.202  0.364  1.119  6.633
 -18.418 19.103 12.693  3.993  0.917-21.725-32.109 15.705   0.36
10 9771613 5 4 92122928.675822929.6699
 15.079  0.057  8.132  8.189-16.242 -2.228  1.265  2.593  6.633
 -18.418 19.103 12.693  3.993  0.917-21.725-32.109 15.705   0.36
10 9771613 5 4 92122928.675822929.6699
 15.151 -0.005  7.929  7.924-18.419 -4.332  3.330  0.050  6.633
 -18.418 19.103 12.693  3.993  0.917-21.725-32.109 15.705   0.36
10107716 5 1 2 3 322929.669922930.8438
 12.098 -0.327 18.965 18.581-51.107-38.066 17.199 21.207 19.167
 -51.288 24.868 31.705  0.859  0.196 49.704 45.223 12.031  -0.29
10107716 5 1 2 3 322929.669922930.8438
 12.055 -0.373 19.099 18.661-51.722-38.731  0.337  0.145 19.167
 -51.288 24.868 31.705  0.859  0.196 49.704 45.223 12.031  -0.29
10107716 5 1 2 3 322929.669922930.8438
 11.927 -0.260 19.644 19.339-51.694-38.853  7.331 10.352 19.167
 -51.288 24.868 31.705  0.859  0.196 49.704 45.223 12.031  -0.29
1011772015 513181122930.843822931.7500
 16.079 -0.890  5.252  4.446  5.554 19.221  0.050  0.285  6.490
   7.809 22.120 13.425  4.787 -0.653-15.647-12.782 15.408  -0.91
1011772015 513181122930.843822931.7500
 15.759 -1.137  5.476  4.446  5.843 19.221  0.050  0.285  6.490
   7.809 22.120 13.425  4.787 -0.653-15.647-12.782 15.408  -0.91
1011772015 513181122930.843822931.7500
 15.760 -0.915  5.713  4.885  5.507 18.886  1.061  0.430  6.490
   7.809 22.120 13.425  4.787 -0.653-15.647-12.782 15.408  -0.91
1011772015 513181122930.843822931.7500
 15.814 -1.059  5.697  4.738  6.345 19.773  0.050  1.759  6.490
   7.809 22.120 13.425  4.787 -0.653-15.647-12.782 15.408  -0.91
1011772015 513181122930.843822931.7500
 15.847 -0.901  6.846  6.030  5.510 18.967  0.050  0.050  6.490
   7.809 22.120 13.425  4.787 -0.653-15.647-12.782 15.408  -0.91
1011772015 513181122930.843822931.7500
 15.715 -0.993  6.929  6.030  5.629 18.967  0.120  0.050  6.490
   7.809 22.120 13.425  4.787 -0.653-15.647-12.782 15.408  -0.91
1011772015 513181122930.843822931.7500
 15.688 -0.881  6.828  6.030  5.654 18.967  0.050  0.050  6.490
   7.809 22.120 13.425  4.787 -0.653-15.647-12.782 15.408  -0.91
1011772015 513181122930.843822931.7500
 16.204 -1.025  7.189  6.260 10.826 24.607  3.682  2.723  6.490
   7.809 22.120 13.425  4.787 -0.653-15.647-12.782 15.408  -0.91
1011772015 513181122930.843822931.7500
 16.043 -1.162  7.868  6.815 11.326 24.961  0.050  0.050  6.490
   7.809 22.120 13.425  4.787 -0.653-15.647-12.782 15.408  -0.91
1011772015 513181122930.843822931.7500
 15.530 -1.096  7.808  6.815 11.791 24.961  2.244  0.050  6.490
   7.809 22.120 13.425  4.787 -0.653-15.647-12.782 15.408  -0.91
1011772015 1 2 3 422930.843822931.7500
 15.163  0.177 18.581 18.741-38.066-25.229 21.207 12.953 18.829
 -38.326 31.705 22.165  1.055 -0.126 45.223 37.682 15.093   0.16
1011772015 1 2 3 422930.843822931.7500
 15.141  0.236 19.339 19.552-38.853-26.034 10.352  5.075 18.829
 -38.326 31.705 22.165  1.055 -0.126 45.223 37.682 15.093   0.16
1011772015 1 2 3 422930.843822931.7500
 15.157  0.104 18.661 18.755-38.731-25.898  0.145  1.049 18.829
 -38.326 31.705 22.165  1.055 -0.126 45.223 37.682 15.093   0.16
1012771759 1 3 4 322931.750022932.7285
 13.450 -1.342 18.741 17.427-25.229-13.025 12.953 21.721 18.977
 -25.552 22.165 28.599  0.928 -0.021 37.682 28.636 13.574  -1.48
1012771759 1 3 4 322931.750022932.7285
 13.335 -1.183 18.755 17.597-25.898-13.807  1.049  3.444 18.977
 -25.552 22.165 28.599  0.928 -0.021 37.682 28.636 13.574  -1.48
1012771759 1 3 4 322931.750022932.7285
 13.434 -1.531 19.096 17.597-25.995-13.807  3.088  3.444 18.977
 -25.552 22.165 28.599  0.928 -0.021 37.682 28.636 13.574  -1.48
1012771759 1 3 4 322931.750022932.7285
 13.365 -1.456 19.552 18.127-26.034-13.913  5.075  3.434 18.977
 -25.552 22.165 28.599  0.928 -0.021 37.682 28.636 13.574  -1.48
1012771759 1 1 2 522931.750022932.7285
 15.755  0.055 18.654 18.708-14.689 -0.228  0.050  0.589 18.585
 -12.607  4.175  3.802  1.998 -1.157  2.018  1.572 13.681   0.19
1013771729 1 2 3 422932.728522933.7422
 15.659  1.291 17.427 18.737-13.025  1.862 21.721  9.521 17.531
 -13.225 28.599 13.810  0.907  0.096 28.636 26.194 15.565   1.32
1013771729 1 2 3 422932.728522933.7422
 15.548  1.295 17.597 18.911-13.807  0.968  3.444  2.557 17.531
 -13.225 28.599 13.810  0.907  0.096 28.636 26.194 15.565   1.32
1013771729 1 2 3 422932.728522933.7422
 15.534  1.469 18.127 19.617-13.913  0.848  3.434  1.683 17.531
 -13.225 28.599 13.810  0.907  0.096 28.636 26.194 15.565   1.32
1013771729 1 4 51122932.728522933.7422
 17.442 -0.467 17.614 17.141 -1.801 14.895  0.050  0.177 18.772
  -0.176  3.802 13.982  0.841  1.730  1.572 -4.304 15.694  -0.62
1013771729 1 4 51122932.728522933.7422
 17.121 -0.468 17.615 17.141 -1.475 14.895  0.050  0.177 18.772
  -0.176  3.802 13.982  0.841  1.730  1.572 -4.304 15.694  -0.62
1013771729 1 4 51122932.728522933.7422
 17.592 -0.674 18.897 18.213 -0.645 16.204  1.407  0.050 18.772
  -0.176  3.802 13.982  0.841  1.730  1.572 -4.304 15.694  -0.62
1013771729 1 4 51122932.728522933.7422
 17.182 -0.488 18.708 18.213 -0.228 16.204  0.589  0.050 18.772
  -0.176  3.802 13.982  0.841  1.730  1.572 -4.304 15.694  -0.62
1013771729 1 4 51122932.728522933.7422
 16.849 -0.341 18.759 18.414  0.313 16.407  1.706  0.331 18.772
  -0.176  3.802 13.982  0.841  1.730  1.572 -4.304 15.694  -0.62
1014771750 3 2 5 622933.742222934.7402
 13.598 -0.267 22.067 21.802-46.537-33.969  0.487  2.332 22.755
 -48.522 13.541 12.668  4.405  0.427 13.271  7.824 12.771  -0.16
1014771750 3 2 5 622933.742222934.7402
 13.674 -0.111 22.274 22.163-47.240-34.596  4.494  1.885 22.755
 -48.522 13.541 12.668  4.405  0.427 13.271  7.824 12.771  -0.16
1014771750 3 2 5 622933.742222934.7402
 13.639 -0.114 22.717 22.603-47.387-34.778  4.939  1.572 22.755
 -48.522 13.541 12.668  4.405  0.427 13.271  7.824 12.771  -0.16
1014771750 3 2 5 622933.742222934.7402
 13.359 -0.517 23.480 22.965-52.009-39.680  3.398  5.568 22.755
 -48.522 13.541 12.668  4.405  0.427 13.271  7.824 12.771  -0.16
1014771750 1 3 4 322933.742222934.7402
 13.587  0.227 19.617 19.843  0.848 13.405  1.683  2.104 18.874
   1.566 13.810 18.072  1.003  0.343 26.194 34.564 13.998  -0.04
1014771750 1 3 4 322933.742222934.7402
 13.922  0.033 18.911 18.944  0.968 13.859  2.557  1.807 18.874
   1.566 13.810 18.072  1.003  0.343 26.194 34.564 13.998  -0.04
1014771750 1 3 4 322933.742222934.7402
 13.955 -0.073 18.737 18.664  1.862 14.786  9.521 14.162 18.874
   1.566 13.810 18.072  1.003  0.343 26.194 34.564 13.998  -0.04
1014771750 8 311 822933.742222934.7402
 15.086  0.649 18.737 19.384 15.574 29.625  0.478  3.519 18.144
  14.746 13.982 13.948  2.571  1.463 -4.304-22.761 15.175   0.47
1014771750 8 311 822933.742222934.7402
 15.366  0.774 18.845 19.616 16.063 30.392  4.111  0.050 18.144
  14.746 13.982 13.948  2.571  1.463 -4.304-22.761 15.175   0.47
1014771750 8 311 822933.742222934.7402
 15.451  0.785 18.414 19.196 16.407 30.822  0.331  2.218 18.144
  14.746 13.982 13.948  2.571  1.463 -4.304-22.761 15.175   0.47
1014771750 8 311 822933.742222934.7402
 14.751  0.738 18.880 19.616 16.675 30.392  0.457  0.050 18.144
  14.746 13.982 13.948  2.571  1.463 -4.304-22.761 15.175   0.47
1014771750 8 311 822933.742222934.7402
 15.468  0.785 18.025 18.808 15.838 30.269  0.050  3.586 18.144
  14.746 13.982 13.948  2.571  1.463 -4.304-22.761 15.175   0.47
1014771750 8 311 822933.742222934.7402
 15.100  0.597 18.213 18.808 16.204 30.269  0.050  3.586 18.144
  14.746 13.982 13.948  2.571  1.463 -4.304-22.761 15.175   0.47
1015771745 4 2 6 322934.740222935.9082
 13.318  0.215 21.802 22.053-33.969-19.548  2.332  1.641 22.597
 -36.778 12.668  9.912  4.831 -3.767  7.824 75.964 15.519   0.27
1015771745 4 2 6 322934.740222935.9082
 13.854 -0.095 22.163 22.053-34.596-19.548  1.885  1.641 22.597
 -36.778 12.668  9.912  4.831 -3.767  7.824 75.964 15.519   0.27
1015771745 4 2 6 322934.740222935.9082
 13.803 -0.072 22.603 22.519-34.778-19.790  1.572  0.050 22.597
 -36.778 12.668  9.912  4.831 -3.767  7.824 75.964 15.519   0.27
1015771745 4 2 6 322934.740222935.9082
 13.850  0.012 23.075 23.089-34.872-19.829  1.260  8.221 22.597
 -36.778 12.668  9.912  4.831 -3.767  7.824 75.964 15.519   0.27
1015771745 1 3 4 622934.740222935.9082
 13.578 -1.026 23.467 22.267 -1.207 13.518  0.480  0.369 23.546
   2.319  6.514 16.841  3.166  0.710  1.258 11.346 13.738  -0.61
1015771745 1 3 4 622934.740222935.9082
 13.794 -1.038 23.520 22.307 -0.467 14.511  0.050  0.583 23.546
   2.319  6.514 16.841  3.166  0.710  1.258 11.346 13.738  -0.61
1015771745 1 3 4 622934.740222935.9082
 13.977 -0.890 23.531 22.491  3.062 18.254  5.112  7.780 23.546
   2.319  6.514 16.841  3.166  0.710  1.258 11.346 13.738  -0.61
1015771745 1 2 3 422934.740222935.9082
 13.842  0.094 19.843 19.954 13.405 28.439  2.104  1.480 18.829
  14.533 18.072 20.850  1.346 -0.225 34.564 15.907 13.888  -0.17
1015771745 1 2 3 422934.740222935.9082
 13.772 -0.232 18.944 18.672 13.859 28.811  1.807  3.915 18.829
  14.533 18.072 20.850  1.346 -0.225 34.564 15.907 13.888  -0.17
1015771745 1 2 3 422934.740222935.9082
 14.015 -0.122 18.664 18.522 14.786 30.022 14.162 13.495 18.829
  14.533 18.072 20.850  1.346 -0.225 34.564 15.907 13.888  -0.17
1015771745 5 3 8 622934.740222935.9082
 14.563 -0.519 17.391 16.785 25.948 41.825  2.884  0.050 18.615
  28.885 13.948 10.086  4.034 -0.325-22.761-25.865 15.098  -0.25
1015771745 5 3 8 622934.740222935.9082
 15.176 -0.322 19.384 19.007 29.625 46.219  3.519  0.565 18.615
  28.885 13.948 10.086  4.034 -0.325-22.761-25.865 15.098  -0.25
1015771745 5 3 8 622934.740222935.9082
 14.757 -0.173 19.196 18.994 30.822 46.926  2.218  5.302 18.615
  28.885 13.948 10.086  4.034 -0.325-22.761-25.865 15.098  -0.25
1015771745 5 3 8 622934.740222935.9082
 14.727 -0.330 19.393 19.007 30.150 46.219  0.050  0.565 18.615
  28.885 13.948 10.086  4.034 -0.325-22.761-25.865 15.098  -0.25
1015771745 5 3 8 622934.740222935.9082
 15.124 -0.532 19.616 18.994 30.392 46.926  0.050  5.302 18.615
  28.885 13.948 10.086  4.034 -0.325-22.761-25.865 15.098  -0.25
1020771725 31215 922939.726622940.6602
 14.316  0.033-23.864-23.894  8.089 20.558 22.233 23.161-24.057
   6.811 29.902 32.772  5.321  2.325  8.765  5.851 13.081   0.07
1020771725 31215 922939.726622940.6602
 13.539  0.202-24.173-24.362  7.601 19.343  0.050  0.050-24.057
   6.811 29.902 32.772  5.321  2.325  8.765  5.851 13.081   0.07
1020771725 31215 922939.726622940.6602
 13.478  0.328-24.853-25.160  2.347 14.032  1.766  0.435-24.057
   6.811 29.902 32.772  5.321  2.325  8.765  5.851 13.081   0.07
1020771725 31215 922939.726622940.6602
 13.575  0.068-24.887-24.951 -0.217 11.559  0.555  2.106-24.057
   6.811 29.902 32.772  5.321  2.325  8.765  5.851 13.081   0.07
1020771725 31215 922939.726622940.6602
 14.117  0.183-24.259-24.430 -0.181 12.102  0.631  3.739-24.057
   6.811 29.902 32.772  5.321  2.325  8.765  5.851 13.081   0.07
1020771725 31215 922939.726622940.6602
 14.086  0.046-24.839-24.882  0.216 12.469  0.050  2.882-24.057
   6.811 29.902 32.772  5.321  2.325  8.765  5.851 13.081   0.07
1020771725 31215 922939.726622940.6602
 13.899  0.418-24.491-24.882  0.390 12.469  0.050  2.882-24.057
   6.811 29.902 32.772  5.321  2.325  8.765  5.851 13.081   0.07
1020771725 31215 922939.726622940.6602
 13.633  0.181-24.713-24.882  0.639 12.469  0.050  2.882-24.057
   6.811 29.902 32.772  5.321  2.325  8.765  5.851 13.081   0.07
1021771552 1 1 2 322940.660222941.6973
 14.047 -0.146-25.176-25.024-26.593-13.051  2.639  4.239-25.059
 -26.830  4.706  5.747  0.557  1.947-28.571 20.572 13.656   0.19
1021771552 1 1 2 322940.660222941.6973
 14.568  0.111-24.910-25.024-27.132-13.051  2.067  4.239-25.059
 -26.830  4.706  5.747  0.557  1.947-28.571 20.572 13.656   0.19
1022771645 0 0 1 622941.697322942.6758
 13.110  0.054-24.130-24.182 35.145 47.000 15.461 17.198-24.130
  35.145 15.461 19.240  0.000  4.482  0.000  2.415 12.577   0.07
1023771613 3 1 4 222942.675822943.7422
 14.633 -1.617 18.495 16.771-51.529-36.973  2.428  0.050 17.885
 -51.481  4.971  0.100  1.197 -0.256 85.736-31.950 14.979  -0.81
1023771613 3 1 4 222942.675822943.7422
 14.964 -1.531 18.902 17.269-51.047-36.138  0.050  0.050 17.885
 -51.481  4.971  0.100  1.197 -0.256 85.736-31.950 14.979  -0.81
1023771613 3 1 4 222942.675822943.7422
 14.783 -1.290 18.645 17.269-50.854-36.138  0.050  0.050 17.885
 -51.481  4.971  0.100  1.197 -0.256 85.736-31.950 14.979  -0.81
1028771818 4 5 9 522947.761722948.7949
 14.659  1.359 19.295 20.700 -9.778  4.351  0.050  0.112 19.962
  -7.047  6.754  2.249  3.829  0.334 -3.074 12.789 14.123   1.00
1028771818 4 5 9 522947.761722948.7949
 14.093  1.480 19.883 21.412 -7.555  5.989  1.329  0.753 19.962
  -7.047  6.754  2.249  3.829  0.334 -3.074 12.789 14.123   1.00
1028771818 4 5 9 522947.761722948.7949
 13.959  1.460 18.868 20.377 -3.833  9.573  0.050  0.637 19.962
  -7.047  6.754  2.249  3.829  0.334 -3.074 12.789 14.123   1.00
1028771818 4 5 9 522947.761722948.7949
 14.116  1.328 19.005 20.377 -3.995  9.573  0.050  0.637 19.962
  -7.047  6.754  2.249  3.829  0.334 -3.074 12.789 14.123   1.00
1028771818 5 611 622947.761722948.7949
 15.038 -0.137 30.164 30.023 -7.513  7.007  0.650  0.816 29.987
  -4.862  4.794  6.205  3.941  1.204  9.482  5.471 15.389   0.13
1028771818 5 611 622947.761722948.7949
 14.598 -0.034 30.058 30.023 -7.058  7.007  1.088  0.816 29.987
  -4.862  4.794  6.205  3.941  1.204  9.482  5.471 15.389   0.13
1028771818 5 611 622947.761722948.7949
 15.401 -0.087 29.722 29.632 -3.582 11.313  0.264  0.251 29.987
  -4.862  4.794  6.205  3.941  1.204  9.482  5.471 15.389   0.13
1028771818 5 611 622947.761722948.7949
 15.470 -0.204 29.662 29.451 -2.647 12.320  2.171  0.249 29.987
  -4.862  4.794  6.205  3.941  1.204  9.482  5.471 15.389   0.13
10297719 6 2 2 4 222948.794922949.7734
 14.391  1.211-21.477-22.660-48.674-35.577  3.387 14.113-21.722
 -48.546  7.269 14.163  0.567  0.142-66.163 71.887 14.258   0.96
10297719 6 2 2 4 222948.794922949.7734
 13.900  1.369-21.997-23.334-48.433-35.816  3.782  0.050-21.722
 -48.546  7.269 14.163  0.567  0.142-66.163 71.887 14.258   0.96
10297719 6 3 3 6 822948.794922949.7734
 12.462 -0.322 30.936 30.621  6.594 17.807  0.826  0.050 30.119
  10.021  6.205 14.045  5.145 -1.034  5.471 10.428 13.299  -0.19
10297719 6 3 3 6 822948.794922949.7734
 13.015 -0.104 30.023 29.921  7.007 18.761  0.816  2.158 30.119
  10.021  6.205 14.045  5.145 -1.034  5.471 10.428 13.299  -0.19
10297719 6 3 3 6 822948.794922949.7734
 12.555 -0.295 29.632 29.344 11.313 22.617  0.251  1.191 30.119
  10.021  6.205 14.045  5.145 -1.034  5.471 10.428 13.299  -0.19
10297719 6 3 3 6 822948.794922949.7734
 12.970  0.109 29.961 30.068 12.807 24.515  2.937  0.050 30.119
  10.021  6.205 14.045  5.145 -1.034  5.471 10.428 13.299  -0.19
1030771833 1 1 2 322949.773422950.8027
 14.120  0.023-22.660-22.685-35.577-22.051 14.113 14.483-22.663
 -35.578 14.163 15.067  0.709  1.763 71.887 -5.655 14.221   0.03
1030771833 5 3 8 222949.773422950.8027
 13.216 -0.229 29.823 29.587 23.003 35.597  7.559  0.435 29.938
  22.051 14.045  3.430  4.111 -2.637 10.428 -7.818 15.567  -0.17
1030771833 5 3 8 222949.773422950.8027
 13.808 -0.249 30.044 29.788 24.076 37.280  0.529  2.994 29.938
  22.051 14.045  3.430  4.111 -2.637 10.428 -7.818 15.567  -0.17
1030771833 5 3 8 222949.773422950.8027
 13.381 -0.272 30.068 29.788 24.515 37.280  0.050  2.994 29.938
  22.051 14.045  3.430  4.111 -2.637 10.428 -7.818 15.567  -0.17
1031771915 2 1 3 222950.802722951.9238
 13.406  0.370-22.685-23.099-22.051 -8.130 14.483 12.748-22.694
 -21.947 15.067 13.307  2.472 -0.576 -5.655 77.838 13.298   0.43
1031771915 1 5 6 122950.802722951.9238
 14.715 -0.209 19.486 19.251-37.423-22.036  6.683 20.479 19.488
 -37.804 12.193 20.479  0.794 -0.794  0.318  0.000 15.054  -0.21
1031771915 1 5 6 122950.802722951.9238
 15.389 -0.226 19.505 19.251-38.179-22.036  5.255 20.479 19.488
 -37.804 12.193 20.479  0.794 -0.794  0.318  0.000 15.054  -0.21
1031771915 5 1 6 122950.802722951.9238
 13.231 -0.206 20.360 20.129-45.583-31.859  0.217  9.908 20.450
 -45.712  5.381  9.908  0.711 -0.711 42.270  0.000 13.346  -0.29
1031771915 5 1 6 122950.802722951.9238
 13.493 -0.411 20.590 20.129-45.877-31.859  3.809  9.908 20.450
 -45.712  5.381  9.908  0.711 -0.711 42.270  0.000 13.346  -0.29
11 1772210 1 1 2 122951.923822952.7441
 14.545 -0.218-23.099-22.920 -8.130  2.999 12.748 13.024-23.177
  -8.149 13.307 13.024  1.896 -1.896 77.838  0.000 14.567  -0.31
11 1772210 0 0 1 422951.923822952.7441
 15.288  0.874 19.251 19.969-22.036-10.296 20.479  4.624 19.251
 -22.036 20.479  9.106  0.000  0.868  0.000 -8.747 14.741   0.80
11 1772210 0 0 1 222951.923822952.7441
 14.358  0.691 20.129 20.696-31.859-20.883  9.908  3.368 20.129
 -31.859  9.908  3.418  0.000  1.886  0.000 -4.074 14.394   0.69
11 2771752 0 0 1 122952.744122953.7676
 13.694  0.277-22.920-23.203  2.999 15.989 13.024 12.578-22.920
   2.999 13.024 12.578  0.000  0.000  0.000  0.000 13.694   0.28
11 2771752 1 3 4 322952.744122953.7676
 13.838 -0.015 19.837 19.822-11.154  1.983  4.382  4.005 19.904
 -10.745  9.106  9.575  0.868  0.221 -8.747 -7.696 14.003  -0.11
11 2771752 1 3 4 322952.744122953.7676
 14.293 -0.081 19.969 19.887-10.296  3.306  4.624  3.351 19.904
 -10.745  9.106  9.575  0.868  0.221 -8.747 -7.696 14.003  -0.11
1112771828 2 2 4 622962.769522963.9199
 13.686 -0.084 36.366 36.270-57.531-42.925  2.528  2.077 37.433
 -54.743 11.872  9.966  3.696 -0.106-22.705-22.108 14.554   0.13
1112771828 2 2 4 622962.769522963.9199
 13.821 -0.371 36.696 36.270-57.686-42.925  1.478  2.077 37.433
 -54.743 11.872  9.966  3.696 -0.106-22.705-22.108 14.554   0.13
1112771828 2 2 4 622962.769522963.9199
 13.788 -0.051 38.163 38.105-53.324-38.601  2.734  0.307 37.433
 -54.743 11.872  9.966  3.696 -0.106-22.705-22.108 14.554   0.13
1112771828 2 2 4 622962.769522963.9199
 13.279 -0.173 37.782 37.584-53.278-39.140  5.132  0.141 37.433
 -54.743 11.872  9.966  3.696 -0.106-22.705-22.108 14.554   0.13
1112771828 0 0 1 622962.769522963.9199
 12.776 -0.072 38.187 38.105-52.160-38.601 12.155  0.307 38.187
 -52.160 12.155  9.966  0.000  3.590  0.000-22.108 12.307  -0.53
1112771828 1 1 2 122962.769522963.9199
 13.952 -0.300 23.955 23.611  1.930 16.842  3.739  3.151 23.955
   1.874  3.789  3.151  3.921 -3.921 -0.161  0.000 14.001  -0.30
11137722 4 2 4 6 722963.919922964.9082
 13.407  0.656 37.925 38.574-38.017-25.733  7.051  3.077 37.579
 -39.139  9.966 12.979  3.590 -2.294-22.108 -0.635 13.175   1.14
11137722 4 2 4 6 722963.919922964.9082
 13.363  0.746 38.105 38.842-38.601-26.361  0.307  1.068 37.579
 -39.139  9.966 12.979  3.590 -2.294-22.108 -0.635 13.175   1.14
11137722 4 2 4 6 722963.919922964.9082
 13.507  0.945 38.135 39.069-39.328-26.945  0.347  0.514 37.579
 -39.139  9.966 12.979  3.590 -2.294-22.108 -0.635 13.175   1.14
11137722 4 2 4 6 722963.919922964.9082
 12.727  0.787 37.584 38.362-39.140-27.529  0.141  1.202 37.579
 -39.139  9.966 12.979  3.590 -2.294-22.108 -0.635 13.175   1.14
11137722 4 1 1 2 222963.919922964.9082
 16.523 -1.167-26.427-25.274 14.236 29.600  3.316  0.050-26.308
  14.772  4.483  0.100  1.904 -1.147 13.958 42.596 16.291  -1.30
1114772148 1 1 2 422964.908222965.9004
 12.462 -0.247-25.073-24.829 37.165 48.554  0.050  0.384-23.790
  36.055  3.486  1.289  1.661  2.093-51.630  7.300 12.776   1.01
1114772148 1 2 3 122964.908222965.9004
 15.091  0.455-17.635-18.087-57.406-43.408  0.050  7.485-18.024
 -56.309  5.095  7.485  1.293 -1.293-14.178  0.000 13.985   0.06
1114772148 1 2 3 122964.908222965.9004
 15.486  0.296-17.792-18.087-57.798-43.408  0.050  7.485-18.024
 -56.309  5.095  7.485  1.293 -1.293-14.178  0.000 13.985   0.06
1114772148 4 3 7 422964.908222965.9004
 14.120 -0.597 38.842 38.249-26.361-13.327  1.068  2.109 38.702
 -27.085 12.979 12.111  1.296  0.605 -0.635  5.669 12.498  -0.32
1114772148 4 3 7 422964.908222965.9004
 14.708 -0.826 39.069 38.249-26.945-13.327  0.514  2.109 38.702
 -27.085 12.979 12.111  1.296  0.605 -0.635  5.669 12.498  -0.32
1114772148 4 3 7 422964.908222965.9004
 14.726 -0.381 38.663 38.285-28.489-14.853  0.523  2.047 38.702
 -27.085 12.979 12.111  1.296  0.605 -0.635  5.669 12.498  -0.32
1114772148 4 3 7 422964.908222965.9004
 14.040 -0.707 38.762 38.061-27.685-14.729  6.343  0.050 38.702
 -27.085 12.979 12.111  1.296  0.605 -0.635  5.669 12.498  -0.32
1114772148 4 3 7 422964.908222965.9004
 14.608 -0.850 39.093 38.249-26.846-13.327  0.252  2.109 38.702
 -27.085 12.979 12.111  1.296  0.605 -0.635  5.669 12.498  -0.32
1115772137 0 0 1 122965.900422966.8164
 13.868 -0.586-18.087-17.550-43.408-31.599  7.485  7.331-18.087
 -43.408  7.485  7.331  0.000  0.000  0.000  0.000 13.868  -0.59
1115772137 2 3 51122965.900422966.8164
 12.646 -1.089 22.803 21.804-29.178-18.489  0.050  0.050 23.686
 -28.780  4.394 47.394  2.089  0.652-13.676 15.624 11.827  -0.59
1115772137 2 3 51122965.900422966.8164
 12.823 -1.211 23.403 22.293-31.054-20.203  0.110  4.729 23.686
 -28.780  4.394 47.394  2.089  0.652-13.676 15.624 11.827  -0.59
1115772137 2 3 51122965.900422966.8164
 13.498 -1.265 23.634 22.475-28.662-17.193  3.523  5.619 23.686
 -28.780  4.394 47.394  2.089  0.652-13.676 15.624 11.827  -0.59
1115772137 3 1 4 322965.900422966.8164
 14.858 -0.262 38.452 38.212-16.499 -3.783  7.905  0.476 38.387
 -15.661 12.111  9.848  1.900  0.237  5.669  2.590 15.020  -0.19
1115772137 3 1 4 322965.900422966.8164
 15.211 -0.119 38.285 38.176-14.853 -1.813  2.047  6.285 38.387
 -15.661 12.111  9.848  1.900  0.237  5.669  2.590 15.020  -0.19
1115772137 3 1 4 322965.900422966.8164
 15.076  0.125 38.061 38.176-14.729 -1.813  0.050  6.285 38.387
 -15.661 12.111  9.848  1.900  0.237  5.669  2.590 15.020  -0.19
1116771937 0 0 1 122966.816422967.7695
 14.035 -0.658-17.550-16.923-31.599-19.165  7.331  4.032-17.550
 -31.599  7.331  4.032  0.000  0.000  0.000  0.000 14.035  -0.66
1116771937 5 6111322966.816422967.7695
 15.420  0.194 21.804 21.989-18.489 -4.736  0.050  0.202 23.147
 -18.841 47.394 23.331  2.740  0.849 15.624 10.013 14.225   0.67
1116771937 5 6111322966.816422967.7695
 15.666  0.404 22.227 22.611-17.905 -3.917 10.674  3.452 23.147
 -18.841 47.394 23.331  2.740  0.849 15.624 10.013 14.225   0.67
1116771937 5 6111322966.816422967.7695
 14.918  0.143 22.475 22.611-17.193 -3.917  5.619  3.452 23.147
 -18.841 47.394 23.331  2.740  0.849 15.624 10.013 14.225   0.67
1116771937 5 6111322966.816422967.7695
 15.206  0.005 24.213 24.218-19.833 -6.284  8.652  1.654 23.147
 -18.841 47.394 23.331  2.740  0.849 15.624 10.013 14.225   0.67
1116771937 5 6111322966.816422967.7695
 15.403  0.394 24.315 24.691-20.773 -7.036  2.442  1.605 23.147
 -18.841 47.394 23.331  2.740  0.849 15.624 10.013 14.225   0.67
1116771937 1 2 3 122966.816422967.7695
 15.991 -0.444 38.212 37.789 -3.783 10.515  0.476  5.748 38.211
  -2.796  9.848  5.748  2.138 -2.138  2.590  0.000 14.956  -0.44
1116771937 1 2 3 122966.816422967.7695
 16.897 -0.517 38.282 37.789 -4.646 10.515  3.087  5.748 38.211
  -2.796  9.848  5.748  2.138 -2.138  2.590  0.000 14.956  -0.44
1121772143 0 0 1 122971.904322972.7207
 15.367 -0.405 24.195 23.865 25.550 37.286  8.985  6.559 24.195
  25.550  8.985  6.559  0.000  0.000  0.000  0.000 15.367  -0.41
1122771718 0 0 1 122972.720722973.6855
 13.889  0.255 23.865 24.110 37.286 49.733  6.559  5.083 23.865
  37.286  6.559  5.083  0.000  0.000  0.000  0.000 13.889   0.25
12 1771812 3 4 7 622981.757822982.7891
 13.140  1.863-21.758-23.679-48.796-36.259  8.129  0.050-21.185
 -44.459 63.889 24.647  6.448 -3.942 26.984-15.515 11.669   1.17
12 1771812 3 4 7 622981.757822982.7891
 13.112  1.499-20.389-21.935-48.531-36.024  0.050  0.183-21.185
 -44.459 63.889 24.647  6.448 -3.942 26.984-15.515 11.669   1.17
12 4772130 2 2 4 422984.896522985.9004
 14.347  0.028-19.237-19.265  1.783 15.193 26.666 21.468-19.069
   1.521 31.344 25.719  2.044  0.148-33.665-13.690 14.242   0.11
12 4772130 2 2 4 422984.896522985.9004
 14.259 -0.407-18.727-18.319  3.807 17.129  0.050  0.028-19.069
   1.521 31.344 25.719  2.044  0.148-33.665-13.690 14.242   0.11
12 4772130 1 1 2 322984.896522985.9004
 13.829 -0.041-22.200-22.159 -5.755  7.135 13.345 26.636-22.155
  -6.062 14.928 26.736  2.715 -0.192 -9.049-15.301 14.125   0.00
12 4772130 1 1 2 322984.896522985.9004
 13.999  0.055-21.773-21.828 -8.650  4.412  1.583  0.050-22.155
  -6.062 14.928 26.736  2.715 -0.192 -9.049-15.301 14.125   0.00
12 4772130 1 2 3 122984.896522985.9004
 14.392  0.796 16.122 16.921 23.727 37.183 10.342  4.755 16.143
  23.620 10.727  4.755  2.919 -2.919 11.751  0.000 14.498   0.77
12 5772136 2 2 4 322985.900422986.8984
 14.687  0.294-19.265-19.558 15.193 28.879 21.468 21.233-19.178
  14.826 25.719 23.590  2.192  0.333-13.690-15.697 14.797   0.31
12 5772136 2 2 4 322985.900422986.8984
 14.406  0.320-18.678-18.998 12.661 26.066  3.489  2.092-19.178
  14.826 25.719 23.590  2.192  0.333-13.690-15.697 14.797   0.31
12 5772136 1 2 3 122985.900422986.8984
 14.553 -0.152-22.159-22.007  7.135 20.687 26.636 19.063-22.157
   7.125 26.736 19.063  2.522 -2.522-15.301  0.000 14.563  -0.15
12 5772136 1 2 31222985.900422986.8984
 12.730 -0.088-26.625-26.538-54.227-42.497  5.491  1.336-26.462
 -54.753  9.448 26.615  1.189  4.201-19.198  5.163 12.887   0.32
12 5772136 1 2 31222985.900422986.8984
 11.940 -0.191-26.276-26.085-55.189-44.247  2.430  0.101-26.462
 -54.753  9.448 26.615  1.189  4.201-19.198  5.163 12.887   0.32
12 5772136 1 2 31222985.900422986.8984
 12.700 -0.082-26.167-26.085-55.948-44.247  1.528  0.101-26.462
 -54.753  9.448 26.615  1.189  4.201-19.198  5.163 12.887   0.32
