 1 1661913 0 0 1 118629.800818630.6914
 15.239  0.265-28.354 37.844 50.549  6.907  6.440  0.000  0.000
   0.000  0.000  0.000  0.000  0.000  0.000  0.000  0.000   0.00
 1 1661913 0 0 1 118629.800818630.6914
 14.009  0.265 21.391 27.813 39.422  3.528  8.735  0.000  0.000
   0.000  0.000  0.000  0.000  0.000  0.000  0.000  0.000   0.00
 1 2661636 0 0 1 118630.691418631.7207
 14.216 -0.313 21.628 39.422 53.053  8.735  4.250  0.000  0.000
   0.000  0.000  0.000  0.000  0.000  0.000  0.000  0.000   0.00
 114661734 9 8171018642.732418643.7520
 15.071  0.627 16.554-50.348-35.972 61.039 67.558 12.603 -0.066
 -48.638-52.614 16.187 17.039 34.778 26.261-34.679-38.433   8.27
 114661734 1 3 4 118642.732418643.7520
 14.030 -1.063 26.820-46.612-33.298  7.526  0.050-27.155 -5.027
 -43.441-48.454 28.271 25.977  2.765  4.761  0.000  0.000   0.00
 1156618 3 5 5101318643.752018644.8828
 12.615  0.790 17.194-35.972-22.809 67.558 45.093 20.877  0.553
 -34.679-38.433 16.722 18.091 44.286 23.272-20.333-24.393   7.65
 116662112 8 5131218644.882818645.7188
 14.873  0.379 18.087-22.809-11.191 45.093 39.515 28.522  0.269
 -20.333-24.393 16.809 18.906 17.599 27.494 -8.902-13.670 -14.58
 116662112 2 3 5 218644.882818645.7188
 15.671 -0.142 29.453-47.865-35.580 11.566  6.155 19.398 -1.601
 -46.054-51.192 28.898 30.474  7.490  4.076-35.346-38.192  18.44
 120661757 0 0 1 118648.748018649.7168
 13.530 -0.020 19.068 24.828 36.997  7.052  7.201  0.000  0.000
   0.000  0.000  0.000  0.000  0.000  0.000  0.000  0.000   0.00
 120661757 1 1 2 118648.748018649.7168
 14.134 -0.159 16.862 31.122 43.875  6.107  4.772 29.414 -0.516
  31.126 30.656 16.860 17.113  6.057  0.050  0.000  0.000   0.00
 121661713 1 1 2 618649.716818650.7168
 15.640  0.206-24.178-33.994-19.333 13.187 21.186 14.949 -0.053
 -32.552-36.201-23.827-24.716  7.978  5.208-17.743-21.386  -2.86
 121661713 0 0 1 118649.716818650.7168
 14.260  1.262 19.048 36.997 50.278  7.201 14.508  0.000  0.000
   0.000  0.000  0.000  0.000  0.000  0.000  0.000  0.000   0.00
 121661713 0 0 1 118649.716818650.7168
 15.189  1.466 16.708 43.875 58.085  4.772  9.668  0.000  0.000
   0.000  0.000  0.000  0.000  0.000  0.000  0.000  0.000   0.00
 122661713 2 4 6 718650.716818651.7109
 13.457 -0.559-24.384-19.333 -6.941 21.186 45.264 12.089  0.306
 -17.743-21.386-24.074-24.784 11.939  9.247 -5.465 -9.224   9.56
 1236617 3 3 4 7 618651.710918652.7227
 12.509  0.374-23.828 -6.941  4.734 45.264 25.685 21.648 -0.068
  -5.465 -9.224-23.293-24.657 27.499 17.765  6.592  2.791  -4.35
 124661721 2 4 6 318652.722718653.8086
 16.942 -2.200-24.207  4.734 22.049 25.685 10.470 17.296 -0.117
   6.592  2.791-23.680-24.759 13.130 12.556 22.956 19.905  19.01
 125661922 1 2 3 418653.808618654.9180
 12.638  1.347-21.821 22.049 34.988 10.470 19.680 36.304 -0.081
  22.956 19.905-21.203-23.283  7.359  3.111 35.873 32.593  -7.64
 1266622 0 1 3 4 318654.918018655.6914
 13.091  2.525-23.316 34.988 44.366 19.680 17.650 28.668  0.202
  35.873 32.593-22.871-24.518 14.369  5.311 44.968 42.352  20.73
 216661752 1 2 3 618675.744118676.6914
 13.171 -0.040 29.783 -9.889  1.659  9.443  9.351-14.365  0.078
  -9.496-10.351 29.870 29.680  5.108  4.335  2.102  1.130  15.98
 217661636 4 4 8 518676.691418677.7012
 13.449  0.200 22.173-38.527-25.929 11.776 21.512 25.550  2.582
 -37.110-39.880 21.546 22.772  5.752  6.024-21.944-27.588  -9.67
 217661636 1 5 6 518676.691418677.7012
 13.213  0.049 29.745  1.659 14.019  9.351 10.018  1.611  2.474
   2.102  1.130 29.734 29.758  5.092  4.260 14.456 10.642  -5.60
 218661651 3 2 51418677.701218678.6973
 16.262 -0.636 22.375-25.929-10.711 21.512 46.472 15.878 -0.942
 -21.944-27.588 21.327 22.811  6.323 15.189 -8.362-13.139  -7.63
 218661651 1 4 5 618677.701218678.6973
 13.137  0.230 29.795 14.019 26.126 10.018 19.245 -3.991 -0.556
  14.456 10.642 29.822 29.591  8.870  1.148 26.856 23.674  -0.28
 219661645 8 6141218678.697318679.6934
 14.913 -0.634 21.742-10.711  3.154 46.472 24.657  8.249  1.104
  -8.362-13.139 21.426 22.069 23.622 22.850  6.717  0.767  -1.60
 219661645 2 4 6 118678.697318679.6934
 14.038  0.034 30.024 26.126 39.120 19.245  8.621 -4.274 -2.763
  26.856 23.674 30.072 29.866 14.829  4.416  0.000  0.000   0.00
 220661637 4 812 518679.693418680.8086
 14.176 -0.133 21.111  3.154 17.879 24.657 47.095  6.652  0.427
   6.717  0.767 20.724 21.371  9.890 14.767 20.832 14.468   2.18
 220661637 0 0 1 118679.693418680.8086
 12.951  0.251 30.058 39.120 52.478  8.621  5.267  0.000  0.000
   0.000  0.000  0.000  0.000  0.000  0.000  0.000  0.000   0.00
 225661630 2 3 5 618684.687518685.7031
 16.110 -2.091 21.284 43.891 59.252 26.979 22.666 61.765  3.796
  44.151 43.684 20.833 21.645 11.980 14.999 61.524 57.044 -35.55
 225661630 2 2 4 618684.687518685.7031
 11.202 -0.595 19.765 48.875 59.252 15.735 22.666 -2.695  3.001
  49.135 47.314 19.777 19.696 13.482  2.253 61.524 57.044  28.91
 3 2661750 2 4 6 318689.742218690.6699
 12.256 -0.302 20.712-16.772 -6.312  4.352  5.726  5.567  0.909
 -16.482-19.225 20.686 20.936  3.892  0.460 -5.515 -9.226  -1.28
 3 6661829 1 1 2 318693.769518694.6914
 13.182 -0.489 26.036 30.579 41.830  7.478  9.925-15.731  2.542
  30.584 29.830 26.037 25.846  7.428  0.050 41.984 38.388  13.48
 3 7661637 1 2 3 618694.691418695.7441
 11.558  0.268 25.584 41.830 52.948  9.925 21.694 -2.248  0.494
  41.984 38.388 25.590 25.463  9.499  0.426 54.668 50.532   7.88
 3166616191418323118703.679718704.6719
 14.217  0.699 17.874-47.785-34.652101.599 98.076  9.887  0.836
 -46.435-49.971 17.650 18.237 62.832 38.768-32.467-36.912  -2.23
 316661619 5 3 8 518703.679718704.6719
 13.288  0.102 26.455 32.179 44.390 10.782 17.008 41.170  1.262
  33.011 31.255 25.803 27.178  5.673  5.109 47.021 43.362 -28.70
 320661552 420241718707.660218708.6445
 13.592  0.659 16.802  5.496 17.885103.372116.750 11.888  1.048
   6.382  2.320 16.623 17.442 80.826 22.546 19.105 14.212   9.77
 321661527 314171118708.644518709.9043
 14.504 -0.379 17.450 17.885 34.935116.750 83.750 21.661 -0.233
  19.105 14.212 16.987 18.841 87.648 29.103 35.985 31.106  -8.68
 329661614 812201418716.675818717.7012
 13.387 -0.390 25.913-46.128-33.425125.403148.172  4.651  1.552
 -42.540-51.851 25.651 26.332 77.078 48.325-28.225-39.200   1.13
 330661649 5 9142218717.701218718.6973
 12.768  0.162 25.514-33.425-21.682148.172 98.016  5.780 -0.841
 -28.225-39.200 25.039 26.042 77.972 70.200-16.404-26.413   2.40
 3316616441210222818718.697318719.6797
 15.104 -0.240 25.675-21.682 -7.819 98.016107.366  8.179  1.397
 -16.404-26.413 24.991 26.288 46.324 51.692 -2.260-13.714   2.06
 4 16616181513282218719.679718720.9941
 12.791  0.121 25.440 -7.819  7.701107.366140.351 10.240  0.594
  -2.260-13.714 24.533 26.402 55.261 52.105 14.382  2.136  -4.26
 4 2662351 2 1 3 618720.994118721.7832
 12.349  0.271 17.914-31.704-22.731  1.442 11.246 24.023  1.391
 -31.534-32.063 17.842 18.066  0.981  0.462-21.216-23.250 -18.39
 4 3661848 5 3 8 318721.783218722.7129
 11.143  0.034 26.200 13.549 22.993 60.388 11.437 -5.322 -1.877
  16.912 11.407 26.481 26.021 23.488 36.900 25.778 22.708 -21.41
 4 3661848 3 5 8 318721.783218722.7129
 13.267  0.142 24.922 24.705 36.125 76.170 21.298 33.948  0.094
  25.240 23.552 24.595 25.626 52.023 24.147 37.098 35.392   3.24
 4 46617 7 1 2 3 318722.712918723.8867
 13.282 -0.315 26.231 22.993 37.433 11.437 26.817-26.734 -0.301
  25.778 22.708 27.489 26.102  1.062 10.375 39.790 37.103  -2.94
 4 46617 7 1 2 3 318722.712918723.8867
 13.588 -0.397 25.054 36.125 50.924 21.298 70.224 37.192  0.104
  37.098 35.392 24.385 25.558  9.147 12.150 51.709 49.676 -11.99
 4 5662118 5 6112418723.886718724.6621
 12.937  0.989 19.092  2.803 12.058 30.410 52.833 -5.920  1.522
   4.620  1.126 19.270 18.928 14.599 15.811 14.612  9.600  19.12
 4 5662118 2 1 3 218723.886718724.6621
 13.977 -0.830 25.861 37.433 47.492 26.817 25.985-29.674 -2.116
  39.790 37.103 27.069 25.692  3.290 23.527 47.874 47.307 -10.05
 4 66615531212242218724.662118725.5977
 14.762 -0.407 19.858 12.058 24.964 52.833 34.961 13.204  0.076
  14.612  9.600 19.295 20.401 25.907 26.926 27.611 22.569   1.66
 4 6661553 1 1 2 318724.662118725.5977
 13.115  0.190 25.218 47.492 58.854 25.985 23.919-39.722  0.615
  47.874 47.307 25.505 25.079  8.480 17.505 59.373 58.823 106.90
 4 7661422 913221418725.597718726.6953
 11.566  2.910 19.477 24.964 36.565 34.961 59.497 14.866  0.257
  27.611 22.569 18.814 20.076 16.605 18.356 39.286 33.930   2.40
 414662137 5 8132218732.902318733.6758
 14.767 -0.405 21.354-35.561-24.900 50.200 23.982 18.167  0.678
 -32.395-38.414 20.386 22.226 23.798 26.402-21.693-28.474  -2.34
 4156616121111221918733.675818734.6797
 13.045 -0.185 21.040-24.900-12.774 23.982 42.645 15.825  2.149
 -21.693-28.474 20.192 21.985 12.639 11.343 -7.433-16.614  -5.26
 420661613 4 4 81318738.675818739.6992
 16.584 -0.837 18.647-32.541-16.586 24.766 18.338 18.499  0.350
 -28.496-33.803 17.364 19.047  5.888 18.878-14.859-20.566  -2.53
 420661613 1 2 3 318738.675818739.6992
 13.868 -0.237 25.321-58.502-45.325 15.456 12.427-83.909  0.051
 -58.479-58.560 25.519 24.833 10.993  4.463-45.172-45.513  18.47
 420661613 2 1 3 418738.675818739.6992
 14.945 -0.865 21.859 42.739 57.017 30.606 14.205 16.181 -0.073
  44.886 40.046 21.281 22.584 17.028 13.579 58.389 53.636  -0.78
 421661645 6 7131118739.699218740.6934
 13.365 -0.381 17.791-16.586 -4.275 18.338 34.598 15.974 -2.172
 -14.859-20.566 17.320 18.876 12.791  5.547 -1.554 -5.198 -18.63
 421661645 1 2 3 218739.699218740.6934
 13.711  0.093 25.078-45.325-32.671 12.427  9.836-65.440 -0.099
 -45.172-45.513 25.381 24.707  6.846  5.581-32.575-32.826  -3.75
 422661637 1 1 2 218740.693418741.6680
 14.163  0.074 25.171-32.671-19.814  9.836  9.376-69.192 -0.114
 -32.575-32.826 25.400 24.800  6.077  3.759-19.794-19.825 156.16
 422661637 6 5111618740.693418741.6680
 15.059 -0.184 17.412 -4.275  9.455 34.598 30.387 -2.655 -0.146
  -1.554 -5.198 17.532 17.371  8.761 25.838 11.080  7.638  -6.99
 422661637 3 1 41218740.693418741.6680
 14.474 -0.720 28.394 41.048 54.208 24.666 37.033 -0.037  0.398
  43.641 39.162 28.395 28.393 10.387 14.279 56.488 51.605   4.84
 4236616 3 1 1 2 318741.668018742.6660
 13.928  0.106 25.244-19.814 -6.908  9.376 10.712 86.966 -0.154
 -19.794-19.825 24.909 25.436  3.424  5.952 -6.873 -6.955-165.64
 4236616 310 6161518741.668018742.6660
 13.370 -0.210 17.233  9.455 21.805 30.387 34.191 -9.650  0.794
  11.080  7.638 17.496 16.938 16.045 14.343 24.460 20.148   6.70
 424661559 8 7151418742.666018743.6738
 14.470  0.414 17.023 21.805 35.392 34.191 44.922 -2.950 -0.695
  24.460 20.148 17.154 16.942 13.138 21.053 37.149 33.677 -12.30
 425661610 6 814 718743.673818744.9082
 13.919 -0.188 17.440 35.392 51.361 44.922 39.707-15.252  0.205
  37.149 33.677 17.897 16.994 22.196 22.726 53.872 50.106   6.68
 428662134 1 4 5 518746.898418747.6680
 14.949  0.202 27.772 -7.218  3.516 11.047  8.371  0.744 -0.583
  -5.720 -8.050 27.755 27.782  3.946  7.101  4.479  2.966  24.57
 4296616 0 1 1 2 218747.668018748.7168
 14.264  0.033 20.582-39.504-25.581 27.472 25.827 28.738  2.254
 -39.449-41.660 20.554 21.689 26.790  0.681-25.050-29.974 -25.83
 430661711 1 1 2 118748.716818749.5879
 14.354 -0.278 20.617-25.581-13.921 25.827 29.763  2.905 -4.615
 -25.050-29.974 20.592 20.826 23.043  2.783  0.000  0.000   0.00
 430661711 1 2 3 418748.716818749.5879
 16.312 -0.229-24.485 14.634 28.001 12.807  9.426  5.823 -2.533
  15.637 12.546-24.392-24.678  8.649  4.158 28.173 27.854   3.87
 5 16614 7 0 0 1 518749.587918750.5938
 13.607 -0.333 20.375-13.921 -1.221 29.763 26.765  0.000  0.000
   0.000  0.000  0.000  0.000  0.000  0.000  0.000 -2.564   0.00
 5 16614 7 1 3 4 218749.587918750.5938
 14.123  0.069-24.285 28.001 41.221  9.426  7.492  9.690  0.425
  28.173 27.854-24.258-24.308  4.343  5.082 41.613 40.823  -8.45
 5 2661416 1 4 5 718750.593818751.5781
 13.669  0.263 20.039 -1.221 11.259 26.765 25.525 -3.328  0.721
  -0.677 -2.564 20.069 19.966 19.052  7.713 12.102  9.545 -12.80
 5 3661352 2 5 7 318751.578118752.5879
 15.521  0.064 20.298 11.259 25.936 25.525 12.784-16.123 -1.076
  12.102  9.545 20.526 19.833 17.111  8.414 26.003 24.555  33.23
 5 46614 7 1 2 3 718752.587918753.7129
 12.164 -0.578 20.362 25.936 38.504 12.784 19.125 17.109  2.471
  26.003 24.555 20.343 20.761 12.187  0.597 40.649 36.558 -25.41
 5 56617 6 2 5 7 518753.712918754.9395
 15.567  0.116 19.712 38.504 56.397 19.125 19.549 -8.303 -0.264
  40.649 36.558 20.007 19.445  9.097 10.027 57.099 53.356  -5.67
 513661642 1 2 3 318761.695318762.5918
 13.351 -0.009 28.835-45.929-34.851  6.043  9.516-14.760  0.056
 -43.305-46.046 29.440 28.808  0.259  5.784-32.136-34.989   4.62
 513661642 2 6 81318761.695318762.5918
 14.684  0.377 21.300 25.024 37.296 44.414 28.595 29.426  2.724
  25.730 22.506 20.928 22.623 34.688  9.726 39.418 33.034 -13.44
 514661411 1 2 3 218762.591818763.5977
 13.893 -0.088 28.827-34.851-21.871  9.516  6.156-10.141 -1.234
 -32.136-34.989 29.252 28.805  0.461  9.056-21.860-22.375  79.90
 514661411 6 7131118762.591818763.5977
 15.294  0.050 21.637 37.296 51.685 28.595 38.882 15.984 -0.558
  39.418 33.034 21.072 22.772 19.089  9.506 53.313 47.284 -12.21
 515661420 1 1 2 318763.597718764.6035
 13.496 -0.059 28.738-21.871 -9.283  6.156  0.540 69.755  0.457
 -21.860-22.375 28.712 29.936  6.025  0.132 -9.142-10.658-110.76
 518661358 2 2 4 818766.582018767.5840
 14.791  0.560-20.421-17.238 -3.393 12.559 25.693 20.661  0.469
 -16.520-20.358-20.168-21.524 10.211  2.349 -0.949 -5.141   4.19
 518661358 7 1 8 918766.582018767.5840
 14.797 -0.663 18.417 40.423 54.273 39.208 24.387 20.274  1.566
  42.443 39.150 17.709 18.863 15.157 24.051 56.987 52.099  -2.22
 5196614 2 5 3 8 118767.584018768.5840
 12.136  1.842-20.983 -3.393  7.758 25.693 14.482 24.850 -4.313
  -0.949 -5.141-19.926-21.739 10.712 14.981  0.000  0.000   0.00
 5206614 2 2 3 5 418768.584018769.5996
 15.119  1.301-20.034 13.859 28.200  6.312 14.480-61.126 -0.393
  14.117 13.624-20.472-19.633  3.014  3.298 28.371 27.792  43.46
 5206614 2 0 0 1 218768.584018769.5996
 13.732  0.453-22.826  7.758 20.691 14.482 12.241  0.000  0.000
   0.000  0.000  0.000  0.000  0.000  0.000  0.000 20.531   0.00
 5206614 2 4 5 91518768.584018769.5996
 14.962  0.111 13.750-55.691-41.510 47.538 27.878-12.331  1.461
 -51.848-57.268 14.566 13.415 13.831 33.706-36.598-43.649  14.40
 521661423 8 715 918769.599618770.6523
 13.469 -0.112 13.862-41.510-28.376 27.878 16.710  2.067 -3.353
 -36.598-43.649 13.690 13.937  8.457 19.422-26.489-30.042 -11.37
 522661537 8 6141318770.652318771.6016
 17.047 -0.854-21.920 38.011 53.260 44.231 44.956 18.051 -1.445
  42.410 35.432-20.590-22.700 16.346 27.884 55.598 50.282   4.36
 522661537 5 4 91218770.652318771.6016
 14.985  0.332 13.744-28.376-15.085 16.710 20.142 -9.299  1.681
 -26.489-30.042 14.045 13.480  7.834  8.875-11.441-16.556  -7.32
 523661425 2 5 7 718771.601618772.6797
 13.205 -0.687 24.049-51.087-37.889  8.860 25.978 16.808  2.993
 -50.433-53.045 23.869 24.589  6.642  2.219-35.152-41.124 -17.69
 523661425 4 812 918771.601618772.6797
 15.158 -0.052 14.060-15.085  0.221 20.142 16.382-16.620  0.212
 -11.441-16.556 15.115 13.634  5.793 14.349  2.679 -2.518  -4.05
 524661620 4 3 71718772.679718773.6563
 13.354  0.422 23.307-37.889-25.828 25.978 46.644 -0.886 -0.010
 -35.152-41.124 23.346 23.261 14.070 11.908-22.524-28.500   3.01
 524661620 4 5 91018772.679718773.6563
 12.709 -0.257 14.003  0.221 11.653 16.382 19.592-20.665 -1.431
   2.679 -2.518 14.903 13.001  8.634  7.748 13.146  9.205   5.89
 527661556 6 511 618775.664118776.7520
 15.469  0.080  3.414-16.120 -0.357 17.233 19.133  2.620  0.009
 -14.522-19.496  3.341  3.568 11.698  5.535  2.380 -2.527 -13.04
 527661556 5 4 9 318775.664118776.7520
 15.874 -0.514 23.106  1.154 17.358 42.490 29.365  7.949 -5.872
   3.578 -4.459 22.794 23.826 29.677 12.813 18.447 16.752 -18.31
 6 1661415 4 5 9 118780.593818781.5918
 14.365  0.033 12.160-18.068 -4.714  8.195  2.176 -8.004 -3.355
 -16.937-20.335 12.316 11.849  5.467  2.727  0.000  0.000   0.00
 6 1661415 2 3 5 118780.593818781.5918
 14.417 -0.152 30.901 -0.356 13.050  8.382  5.164 33.108 -5.589
   0.702 -4.754 30.309 33.362  6.756  1.626  0.000  0.000   0.00
 6 2661411 0 0 1 918781.591818782.6895
 11.681  0.823 12.194 -4.714  7.024  2.176  3.486  0.000  0.000
   0.000  0.000  0.000  0.000  0.000  0.000  0.000  5.774   0.00
 6 2661411 0 0 1 218781.591818782.6895
 13.096 -0.016 30.749 13.050 26.341  5.164  4.432  0.000  0.000
   0.000  0.000  0.000  0.000  0.000  0.000  0.000 25.659   0.00
 6 3661632 2 3 5 218782.689518783.6855
 13.327 -0.380 21.372-49.220-36.910 17.830 11.551  6.171  0.533
 -48.526-51.207 21.303 21.572 13.215  4.615-36.283-39.538  -3.13
 6 3661632 5 4 9 518782.689518783.6855
 15.276 -0.054 13.097  7.024 21.278  3.486  3.037 -3.128  0.053
   8.548  5.774 13.178 13.030  1.571  1.915 21.648 18.829   8.72
 6 3661632 1 1 2 118782.689518783.6855
 13.371  0.216 30.731 26.341 38.695  4.432  4.714 10.732 -0.684
  26.441 25.659 30.715 30.842  3.866  0.566  0.000  0.000   0.00
 6 4661628 1 1 2 318783.685518784.7891
 14.798 -0.055 20.993-36.910-21.674 11.551  9.731  3.041 -0.104
 -36.283-39.538 20.962 21.123  9.328  2.223-21.191-24.337  -4.58
 6 4661628 0 0 1 118783.685518784.7891
 13.839  0.225 30.946 38.695 52.874  4.714  0.205  0.000  0.000
   0.000  0.000  0.000  0.000  0.000  0.000  0.000  0.000   0.00
 6 5661856 1 2 3 118784.789118785.7246
 14.385  0.233 20.932-21.674 -9.127  9.731  4.943 -1.538 -2.940
 -21.191-24.337 20.944 20.865  8.238  1.493  0.000  0.000   0.00
 6 9661429 2 810 818788.603518789.6855
 13.634  1.010 20.014-34.078-20.380 21.797 33.999 10.137 -2.501
 -30.514-34.558 19.416 20.095  2.588 19.209-20.205-20.793  56.03
 6 9661429 0 0 1 118788.603518789.6855
 13.887  0.345 21.101 28.870 42.841  6.085  5.893  0.000  0.000
   0.000  0.000  0.000  0.000  0.000  0.000  0.000  0.000   0.00
 610661628 5 3 81218789.685518790.6855
 12.234 -0.029 21.108-20.380 -9.135 33.999 44.811 66.166  3.821
 -20.205-20.793 20.738 21.980 23.870 10.129 -8.016-13.353 -82.14
 610661628 0 0 1 118789.685518790.6855
 13.829 -0.116 21.475 42.841 55.679  5.893  5.562  0.000  0.000
   0.000  0.000  0.000  0.000  0.000  0.000  0.000  0.000   0.00
 611661627 9 3121018790.685518791.6016
 14.528  0.137 21.079 -9.135  3.273 44.811 20.066-15.972 -3.348
  -8.016-13.353 21.378 19.953 35.414  9.397  4.078  2.119  11.89
 612661426 5 5101018791.601618792.6660
 14.085  0.320 21.205  3.273 17.232 20.066 12.266 -4.081  0.533
   4.078  2.119 21.259 21.128 11.822  8.244 18.382 15.875  -5.41
 6136616 0 3 7101118792.666018793.6543
 14.366 -0.244 21.545 17.232 30.459 12.266 22.695 -9.494 -0.837
  18.382 15.875 21.724 21.334  6.641  5.625 30.978 29.404  25.74
 614661543 4 711 318793.654318794.7090
 13.852  0.673 21.305 30.459 44.018 22.695  5.693 16.243 -0.100
  30.978 29.404 21.164 21.591 15.206  7.490 44.267 42.742  -8.33
 6156617 0 7 4111318794.709018795.6895
 14.223  0.475 16.897-14.335 -1.333 28.410 46.871 12.686  0.153
 -12.875-16.375 16.583 17.337 16.558 11.852  0.376 -3.267   1.48
 616661634 8 5131018795.689518796.6719
 12.469  0.795 17.363 -1.333  9.948 46.871 33.545 14.166  2.678
   0.376 -3.267 16.952 17.829 24.884 21.987 14.722  8.270  -2.35
 630662257 2 1 3 318809.957018810.7012
 13.897  0.199 33.389-14.753 -5.127  8.551  5.545-55.695  2.657
 -14.260-15.987 33.992 31.878  6.109  2.442 -4.702-10.454  32.49
 630662257 1 2 3 218809.957018810.7012
 14.011  0.133 15.074 16.012 25.723  4.830 14.411 87.930  1.219
  16.061 16.012 13.771 15.088  0.050  4.780 26.213 25.718-167.08
 630662257 4 2 6 618809.957018810.7012
 14.459 -0.394 17.494 31.525 41.569 32.048 41.356 -0.133  1.130
  33.488 29.386 17.499 17.490 16.706 15.342 44.096 38.831   4.09
 7 46617 3 3 4 72118813.710918814.6875
 14.440  0.262 33.109 28.771 41.923 53.552118.675 12.242  0.302
  30.272 25.815 32.836 33.646 35.511 18.041 43.728 38.798  -9.32
 7 5661630 1 2 3 418814.687518815.6738
 12.039  0.097 30.384 -5.400  5.506  3.523 13.085 -5.035 -1.863
  -3.195 -6.098 30.551 30.331  0.848  2.676  5.872  5.133  -6.83
 7 5661630 714211318814.687518815.6738
 14.241  0.124 33.364 41.923 55.002118.675121.230  2.918  1.043
  43.728 38.798 33.288 33.498 75.241 43.434 57.313 51.251   8.92
 7 6661610 2 1 3 418815.673818816.5703
 13.489  0.371 18.313-30.631-19.424  7.116 10.587  1.651 -2.956
 -26.938-30.841 18.212 18.318  0.382  6.734-18.816-19.511 -30.26
 7 7661340 2 2 41218816.570318817.6699
 15.337 -0.257 18.645-19.424 -3.610 10.587 11.525-28.613  2.033
 -18.816-19.511 18.960 18.600  1.329  9.258 -1.531 -4.411  39.54
 7 7661340 31013 118816.570318817.6699
 16.524 -0.853 29.454 20.492 37.613 27.219  7.212 19.066 -2.837
  21.764 18.685 29.071 29.998 15.977 11.242  0.000  0.000   0.00
 7 7661340 0 0 1 318816.570318817.6699
 14.687 -0.335 19.537 15.756 30.854  1.211  6.721  0.000  0.000
   0.000  0.000  0.000  0.000  0.000  0.000  0.000 29.609   0.00
 7 86616 6 6 612 418817.669918818.5801
 14.439  0.297 18.362 -3.610  8.626 11.525  7.936 10.924  1.855
  -1.531 -4.411 17.981 18.509  3.206  8.319 10.718  5.935   1.38
 7 86616 6 0 0 1 518817.669918818.5801
 11.383  0.404 28.514 37.613 47.071  7.212 30.931  0.000  0.000
   0.000  0.000  0.000  0.000  0.000  0.000  0.000 45.047   0.00
 7 86616 6 1 2 3 318817.669918818.5801
 16.027 -2.007 19.168 30.854 44.534  6.721  3.560 30.420 -2.009
  32.729 29.609 18.129 19.859  2.682  4.039 44.931 43.495 -17.32
 7 9661355 2 2 4 718818.580118819.7441
 13.546 -0.165-32.923 -5.293  9.343 16.995 24.789 15.790  1.041
  -4.518 -8.058-32.739-33.579 13.274  3.721 11.464  6.622  -6.40
 710661752 3 4 7 618819.744118820.6777
 12.618  0.470-32.730  9.343 20.199 24.789 16.166  9.393  1.222
  11.464  6.622-32.435-33.109 13.930 10.859 23.987 17.697   0.89
 711661615 3 3 6 118820.677718821.7598
 13.442 -1.257-33.169 20.199 33.692 16.166 13.071 10.279 -5.351
  23.987 17.697-32.594-33.549  6.430  9.736  0.000  0.000   0.00
 713661644 0 0 1 118822.697318823.7539
 13.750  0.264 25.221-55.995-42.496 37.363 24.446  0.000  0.000
   0.000  0.000  0.000  0.000  0.000  0.000  0.000  0.000   0.00
 717661725 0 0 1 118826.726618827.6855
 13.203  0.351-22.803-46.211-34.478 13.095 25.584  0.000  0.000
   0.000  0.000  0.000  0.000  0.000  0.000  0.000  0.000   0.00
 717661725 0 0 1 118826.726618827.6855
 14.018  0.188-23.402-52.726-40.211 15.920  8.477  0.000  0.000
   0.000  0.000  0.000  0.000  0.000  0.000  0.000  0.000   0.00
 717661725 1 4 5 418826.726618827.6855
 14.402  0.230 25.103 -5.173  7.710 21.868 27.069-37.661 -0.517
  -4.445 -6.568 25.612 24.128 14.361  7.507  7.819  5.833  17.66
 717661725 1 1 2 118826.726618827.6855
 14.974 -0.794 22.391 45.865 59.297  6.618  7.504 26.991 -2.450
  46.148 43.787 22.258 23.370  5.826  0.791  0.000  0.000   0.00
 718661627 0 0 1 218827.685518828.7148
 14.050 -0.099-23.140-34.478-21.024 25.584 11.842  0.000  0.000
   0.000  0.000  0.000  0.000  0.000  0.000  0.000-23.192   0.00
 718661627 0 0 1 118827.685518828.7148
 14.455  0.293-23.582-40.211-26.341  8.477  3.024  0.000  0.000
   0.000  0.000  0.000  0.000  0.000  0.000  0.000  0.000   0.00
 718661627 1 3 4 318827.685518828.7148
 13.870  0.165 25.324  7.710 20.977 27.069 18.117-20.001 -0.917
   7.819  5.833 25.360 24.706 25.575  1.494 21.149 20.089  35.87
 7196617 8 1 1 2 118828.714818829.6777
 13.772 -0.021-23.039-21.024 -8.702 11.842  4.739-14.112 -2.066
 -21.015-23.192-23.041-22.537 11.792  0.050  0.000  0.000   0.00
 7196617 8 0 0 1 118828.714818829.6777
 13.651  0.134-23.884-26.341-14.134  3.024  0.836  0.000  0.000
   0.000  0.000  0.000  0.000  0.000  0.000  0.000  0.000   0.00
 7196617 8 2 1 3 218828.714818829.6777
 14.345  0.148 23.710-25.667-12.793  7.882  2.614-11.302 -0.788
 -24.385-26.827 23.944 23.498  3.742  4.139-12.631-14.260  13.55
 7196617 8 1 2 3 318828.714818829.6777
 14.414 -0.651 25.494 20.977 33.919 18.117 18.605 15.868 -0.078
  21.149 20.089 25.450 25.722 15.186  2.932 34.244 33.503  26.89
 720661615 0 0 1 118829.677718830.7402
 13.919  0.227-23.019 -8.702  5.039  4.739  8.245  0.000  0.000
   0.000  0.000  0.000  0.000  0.000  0.000  0.000  0.000   0.00
 720661615 1 2 3 318829.677718830.7402
 13.747  0.184 24.867 33.919 47.476 18.605 15.490 42.755  0.189
  34.244 33.503 24.594 25.216 10.442  8.163 47.964 46.837 -20.30
 721661745 0 0 1 118830.740218831.7324
 13.536 -0.167-23.260  5.039 17.501  8.245  8.074  0.000  0.000
   0.000  0.000  0.000  0.000  0.000  0.000  0.000  0.000   0.00
 721661745 1 1 2 118830.740218831.7324
 13.492  0.015 20.939-54.319-41.901 18.494 32.325 88.633 -0.676
 -54.315-54.332 20.791 21.467 14.441  4.053  0.000  0.000   0.00
 721661745 0 0 1 518830.740218831.7324
 14.736 -0.380 36.994-44.349-30.696 10.172 39.019  0.000  0.000
   0.000  0.000  0.000  0.000  0.000  0.000  0.000-32.937   0.00
 722661734 0 0 1 118831.732418832.9141
 14.028 -0.062 20.954-41.901-26.485 32.325 31.828  0.000  0.000
   0.000  0.000  0.000  0.000  0.000  0.000  0.000  0.000   0.00
 722661734 2 3 51118831.732418832.9141
 13.930 -0.758 36.617-30.696-15.397 39.019 39.483 15.826  0.955
 -28.306-32.937 36.074 37.127 18.880 20.139-12.513-18.198   0.90
 723662155 0 0 1 118832.914118833.9336
 14.023  0.087 20.880-26.485-13.177 31.828 22.806  0.000  0.000
   0.000  0.000  0.000  0.000  0.000  0.000  0.000  0.000   0.00
 723662155 6 5112018832.914118833.9336
 14.240 -0.199 35.723-15.397 -1.868 39.483 55.723 16.726  1.516
 -12.513-18.198 35.019 36.406 19.452 20.031  1.431 -6.022   0.02
 724662223 0 0 1 118833.933618834.6895
 14.388  0.101 20.969-13.177 -3.036 22.806 69.766  0.000  0.000
   0.000  0.000  0.000  0.000  0.000  0.000  0.000  0.000   0.00
 725661633 0 0 1 118834.689518835.7051
 13.389 -0.070 21.045 -3.036  9.565 69.766 43.120  0.000  0.000
   0.000  0.000  0.000  0.000  0.000  0.000  0.000  0.000   0.00
 725661633 4 2 6 418834.689518835.7051
 10.684  1.468 37.132  2.881 12.735 21.706  3.247 38.519 -1.691
   4.293  1.950 36.236 37.722  8.623 13.083 13.021 12.602  23.44
 725661633 1 2 3 118834.689518835.7051
 13.042  0.578 35.132 12.660 24.909 22.909 23.975-34.491 -1.076
  13.298 12.213 35.490 34.880  9.449 13.461  0.000  0.000   0.00
 726661655 0 0 1 218835.705118836.6660
 13.062 -0.008 33.506-40.347-28.742 11.144  6.229  0.000  0.000
   0.000  0.000  0.000  0.000  0.000  0.000  0.000-29.143   0.00
 726661655 0 0 1 118835.705118836.6660
 13.509  0.328 20.974  9.565 21.600 43.120 46.560  0.000  0.000
   0.000  0.000  0.000  0.000  0.000  0.000  0.000  0.000   0.00
 726661655 0 0 1 218835.705118836.6660
 13.582  0.280 35.718 24.909 37.013 23.975 18.938  0.000  0.000
   0.000  0.000  0.000  0.000  0.000  0.000  0.000 35.564   0.00
 726661655 3 1 4 318835.705118836.6660
 11.993  0.739 38.623 12.735 23.314  3.247  4.101 61.962  1.481
  13.021 12.602 38.203 38.818  1.031  2.216 25.055 23.270 -11.31
 8 3661655 4 4 8 418843.705118844.7246
 14.166 -0.178 20.666 -9.305  4.148 20.021  5.484-12.354  1.462
  -8.050-10.622 20.923 20.396 10.248  9.773  5.929  1.830   0.42
 8 3661655 1 4 5 118843.705118844.7246
 15.533 -0.306 25.056 20.845 35.693  7.381  7.091 16.277 -8.564
  21.725 12.650 24.823 27.224  6.665  0.715  0.000  0.000   0.00
 8 3661655 3 2 5 618843.705118844.7246
 16.135 -0.492 24.231 33.750 49.212 16.379 15.600 15.655 -3.331
  35.575 31.882 23.764 24.708  8.285  8.093 49.257 49.129 -60.77
 8 4661723 0 0 1 118844.724618845.7520
 13.476  0.343 24.744 35.693 48.529  7.091  7.949  0.000  0.000
   0.000  0.000  0.000  0.000  0.000  0.000  0.000  0.000   0.00
 812661722 1 4 5 218852.722718853.7031
 15.539 -0.239 30.727-11.857  2.410 10.932  7.705 25.721 -0.110
 -11.425-12.303 30.548 30.912  5.557  5.374  2.415  1.596 -11.42
 812661722 2 1 3 318852.722718853.7031
 12.613  0.584 33.982-21.462-10.063  2.238  8.955 11.175 -0.420
 -20.917-21.949 33.893 34.062  1.055  1.183 -9.639-10.127  16.31
 812661722 2 1 3 318852.722718853.7031
 13.296  0.406-25.091 21.465 33.535  1.030  2.341 -6.018  0.207
  21.666 21.240-25.110-25.069  0.544  0.486 33.783 33.458 -54.41
 813661652 2 1 3 118853.703118854.7363
 12.570 -0.069 34.554-10.063  1.898  8.955 11.701 27.483 -0.453
  -9.639-10.127 34.373 34.582  1.176  7.778  0.000  0.000   0.00
 813661652 1 1 2 118853.703118854.7363
 14.268 -0.365 30.493  2.410 16.123  7.705 20.644 14.306 -0.728
   2.415  1.596 30.491 30.671  7.655  0.050  0.000  0.000   0.00
 814661738 1 3 4 218854.736318855.7832
 14.228 -0.862 28.237-36.941-23.049 17.757  4.045-36.338  3.012
 -36.914-37.035 28.254 28.176 13.819  3.938-22.292-25.823  32.59
 814661738 0 0 1 118854.736318855.7832
 13.088  0.478 34.483  1.898 14.595 11.701  6.437  0.000  0.000
   0.000  0.000  0.000  0.000  0.000  0.000  0.000  0.000   0.00
 814661738 0 0 1 218854.736318855.7832
 13.626  0.250 30.116 16.123 29.384 20.644 12.585  0.000  0.000
   0.000  0.000  0.000  0.000  0.000  0.000  0.000 28.632   0.00
 815661849 1 1 2 318855.783218856.6914
 13.733  0.606 27.333-23.049-11.473  4.045  2.584 -3.751  0.834
 -22.292-25.823 27.377 27.172  3.178  0.867-10.027-14.280  22.83
 815661849 0 0 1 118855.783218856.6914
 12.938  0.522 34.984 14.595 25.449  6.437  6.750  0.000  0.000
   0.000  0.000  0.000  0.000  0.000  0.000  0.000  0.000   0.00
 815661849 1 1 2 218855.783218856.6914
 13.148  0.079 30.378 29.384 40.428 12.585  8.165 -2.259 -0.240
  29.387 28.632 30.378 30.353 12.535  0.050 40.594 40.156  25.67
 822661623 9 5141918862.683618863.6895
 17.214  0.503  5.921 -6.195 10.140 10.080 26.345-20.106  1.218
  -5.032 -7.041  6.345  5.613  4.245  5.835 11.644  8.405   4.23
 822661623 6 1 71318862.683618863.6895
 15.197  0.030 23.791-56.184-41.879 26.935 35.511  8.995  2.271
 -53.140-57.558 23.350 23.990  8.377 18.558-38.199-45.122  -3.39
 823661633 9 4131318863.689518864.7598
 15.577  0.127 23.821-41.879-26.268 35.511 31.924  5.605  1.061
 -38.199-45.122 23.491 24.112 16.638 18.873-22.968-31.071  -1.39
 823661633 3 3 6 718863.689518864.7598
 14.054  0.678 21.090-53.260-39.278 21.645 28.586-70.309 -0.590
 -52.904-53.553 22.020 20.328  9.752 11.894-38.896-40.052  42.99
 823661633 1 1 2 118863.689518864.7598
 13.185 -0.240 34.942-52.499-39.447 10.000  2.752-56.143 -0.737
 -52.497-52.997 34.945 34.333  9.950  0.050  0.000  0.000   0.00
 823661633 1 2 3 118863.689518864.7598
 15.758 -0.389 18.900 27.621 43.425  7.246  0.615  0.759 -1.229
  28.183 26.884 18.893 18.909  4.112  3.134  0.000  0.000   0.00
 823661633 613192118863.689518864.7598
 15.142 -0.026  6.427 10.140 25.285 26.345 65.611-15.872  2.444
  11.644  8.405  6.852  5.937 14.110 12.235 27.142 21.478   2.27
 824661813 3 4 7 818864.759818865.7539
 14.576  0.241 21.815-39.278-25.758 28.586 37.243-27.321  0.390
 -38.896-40.052 21.998 21.444 19.142  9.445-24.766-26.433  42.02
 824661813 0 0 1 118864.759818865.7539
 13.482  0.191 34.685-39.447-27.015  2.752 15.065  0.000  0.000
   0.000  0.000  0.000  0.000  0.000  0.000  0.000  0.000   0.00
 824661813 61521 618864.759818865.7539
 14.026  0.014  6.400 25.285 38.258 65.611 93.362-13.605  1.917
  27.142 21.478  6.846  5.484 44.101 21.509 41.247 33.704   0.14
 8256618 5 3 5 81118865.753918866.6582
 12.654  0.252 22.054-25.758-15.195 37.243 32.463 14.695  0.272
 -24.766-26.433 21.813 22.218 15.092 22.150-14.227-16.188 -28.68
 8256618 5 1 2 3 118865.753918866.6582
 16.080 -2.107 24.563-52.773-39.110  7.116  3.912 65.289 -2.886
 -51.870-53.196 22.778 25.399  2.268  4.847  0.000  0.000   0.00
 8256618 5 0 0 1 118865.753918866.6582
 13.124 -0.116 34.875-27.015-16.027 15.065  6.220  0.000  0.000
   0.000  0.000  0.000  0.000  0.000  0.000  0.000  0.000   0.00
 8256618 5 1 5 61718865.753918866.6582
 14.279 -0.542  6.413 38.258 50.292 93.362 66.268-13.462 -1.250
  41.247 33.704  7.124  5.330 56.372 36.990 52.630 46.200   5.51
 9 76616 7 4 4 81118878.671918879.7266
 15.525  0.045-21.802 15.964 31.304  6.315 29.215  4.515  1.637
  20.273 14.581-21.486-21.904  1.534  4.781 35.846 28.523   7.06
 9 76616 7 3 1 4 418878.671918879.7266
 14.270 -0.482 21.425-47.570-33.554 17.822 16.109-41.720 -0.017
 -47.241-48.138 21.698 20.953 11.281  6.541-33.107-34.261  29.51
 9 76616 7 0 0 1 118878.671918879.7266
 14.319 -0.124 21.065-55.482-41.414 15.464  3.213  0.000  0.000
   0.000  0.000  0.000  0.000  0.000  0.000  0.000  0.000   0.00
 9 8661727 3 1 4 418879.726618880.8105
 16.574  2.661 20.916-33.554-16.652 16.109 10.196-12.208 -0.376
 -33.107-34.261 21.006 20.773  9.876  6.234-16.390-17.165  25.24
 9 9661928 3 1 4 418880.810518881.9336
 14.603 -1.162 23.800-16.652 -1.367 10.196  9.719 13.036  2.460
 -16.390-17.165 23.745 23.909  6.749  3.448  0.107 -2.378  30.87
 913662334 6 2 81018884.982418885.8359
 15.103 -1.529 21.809 33.449 45.510 21.703 33.100 21.617  0.208
  35.415 31.367 21.086 22.575 11.163 10.541 47.462 43.113  -5.02
 9146620 4 1 5 6 818885.835918886.9180
 14.349 -1.451  7.962-48.995-34.524 58.790 72.555 -0.810  2.470
 -48.782-49.833  7.965  7.950 46.877 11.913-31.854-35.043  26.30
 9146620 4 5 5101018885.835918886.9180
 14.216  0.938 20.503 45.510 59.836 33.100 29.476 16.597  1.422
  47.462 43.113 19.959 21.173 18.244 14.855 61.992 55.909 -12.56
 9156622 3 5 3 8 118886.918018887.7109
 11.772 -1.640  6.392-34.524-25.983 72.555  1.914 25.495 -3.511
 -31.854-35.043  5.127  6.638 11.814 60.741  0.000  0.000   0.00
 920662213 2 2 4 818891.925818892.7461
 13.783  0.268  6.084 30.798 41.295 63.189121.297-22.484 -0.254
  31.222 28.967  6.259  5.331 51.301 11.888 41.393 39.800 -20.78
 920662213 511161218891.925818892.7461
 14.879  0.058 21.535  6.500 17.896 67.036 49.105 -3.454 -1.079
  10.175  1.307 21.742 21.244 39.261 27.775 20.607 12.914  -1.87
 921661753 810181518892.746118893.7051
 14.230 -1.266 23.844-59.337-46.643 77.171 49.933 15.035  0.846
 -56.825-60.286 23.227 24.077 21.164 56.007-43.759-48.199  -8.75
 921661753 210121118892.746118893.7051
 15.483 -0.850 21.583 17.896 31.791 49.105 51.518 -5.323 -0.415
  20.607 12.914 21.818 21.151 31.804 17.302 33.374 26.201  -2.48
 921661753 4 4 8 318892.746118893.7051
 13.963 -1.363  6.305 41.295 53.733121.297 32.194-43.260  0.136
  41.393 39.800  6.396  4.906113.844  7.454 54.359 52.501   6.48
 92266165311 4151318893.705118894.7031
 13.981 -0.490 22.630-46.643-33.664 49.933 43.531  6.289 -0.692
 -43.759-48.199 22.337 22.789 17.508 32.425-31.095-34.732 -17.24
 922661653 2 9111118893.705118894.7031
 14.602  0.734 20.768 31.791 45.390 51.518 32.733 -7.807 -3.577
  33.374 26.201 20.971 20.051 40.148 11.370 46.652 43.287  -3.50
 923661652 9 4131218894.703118895.7734
 16.107  0.336 22.141-33.664-17.460 43.531 52.749-10.950  1.001
 -31.095-34.732 22.601 21.950 12.780 30.751-15.623-20.282  24.76
 923661652 2 1 31218894.703118895.7734
 11.586  1.833 20.537-28.820-17.460  7.998 52.749  5.341  2.745
 -27.823-29.616 20.450 20.607  3.550  4.448-15.623-20.282   8.47
 924661835 7 5121318895.773418896.7383
 11.718 -0.296 22.501-17.460 -7.114 52.749 21.993 13.809 -1.219
 -15.623-20.282 22.084 23.142 31.951 20.798 -4.397 -7.856 -18.40
 925661743 7 6131218896.738318897.7266
 15.272 -0.101 22.216 -7.114  7.005 21.993 33.811 -4.586  1.513
  -4.397 -7.856 22.417 22.160  4.721 17.272  9.953  4.976  17.26
 926661726 6 6121618897.726618898.8984
 12.995  0.695 22.116  7.005 21.075 33.811 28.694 12.670 -0.333
   9.953  4.976 21.502 22.538 13.780 20.032 24.312 19.571 -18.92
10 46615 212 6181918905.627018906.6641
 15.196 -0.245 20.858-46.626-31.883 31.234 38.224 13.347  0.485
 -44.093-52.344 20.297 22.126 21.646  9.587-29.025-37.929  -5.70
10 5661556 2 2 42018906.664118907.6387
 15.523  0.763-23.650  6.856 21.021 27.000 40.344 15.840  1.312
   8.840  5.981-23.135-23.878  8.269 18.731 22.795 18.373 -19.37
10 5661556 910191918906.664118907.6387
 13.467  0.082 20.604-31.883-19.722 38.224 21.401  7.650  1.085
 -29.025-37.929 20.245 21.365 25.956 12.268-16.774-26.757   2.69
10 6661518 91019 518907.638718908.9453
 15.580 -0.089 20.685-19.722 -0.638 21.401  9.670 10.339 -8.671
 -16.774-26.757 20.181 21.885 15.080  6.321 -0.329 -1.109 -37.73
10 6661518 81220 618907.638718908.9453
 14.801 -0.190-24.394 21.021 39.086 40.344 32.812 -3.526  1.970
  22.795 18.373-24.493-24.245 24.152 16.192 41.754 35.180   6.15
10 7662242 6 2 8 218908.945318909.7109
 16.794 -1.253 22.241-11.072  1.026  1.826  0.469-28.627 -1.332
 -10.313-11.709 22.625 21.920  0.833  0.993  1.059  0.924   3.03
10 7662242 3 2 5 818908.945318909.7109
 14.563  0.240 20.569 -0.638  9.752  9.670 13.116-27.387  0.145
  -0.329 -1.109 20.719 20.340  5.839  3.831 10.391  9.397  11.30
1011662017 0 0 1 118912.845718913.8945
 13.872  0.125  5.628-50.946-37.425 59.553 60.354  0.000  0.000
   0.000  0.000  0.000  0.000  0.000  0.000  0.000  0.000   0.00
1011662017 2 1 3 118912.845718913.8945
 13.722 -0.015 21.869 30.832 44.196  5.675  5.261 16.350 -4.423
  31.225 26.652 21.762 23.007  5.188  0.487  0.000  0.000   0.00
1012662128 0 0 1 118913.894518914.9609
 14.501 -0.321  5.759-37.425-23.009 60.354 67.089  0.000  0.000
   0.000  0.000  0.000  0.000  0.000  0.000  0.000  0.000   0.00
1012662128 5 6111218913.894518914.9609
 13.539  0.124 20.777-49.594-36.205 57.247 45.625  3.691 -1.271
 -46.336-52.864 20.580 20.974 28.672 28.575-33.896-39.075  -6.74
10136623 4 0 0 1 118914.960918915.9141
 14.117  0.388  5.416-23.009-10.489 67.089 66.936  0.000  0.000
   0.000  0.000  0.000  0.000  0.000  0.000  0.000  0.000   0.00
10136623 4 7 5121418914.960918915.9141
 14.377  0.235 20.909-36.205-23.437 45.625 41.476 -3.045  1.547
 -33.896-39.075 21.023 20.766 25.286 20.339-20.746-27.554   9.60
10136623 4 0 0 1 118914.960918915.9141
 13.844  0.644 22.708-48.489-36.230  4.851  6.818  0.000  0.000
   0.000  0.000  0.000  0.000  0.000  0.000  0.000  0.000   0.00
10136623 4 0 0 1 118914.960918915.9141
 13.251  0.821 26.001-56.591-44.897  8.230  5.097  0.000  0.000
   0.000  0.000  0.000  0.000  0.000  0.000  0.000  0.000   0.00
1014662157 0 0 1 118915.914118916.9199
 14.046 -0.411  5.786-10.489  2.643 66.936 38.054  0.000  0.000
   0.000  0.000  0.000  0.000  0.000  0.000  0.000  0.000   0.00
1014662157 8 6142218915.914118916.9199
 13.714 -0.560 21.133-23.437-10.638 41.476 61.939  6.558 -0.671
 -20.746-27.554 20.845 21.575 25.084 16.393 -8.421-14.492  -0.01
1014662157 0 0 1 318915.914118916.9199
 13.609  0.548 23.321-36.230-23.536  6.818  9.005  0.000  0.000
   0.000  0.000  0.000  0.000  0.000  0.000  0.000-24.102   0.00
1014662157 0 0 1 118915.914118916.9199
 13.626  0.024 26.784-44.897-32.186  5.097  2.214  0.000  0.000
   0.000  0.000  0.000  0.000  0.000  0.000  0.000  0.000   0.00
10156622 5 1 2 3 218916.919918917.8828
 15.201 -1.017 23.873-23.536 -9.855  9.005  6.121 56.333  0.567
 -22.558-24.102 22.530 24.650  3.300  5.705 -9.714-11.096   9.52
10156622 51111221218916.919918917.8828
 15.440 -0.046 20.570-10.638  3.274 61.939 53.415  6.551 -0.104
  -8.421-14.492 20.332 20.984 39.321 22.617  7.149  1.178  -0.97
10156622 5 0 0 1 118916.919918917.8828
 14.556 -0.048  5.373  2.643 15.704 38.054 99.073  0.000  0.000
   0.000  0.000  0.000  0.000  0.000  0.000  0.000  0.000   0.00
1016662111 1 1 2 518917.882818918.6113
 16.298  0.392 13.102 -3.986  7.179  2.845  9.206 79.735  2.923
  -3.972 -4.114 13.026 13.795  2.565  0.280  9.052  5.276 -87.19
1016662111 1 1 2 218917.882818918.6113
 13.974 -0.071 22.894 -9.855 -0.384  6.121  4.957 65.856  0.199
  -9.714-11.096 22.604 25.446  5.497  0.625  0.132 -1.824  -8.81
1016662111 4 8121618917.882818918.6113
 13.798 -0.247 20.525  3.274 12.616 53.415 39.776  5.576  1.566
   7.149  1.178 20.171 20.717 18.747 34.668 17.157  9.565   2.19
1017661441 1 1 2 118918.611318919.7012
 14.488 -0.820 22.843 -0.384 14.337  4.957  0.050 57.050 -3.313
   0.132 -1.824 22.109 24.889  3.650  1.308  0.000  0.000   0.00
1017661441 1 4 51118918.611318919.7012
 14.700 -0.238 13.388  7.179 22.131  9.206 14.249 -7.454  0.905
   9.052  5.276 13.627 13.146  4.640  4.566 24.507 19.774   6.83
1017661441 412161318918.611318919.7012
 11.435  0.725 20.345 12.616 24.008 39.776 22.149  7.770 -3.166
  17.157  9.565 19.764 20.736 15.983 23.794 26.103 21.864 -18.03
1021661615 1 1 2 118922.677718923.6914
 14.144 -0.296-16.650-31.347-17.998  8.826  2.974-42.042 -0.684
 -31.155-31.685-16.815-16.357  5.635  3.191  0.000  0.000   0.00
1021661615 2 3 5 718922.677718923.6914
 13.639  0.073 12.716-34.581-21.743  9.989 33.521 28.678  4.498
 -33.486-35.412 12.132 13.160  4.314  5.675-20.374-27.164 -32.94
1022661636 0 0 1 118923.691418924.7402
 14.180  0.353-16.350-17.998 -4.172  2.974  0.578  0.000  0.000
   0.000  0.000  0.000  0.000  0.000  0.000  0.000  0.000   0.00
1022661636 3 4 7 318923.691418924.7402
 14.859  0.746 12.791-21.743 -7.206 33.521  8.253 -4.261 -5.534
 -20.374-27.164 12.890 12.397 26.761  6.760 -7.041 -8.176   0.43
1022661636 2 1 3 218923.691418924.7402
 11.908  0.525 27.606  8.093 19.538  0.755  3.533  6.052 -2.507
  11.227  6.986 27.312 27.710  0.197  0.558 20.859 19.519 -27.87
1023661745 1 2 3 318924.740218925.7168
 14.444 -0.057-26.744 12.892 26.042 16.269 16.786 26.313  2.076
  15.246 11.491-25.704-27.363  6.073 10.197 29.717 24.155   5.00
1023661745 0 0 1 318924.740218925.7168
 14.364  0.041-16.719 -4.172  8.899  0.578  1.095  0.000  0.000
   0.000  0.000  0.000  0.000  0.000  0.000  0.000  7.856   0.00
1023661745 2 1 3 518924.740218925.7168
 14.763 -0.546 13.572 -7.206  6.255  8.253  8.705 -3.835 -0.010
  -7.041 -8.176 13.583 13.509  7.055  1.198  6.431  5.502  38.08
1023661745 1 3 4 218924.740218925.7168
 15.028  0.217 12.038-13.884 -0.164  7.257  8.407-17.366  0.091
 -13.464-14.239 12.166 11.929  3.326  3.932  0.095 -0.809  14.59
1023661745 1 1 2 218924.740218925.7168
 16.163  0.757 28.156 19.538 34.367  3.533  6.410-21.816  0.556
  20.859 19.519 28.622 28.149  0.050  3.483 34.381 32.513  -4.69
1024661712 1 2 3 518925.716818926.7129
 13.243  0.267-26.688 26.042 38.247 16.786 12.094 31.318 -1.324
  29.717 24.155-24.689-27.713  5.694 11.092 40.652 36.754   8.04
1024661712 1 1 2 418925.716818926.7129
 14.404 -0.241 12.250 -0.164 13.198  8.407 11.023 -2.774  1.642
   0.095 -0.809 12.262 12.219  6.001  2.406 14.706 12.947  49.85
1024661712 4 1 5 218925.716818926.7129
 13.991 -0.739 13.039  6.255 19.205  8.705  3.925 34.246  0.095
   6.431  5.502 12.922 13.538  7.051  1.655 19.296 18.975  40.48
1024661712 1 1 2 218925.716818926.7129
 12.155 -0.459 28.896 34.367 45.489  6.410  5.065-26.507  0.151
  34.381 32.513 28.902 28.087  6.360  0.050 47.467 45.230  20.35
10256617 6 3 2 5 318926.712918927.7109
 12.458  2.368-26.954 38.247 49.711 12.094  8.406 39.355 -3.465
  40.652 36.754-25.196-28.045  4.633  7.461 49.987 49.091 -79.90
1027661723 0 0 1 418928.724618929.7969
 14.116  0.118 19.949-30.884-16.815  2.235 15.795  0.000  0.000
   0.000  0.000  0.000  0.000  0.000  0.000  0.000-17.450   0.00
10286619 7 2 2 4 418929.796918930.9355
 12.444 -0.236 20.075-16.815 -3.766 15.795  5.016-16.843 -2.897
 -13.800-17.450 20.933 19.895  2.748 13.047 -3.536 -4.085  58.02
10286619 7 5 611 818929.796918930.9355
 15.654  0.136 21.126 11.480 28.185 14.948 11.320-32.472 -0.717
  13.297  9.715 22.205 20.078  7.365  7.583 29.861 26.394  37.49
1029662227 2 2 4 318930.935518931.6348
 14.415  0.461 19.806 -3.766  5.625  5.016 21.573 41.174  0.556
  -3.536 -4.085 19.617 20.069  2.914  2.103  6.614  5.295 -37.38
1029662227 3 5 8 518930.935518931.6348
 13.867 -0.519 21.281 28.185 37.193 11.320 10.914  5.022  1.926
  29.861 26.394 21.143 21.427  5.847  5.473 39.976 34.586   8.07
1030661514 1 2 3 218931.634818932.7910
 13.993  0.402 20.129  5.625 20.672 21.573 12.467  3.791 -0.269
   6.614  5.295 20.068 20.150  5.391 16.182 21.447 20.417 -10.97
11 1661757 0 0 1 118933.748018934.6406
 14.539 -0.266 12.086-45.988-33.885  3.352  4.515  0.000  0.000
   0.000  0.000  0.000  0.000  0.000  0.000  0.000  0.000   0.00
11 1661757 2 5 7 518933.748018934.6406
 11.160  0.876 20.248 36.205 45.291 13.281 11.905  7.266 -4.963
  40.470 33.828 19.737 20.532  4.753  8.528 45.808 44.966 -60.75
11 1661757 2 2 4 318933.748018934.6406
 13.272 -0.050 35.271 44.828 55.800  9.227 16.067 10.815  1.133
  45.915 43.790 35.102 35.433  4.506  4.722 57.204 53.679  -4.32
11 3661726 1 1 2 318935.726618936.6367
 15.670 -0.300-22.432 38.447 51.826 10.766 14.543 19.034  1.927
  38.461 35.462-22.428-23.384 10.716  0.050 52.708 47.702  -1.61
11 86616 7 4 3 71018940.671918941.6543
 13.701  1.287 12.843-10.991  1.513  5.467 27.086-10.136-42.158
  -2.527-48.545 22.893 14.872 16.722  0.150  3.065 -0.408  20.06
11 9661543 1 2 3 218941.654318942.8340
 13.748  0.540  7.575-30.307-15.249 38.548 38.482-51.589 -0.096
 -28.537-30.328  9.788  7.549  0.450 38.098-14.921-16.243 113.30
11 9661543 4 3 7 918941.654318942.8340
 14.149 -0.146 14.239-33.990-18.459 48.327 51.138-29.621  2.123
 -32.293-34.801 15.174 13.792 15.634 32.693-14.601-19.597  39.59
11 9661543 3 710 818941.654318942.8340
 15.024 -0.210 14.108  1.513 18.076 27.086 14.247  9.923  3.088
   3.065 -0.408 13.845 14.434 14.978 12.108 20.573 14.120   5.79
11 9661543 4 4 8 218941.654318942.8340
 16.663  0.147 22.594  8.958 27.455 54.032 10.590 -6.667 -5.269
  12.230  5.072 22.947 22.174 29.333 24.699 28.155 26.656  10.02
11106620 2 1 1 21918942.834018943.9609
 13.093  2.233  8.213-15.249 -1.611 38.482110.697 61.715  3.108
 -14.921-16.243  7.608 10.040 28.919  9.564  0.193 -4.225 -19.41
11106620 2 5 4 91918942.834018943.9609
 15.943 -2.965 14.067-18.459 -1.611 51.138110.697  9.973  0.950
 -14.601-19.597 13.409 14.262 11.649 39.489  0.193 -4.225  32.33
11106620 2 2 6 8 118942.834018943.9609
 17.242 -1.172 13.861 18.076 36.386 14.247  2.480 15.717 -6.508
  20.573 14.120 13.179 14.942  8.733  5.515  0.000  0.000   0.00
11106620 2 1 1 2 218942.834018943.9609
 14.737  0.550 22.768 27.455 42.945 10.590  9.599  3.352 -0.560
  28.155 26.656 22.730 22.811  5.642  4.948 43.535 42.645   4.39
11116623 4 1 4 5 118943.960918944.6523
 13.492 -0.183 13.118 37.183 45.825 19.596  0.487 23.127 -6.029
  37.332 31.640 13.056 15.424 19.083  0.514  0.000  0.000   0.00
11116623 4 0 0 1 118943.960918944.6523
 14.646  0.652 12.541 36.386 45.825  2.480  0.487  0.000  0.000
   0.000  0.000  0.000  0.000  0.000  0.000  0.000  0.000   0.00
1117661735 2 4 6 118949.732418950.7949
 13.618 -0.910 18.824-15.392 -1.970  6.383  6.814 17.245 -4.933
 -13.780-18.757 18.350 19.813  4.315  2.068  0.000  0.000   0.00
11246617 6 1 3 4 918956.712918957.8359
 11.469  0.541 15.473-56.770-44.981 11.411 20.553 37.081  1.208
 -56.283-60.049 15.119 17.862  9.938  1.473-42.064-47.559 -13.61
11246617 6 0 0 1 118956.712918957.8359
 13.296 -0.092 29.289 26.055 39.897 11.109 10.177  0.000  0.000
   0.000  0.000  0.000  0.000  0.000  0.000  0.000  0.000   0.00
1129662128 5 2 7 418961.894518962.7539
 12.951  0.874 24.808-19.898 -9.601 10.188  2.443 31.422 -1.485
 -17.969-20.488 23.738 25.135  2.385  7.803 -8.702 -9.654  12.59
1129662128 1 1 2 218961.894518962.7539
 13.912 -0.395 17.943  6.498 17.623 12.251  6.711  0.005  0.243
   6.503  5.452 17.943 17.943 12.201  0.050 17.632 16.331  -4.19
12 76617 313 4172818969.710918970.7520
 13.569  0.074-22.797-31.858-18.756 47.392 82.956  0.669  1.309
 -29.222-34.101-22.769-22.821 21.788 25.604-15.659-21.960  -1.62
12 76617 3 0 0 1 118969.710918970.7520
 13.460  0.209  6.654-19.216 -6.227 18.465 39.700  0.000  0.000
   0.000  0.000  0.000  0.000  0.000  0.000  0.000  0.000   0.00
12 76617 3 4 5 91218969.710918970.7520
 14.653  0.178 27.830-33.422-19.191 23.141 29.759 16.940  1.849
 -30.920-34.863 27.156 28.218  8.457 14.683-16.111-21.788   7.26
12 76617 3 3 1 4 218969.710918970.7520
 11.496 -0.301 27.725-18.564 -7.620 14.194  1.643 -8.416 -2.187
 -16.576-20.486 27.986 27.474  6.978  7.216 -7.577 -8.984  -9.35
12 86618 21810283318970.752018971.8965
 13.969  0.435-22.874-18.756 -3.893 82.956104.110 -0.950 -0.127
 -15.659-21.960-22.921-22.825 42.187 40.769 -0.371 -6.420  13.11
12 86618 2 7 8151618970.752018971.8965
 14.352 -0.377 21.220-48.489-33.188 66.216 49.042 -3.765 -0.087
 -43.626-52.879 21.519 20.951 31.418 34.798-28.888-38.040   2.65
12 86618 2 8 4121118970.752018971.8965
 13.079 -0.028 28.015-19.191 -5.348 29.759 39.772 24.203  0.602
 -16.111-21.788 26.793 29.046 13.611 16.148 -1.042 -7.415  -1.60
12 96621301815333218971.896518972.9141
 13.966  0.127-23.372 -3.893  9.316104.110106.445 12.158  2.392
  -0.371 -6.420-22.675-23.872 43.500 60.610 13.981  5.320  -1.87
12 9662130 3 8111418971.896518972.9141
 14.010 -0.506 27.983 -5.348  7.906 39.772 34.771 22.607 -0.106
  -1.042 -7.415 26.400 28.743 12.901 26.871 11.413  5.227   1.02
12106621551616324218972.914118973.8945
 14.946 -0.261-23.502  9.316 23.018106.445137.994 10.284  0.595
  13.981  5.320-22.725-24.166 49.110 57.335 27.639 18.463   3.11
1210662155 7 7141418972.914118973.8945
 13.085  0.965 27.468  7.906 19.782 34.771 47.254 23.629  1.199
  11.413  5.227 26.107 28.507 15.059 19.711 24.535 17.379   5.27
1217661812 2 3 5 118979.757818980.7109
 16.447 -1.110 20.605 11.549 26.274  4.193  3.229  9.305 -4.978
  13.575  8.327 20.294 21.099  2.574  1.618  0.000  0.000   0.00
1217661812 2 3 5 718979.757818980.7109
 15.664 -0.940 17.454 23.013 36.992  4.885  4.503 24.419 -0.351
  25.020 21.190 16.585 18.243  2.325  2.561 37.481 33.687 -17.78
1217661812 2 2 4 118979.757818980.7109
 11.651 -0.861 14.592 41.365 51.523  4.864  4.249 -3.090 -4.132
  43.306 39.043 14.693 14.471  2.649  2.215  0.000  0.000   0.00
1219661719 0 0 1 118981.720718982.7363
 14.659 -0.299 -6.820-19.922 -6.054  4.671  3.065  0.000  0.000
   0.000  0.000  0.000  0.000  0.000  0.000  0.000  0.000   0.00
1219661719 0 0 1 118981.720718982.7363
 13.545  0.205 29.341-54.592-41.853  5.669 11.637  0.000  0.000
   0.000  0.000  0.000  0.000  0.000  0.000  0.000  0.000   0.00
