 1 161 8 4 1 4 5 216802.664116803.8770
 14.509  0.025 -6.776  1.853 18.267  1.124  0.683 -2.281  0.188
   2.408  1.242 -6.797 -6.751  0.590  0.535 18.853 17.616 -21.91
 1 161 8 4 2 5 7 216802.664116803.8770
 14.973 -0.282-14.323-52.079-35.102  4.170  1.702-10.278  0.181
 -51.648-52.798-14.399-14.197  2.608  1.562-34.813-36.083  30.54
 1 161 8 41634503916802.664116803.8770
 14.482  0.373 16.097  9.203 25.583124.870105.861 11.128  0.008
  13.164  4.940 15.348 16.902 64.720 60.150 30.351 22.181   2.57
 1 261 257 1 1 2 216803.877016804.6719
 15.445  0.032-13.981-35.102-23.600  1.702  1.608 20.263 -0.870
 -34.813-36.083-13.878-14.333  1.315  0.387-23.587-24.003 -44.77
 1 261 257 7 1 81116803.877016804.6719
 16.518  0.730 21.335-48.671-36.315 20.092 41.340 -2.233 -0.381
 -44.959-51.740 21.470 21.224  9.094 10.998-33.757-40.089  -6.27
 1 261 2571326393516803.877016804.6719
 14.274  0.098 16.549 25.583 36.155105.861 98.974 13.697  0.149
  30.351 22.181 15.435 17.344 44.082 61.779 40.385 31.959  -3.24
 1 361 753 1 1 2 116804.671916805.6680
 13.895 -1.089-14.007-23.600-10.720  1.608  1.502-24.507 -0.444
 -23.587-24.003-14.013-13.829  1.558  0.050  0.000  0.000   0.00
 1 361 753 3 8111716804.671916805.6680
 16.574  2.045 21.916-36.315-20.764 41.340 75.572 -8.498  1.851
 -33.757-40.089 22.270 21.393 24.638 16.702-17.988-26.490   4.35
 1 361 7531322352116804.671916805.6680
 15.855 -2.720 16.626 36.155 50.989 98.974 63.327 10.456  2.562
  40.385 31.959 15.878 17.368 49.278 49.696 56.331 45.436   0.52
 1 461 756 512171916805.668016806.8770
 12.615 -1.531 23.956-20.764 -6.696 75.572 42.331 -4.149 -0.685
 -17.988-26.490 24.140 23.576 50.899 24.673 -4.056-11.665  -2.99
 1 561 255 613192216806.877016807.6699
 14.429 -0.284 22.104 -6.696  3.952 42.331 65.951 -7.140  0.148
  -4.056-11.665 22.411 21.528 27.649 14.683  7.196 -0.536  -1.22
 1 661 755 616221716807.669916808.6660
 14.132 -0.168 21.880  3.952 17.050 65.951 59.288 -8.360  1.182
   7.196 -0.536 22.322 21.268 38.281 27.670 19.844 10.779   5.18
 1 661 755 1 1 2 116807.669916808.6660
 13.109 -0.976  8.896 24.955 37.034  1.042  6.614-17.304 -2.021
  26.036 24.083  9.229  8.628  0.465  0.577  0.000  0.000   0.00
 1 761 8 1 3 2 5 716808.666016809.8809
 13.632  0.482-10.624-54.798-39.421  0.382 18.598-24.899  0.111
 -54.032-56.956-10.974 -9.640  0.282  0.100-38.508-41.767  11.98
 1 761 8 1 8 917 316808.666016809.8809
 16.160  0.246 21.713 17.050 35.498 59.288 33.918 -3.178 -7.513
  19.844 10.779 21.857 21.389 41.014 18.274 35.511 34.518   0.36
 1 861 252 4 3 71216809.880916810.6680
 13.493 -0.120-11.210-39.421-29.558 18.598 12.183-12.915  0.468
 -38.508-41.767-11.415-10.682 13.388  5.210-28.806-32.625  13.29
 1 861 252 1 1 2 116809.880916810.6680
 13.929  0.172  7.609-16.287 -6.080  0.263  1.338-80.458 -2.139
 -15.997-16.355  9.318  7.208  0.050  0.213  0.000  0.000   0.00
 1 861 252 1 2 3 516809.880916810.6680
 12.894 -0.083 22.012 35.498 44.889 33.918 44.862 -2.820  2.294
  35.511 34.518 22.012 21.967 33.475  0.443 45.479 42.038  -4.33
 1 961 756 6 6121116810.668016811.6680
 14.101  0.368-11.115-29.558-16.455 12.183 13.676  0.372  0.445
 -28.806-32.625-11.111-11.135  9.782  2.401-15.397-19.629   8.05
 1 961 756 1 4 5 416810.668016811.6680
 14.210 -0.571 21.946 44.889 58.102 44.862 43.752 -7.149 -2.428
  45.479 42.038 22.015 21.614 37.175  7.688 58.559 57.893  45.40
 11061 759 4 7111216811.668016812.6543
 13.594  0.269-11.483-16.455 -4.007 13.676 14.743  8.418 -0.237
 -15.397-19.629-11.329-11.943 10.257  3.419 -2.484 -6.476   0.38
 11161 818 4 812 316812.654316813.9063
 15.527 -0.388-11.748 -4.007 14.209 14.743  6.722  8.801 -3.464
  -2.484 -6.476-11.517-12.122  9.119  5.624 14.492 14.005   4.17
 11261 215 1 2 3 516813.906316814.8926
 11.589  0.973-11.262 14.209 24.679  6.722  2.337 12.966  3.680
  14.492 14.005-11.198-11.308  2.811  3.911 26.820 22.585  -5.94
 11261 215 0 0 1 216813.906316814.8926
 15.028 -0.741-10.424-10.783  3.081  0.050  0.406  0.000  0.000
   0.000  0.000  0.000  0.000  0.000  0.000  0.000  1.355   0.00
 11361 233 3 2 5 116814.892616815.8926
 16.969 -1.020-12.222 24.679 40.669  2.337  2.616  7.026 -4.171
  26.820 22.585-11.964-12.475  1.155  1.181  0.000  0.000   0.00
 11361 233 1 1 2 116814.892616815.8926
 15.012 -0.204 -9.692  3.081 17.114  0.406  1.051  5.238 -1.948
   3.324  1.355 -9.670 -9.848  0.356  0.050  0.000  0.000   0.00
 11461 233 0 0 1 316815.892616816.8848
 13.359  1.141-11.203 40.669 52.946  2.616 11.574  0.000  0.000
   0.000  0.000  0.000  0.000  0.000  0.000  0.000 52.893   0.00
 11461 233 0 0 1 216815.892616816.8848
 11.948  1.012 -9.488 17.114 27.992  1.051  0.614  0.000  0.000
   0.000  0.000  0.000  0.000  0.000  0.000  0.000 27.760   0.00
 11661 8 7 2 4 6 816817.662116818.6660
 12.685  0.137 -9.258 41.464 53.227 12.079  9.698 -6.090  0.694
  43.426 40.615 -9.465 -9.169  3.646  8.433 55.090 51.782  26.57
 11761 8 0 4 4 81216818.666016819.7070
 14.431  0.233 -3.713-18.822 -4.828  9.266 14.862-11.257 -0.020
 -16.313-19.595 -4.212 -3.560  2.182  7.084 -3.395 -6.714  15.02
 12961 8 1 2 1 3 116830.666016831.6699
 14.244  0.522 10.764-27.718-14.397  0.253  0.319 59.397 -1.091
 -27.316-27.882 10.097 11.036  0.073  0.179  0.000  0.000   0.00
 12961 8 1 31013 916830.666016831.6699
 14.625 -0.263  8.728-17.805 -4.102 39.187 24.863 14.802 -0.306
 -17.241-19.251  8.580  9.105 28.192 10.994 -3.550 -5.279  -2.68
 13061 755 3 6 91416831.669916832.6836
 13.967  0.634  8.464 -4.102  9.066 24.863 23.316 12.118  0.303
  -3.550 -5.279  8.346  8.714 16.929  7.934 10.121  8.120   3.59
 13061 755 5 1 61416831.669916832.6836
 15.724 -1.102 10.224 -5.884  9.066  4.549 23.316 -2.964 -0.956
  -4.782 -7.835 10.280 10.124  2.907  1.642 10.121  8.120  18.67
 2 261 022 1 1 2 316834.984416835.9199
 15.033 -0.819-16.188-35.127-21.971  4.748  3.615 -2.144  0.293
 -33.460-37.498-16.248-16.103  2.788  1.961-20.923-25.246   5.18
 2 261 022 1 2 3 216834.984416835.9199
 14.298 -0.959 -8.909-44.274-31.805  7.243  6.090 -2.299 -0.270
 -43.983-47.727 -8.921 -8.772  6.680  0.563-31.777-35.243   2.07
 2 261 022 2 1 3 516834.984416835.9199
 14.624  0.032 22.291 -1.299 11.475 10.612  3.939 30.763  0.443
  -0.965 -2.244 22.107 22.812  7.842  2.770 11.803 10.300   9.44
 2 261 022 1 1 2 316834.984416835.9199
 14.796 -0.609  8.889 40.672 53.606 19.487 17.103 -4.306 -1.413
  40.738 37.841  8.894  8.678 19.042  0.445 53.683 52.241  -7.44
 2 361 154 1 2 3 116835.919916836.8984
 15.751 -0.396-15.422-21.971 -7.517  3.615  3.225  3.037 -4.173
 -20.923-25.246-15.368-15.589  2.738  0.877  0.000  0.000   0.00
 2 361 154 1 1 2 116835.919916836.8984
 15.006  0.276 -8.011-31.805-18.080  6.090  6.646 -0.231 -3.432
 -31.777-35.243 -8.011 -7.997  6.040  0.050  0.000  0.000   0.00
 2 361 154 2 3 5 316835.919916836.8984
 14.540 -0.144 22.322 11.475 24.744  3.939  7.295 40.208 -0.146
  11.803 10.300 22.065 23.240  3.079  0.860 24.903 23.119 -30.68
 2 461 225 0 0 1 116836.898416837.8770
 14.101  0.130 -8.281-18.080 -5.231  6.646  5.533  0.000  0.000
   0.000  0.000  0.000  0.000  0.000  0.000  0.000  0.000   0.00
 2 561 255 0 0 1 216837.877016838.9902
 13.492 -0.365 -8.408 -5.231  8.681  5.533  7.421  0.000  0.000
   0.000  0.000  0.000  0.000  0.000  0.000  0.000  8.629   0.00
 2 561 255 1 1 2 516837.877016838.9902
 13.885  1.133  3.588-49.050-34.701  7.771 25.280 42.071  0.343
 -49.040-50.582  3.579  4.968  7.721  0.050-34.632-36.649  -8.37
 2 561 255 0 0 1 116837.877016838.9902
 12.952  0.974  3.771-56.110-42.798  0.050  2.571  0.000  0.000
   0.000  0.000  0.000  0.000  0.000  0.000  0.000  0.000   0.00
 2 661 015 1 4 5 516838.990216840.6758
 14.105 -2.573-10.809-31.404 -9.263  2.766  8.870-32.508  1.323
 -30.626-32.236-11.296-10.288  1.430  1.336 -8.084-10.994   7.22
 2 661 015 2 3 5 416838.990216840.6758
 16.094  1.453  4.848-34.701 -9.205 25.280 20.723 33.704 -1.252
 -34.632-36.649  4.801  6.142 24.411  0.870 -8.556 -9.661 -14.02
 2 861 746 4 1 5 216840.675816841.6602
 16.487  2.488 -6.469 -9.263  6.008  8.870  1.464-25.290 -2.559
  -8.084-10.994 -7.023 -5.657  5.277  3.594  6.193  5.634  -4.89
 2 961 8 7 0 0 1 216841.660216842.6660
 14.230 -0.573 -8.599 43.838 57.144  7.914  1.203  0.000  0.000
   0.000  0.000  0.000  0.000  0.000  0.000  0.000 57.028   0.00
 2 961 8 7 1 1 2 616841.660216842.6660
 13.708  0.249 -8.919  6.008 18.789  1.464  2.851-30.179  2.299
   6.193  5.634 -9.026 -8.704  0.978  0.486 19.289 18.601 -46.47
 2 961 8 7 1 5 6 616841.660216842.6660
 12.129  0.264 -8.874-22.279-11.082  3.211  5.706  7.966 -0.098
 -21.451-25.105 -8.760 -9.265  2.484  0.727 -8.119-11.662   1.58
 2 961 8 7 510151116841.660216842.6660
 13.591  0.197  3.743 -1.090 11.574 33.132  6.928 -6.354  0.483
   0.800 -5.756  3.953  3.224 23.579  9.553 15.151  8.069   5.82
 21861 546 1 1 2 116850.759816851.8770
 14.753  0.288  6.882-41.098-25.690  7.213  0.050  7.339 -3.825
 -40.725-44.547  6.834  7.322  6.510  0.704  0.000  0.000   0.00
 21961 255 2 3 5 216851.877016852.8965
 16.399 -0.169-11.435-49.829-34.132  8.922  0.166  3.755 -2.677
 -47.356-51.626-11.276-11.551  3.754  5.168-33.676-35.184   9.15
 22061 230 1 1 2 516852.896516853.8926
 13.755 -0.191-11.152-41.143-28.413  0.926  1.659-27.968  0.154
 -40.613-42.322-11.428-10.538  0.639  0.287-26.854-28.900  16.17
 22161 234 1 1 2 316853.892616854.6914
 12.888  0.988-13.309-11.751 -2.224  2.267 11.218  7.382  1.216
 -10.950-13.240-13.208-13.497  1.474  0.793  0.734 -2.773   3.48
 22161 234 4 1 5 816853.892616854.6914
 17.123  1.414-10.962-28.413-15.499  1.659  5.962-11.800  3.051
 -26.854-28.900-11.281-10.862  0.395  1.264-12.142-17.355   8.94
 22261 722 1 2 3 116854.691416855.8848
 13.233 -0.133-14.100 -2.224 12.394 11.218  0.644 10.859 -3.463
   0.734 -2.773-13.550-14.202  1.755  9.463  0.000  0.000   0.00
 22261 722 4 4 8 116854.691416855.8848
 11.540 -0.379-12.093-15.499 -2.902  5.962  1.808 -2.863 -5.103
 -12.142-17.355-12.257-12.002  2.122  3.840  0.000  0.000   0.00
 22261 722 0 0 1 216854.691416855.8848
 13.852  0.323  6.084-55.901-40.544  7.838  8.246  0.000  0.000
   0.000  0.000  0.000  0.000  0.000  0.000  0.000-41.036   0.00
 22361 245 0 0 1 116855.884816856.8984
 14.157 -0.627-13.942 12.394 25.753  0.644  3.102  0.000  0.000
   0.000  0.000  0.000  0.000  0.000  0.000  0.000  0.000   0.00
 22361 245 0 0 1 116855.884816856.8984
 12.089 -0.157-11.120  4.957 16.220  0.661  0.050  0.000  0.000
   0.000  0.000  0.000  0.000  0.000  0.000  0.000  0.000   0.00
 22361 245 1 2 3 216855.884816856.8984
 13.945 -0.290-11.933-28.736-15.592  5.476  3.285 -3.521 -0.850
 -28.609-32.043-11.941-11.734  5.274  0.202-15.401-17.903  -9.57
 22361 245 1 1 2 116855.884816856.8984
 14.051  0.564  6.469-40.544-27.292  8.246 14.151 27.612 -3.660
 -37.772-41.036  5.028  6.725  1.242  7.004  0.000  0.000   0.00
 22761 246 0 0 1 116859.884816860.8965
 14.363  0.063  7.255 11.636 25.175  6.130  5.996  0.000  0.000
   0.000  0.000  0.000  0.000  0.000  0.000  0.000  0.000   0.00
 22861 230 0 0 1 316860.896516861.6680
 14.004  0.380  7.318 25.175 35.232  5.996 10.522  0.000  0.000
   0.000  0.000  0.000  0.000  0.000  0.000  0.000 34.859   0.00
 3 161 757 2 1 3 116861.668016862.6660
 13.842 -0.357  7.611 35.232 48.057 10.522 12.723-29.329 -0.455
  35.259 34.859  7.626  7.403  9.817  0.705  0.000  0.000   0.00
 3 261 8 1 1 1 2 216862.666016863.6699
 15.911 -0.498 19.605 -0.394 14.598  0.100  0.855  1.126 -0.526
   0.927 -1.714 19.580 19.629  0.050  0.050 14.600 12.533   4.27
 3 461 0 7 2 1 3 316864.996116865.9570
 13.297  0.117 -9.557-36.304-24.459  1.898  9.787  9.393  0.194
 -34.598-37.046 -9.279 -9.678  0.576  1.323-23.101-25.297  25.53
 3 761 245 1 1 2 316867.884816868.8867
 15.476 -0.307-10.735  2.546 17.050  0.961  3.859 47.553  1.294
   3.230  0.941-10.001-12.460  0.674  0.287 17.677 13.680 -15.73
 3 761 245 3 1 4 716867.884816868.8867
 14.263 -0.215  3.553  7.405 20.695 11.964 13.013-16.269  0.440
  10.367  5.250  4.416  2.925  5.040  6.925 23.630 18.179  -2.88
 3 861 244 3 4 7 116868.886716869.8906
 11.823 -0.943  3.338 20.695 31.589 13.013  0.117-19.152 -5.760
  23.630 18.179  4.355  2.465  6.007  7.005  0.000  0.000   0.00
 3 961 237 2 2 4 516869.890616870.8008
 13.809 -0.226 -6.379-58.138-46.460  6.939 12.005 23.247 -1.193
 -57.621-59.517 -6.158 -6.968  5.047  1.893-46.084-46.886  -1.58
 3 961 237 1 2 3 116869.890616870.8008
 13.512  0.186  4.308 37.742 49.149  0.940  0.050 34.887 -2.293
  37.942 36.056  4.169  5.480  0.840  0.100  0.000  0.000   0.00
 31061 445 1 4 5 416870.800816871.6777
 14.346  0.407 -6.173-46.460-34.758 12.005 20.480 21.665  0.419
 -46.084-46.886 -6.025 -6.341  6.370  5.634-34.382-35.643 -10.49
 31161 745 1 3 4 316871.677716872.7031
 14.689 -0.456 -6.530-34.758-20.700 20.480 28.757 11.176  0.117
 -34.382-35.643 -6.456 -6.703 14.371  6.108-20.621-22.021  -9.23
 31261 7 8 1 2 3 516872.703116873.6621
 13.759 -0.079 -6.062-20.700 -8.438 28.757 14.200  1.943  0.524
 -20.621-22.021 -6.059 -6.106 27.139  1.619 -7.945 -9.836   9.37
 31361 8 5 1 4 5 216873.662116874.8906
 14.932 -0.076 -5.986 -8.438  8.688 14.200 12.736 11.308 -0.331
  -7.945 -9.836 -5.888 -6.264 10.501  3.699  8.763  7.202   0.40
 31361 8 5 1 1 2 216873.662116874.8906
 15.062  2.603 -2.697 -8.597  8.688  1.594 12.736 -4.187  1.301
  -8.457 -8.742 -2.708 -2.687  0.808  0.786  8.763  7.202  15.89
 31761 226 0 0 1 216877.898416878.6973
 13.847  0.598  3.952-19.185 -8.912  1.150  2.065  0.000  0.000
   0.000  0.000  0.000  0.000  0.000  0.000  0.000-10.722   0.00
 31761 226 2 1 3 116877.898416878.6973
 12.322 -0.643  2.840 -8.155  0.900  2.897  0.050-24.819 -2.505
  -7.265 -9.542  3.251  2.199  1.765  1.132  0.000  0.000   0.00
 31761 226 0 0 1 116877.898416878.6973
 12.927  2.251 -3.356 48.434 57.972  6.227 15.523  0.000  0.000
   0.000  0.000  0.000  0.000  0.000  0.000  0.000  0.000   0.00
 31861 716 1 1 2 416878.697316879.6230
 14.485 -0.179  4.430 -8.912  3.586  2.065  7.820-43.710 -0.416
  -8.867-10.722  4.472  2.705  2.015  0.050  4.047  1.957  30.37
 31961 9 3 3 1 4 116879.623016880.6582
 14.827 -0.519  4.264  3.586 17.920  7.820  8.364-13.342 -2.142
   4.047  1.957  4.373  3.878  6.095  1.725  0.000  0.000   0.00
 32061 812 2 3 5 616880.658216881.6172
 14.629 -0.073  8.024-12.587  0.518  2.605  6.721 20.416  1.196
 -11.659-13.763  7.682  8.458  1.456  1.149  2.012 -1.329  -5.80
 32061 812 0 0 1 116880.658216881.6172
 14.743  0.119  3.726 17.920 31.135  8.364  4.504  0.000  0.000
   0.000  0.000  0.000  0.000  0.000  0.000  0.000  0.000   0.00
 32161 9 9 1 1 2 416881.617216882.6230
 13.763  0.154  8.511-57.832-45.000 35.197 45.202-64.041 -0.013
 -57.829-58.755  8.517  6.638 35.081  0.116-44.977-46.913  86.90
 32161 9 9 2 4 6 616881.617216882.6230
 15.185  0.159  7.954  0.518 14.778  6.721 16.964 14.611 -1.074
   2.012 -1.329  7.568  8.431  3.716  3.004 15.179 12.990   7.89
 32161 9 9 0 0 1 116881.617216882.6230
 14.270  0.230  3.841 31.135 44.476  4.504  1.406  0.000  0.000
   0.000  0.000  0.000  0.000  0.000  0.000  0.000  0.000   0.00
 32261 9 3 1 3 4 516882.623016883.6152
 13.858 -0.233  8.665-45.000-32.225 45.202 56.865 22.862  0.372
 -44.977-46.913  8.655  9.462 44.642  0.559-31.590-32.269 -96.95
 32261 9 3 3 3 61516882.623016883.6152
 14.401 -0.735  8.113 14.778 28.093 16.964 29.331 22.499  0.518
  15.179 12.990  7.949  8.846 13.861  3.103 29.593 26.727 -15.59
 32661 734 2 2 4 716886.683616887.6738
 15.754  1.458  5.714 -6.319  8.287  5.133  8.722-38.718  2.771
  -5.910 -6.377  6.040  5.668  0.644  4.489  9.439  6.981  -4.86
 32661 734 1 2 3 516886.683616887.6738
 14.560 -0.236  7.966  8.612 22.036 30.211 40.741-65.033 -1.946
   9.731  8.604 10.345  7.950  0.202 30.009 22.271 21.568  66.19
 32761 751 7 411 816887.673816888.8848
 13.782 -0.013-15.054-54.587-39.080 12.690 11.858 24.436  0.295
 -51.260-58.013-13.594-16.557  6.437  6.253-35.353-42.402  -0.33
 32761 751 5 2 7 416887.673816888.8848
 15.248  0.615  7.157  8.287 25.572  8.722  6.972-43.577  1.001
   9.439  6.981  8.245  5.924  4.633  4.089 27.746 23.521  26.95
 32761 751 3 2 5 216887.673816888.8848
 14.328  0.045  7.732 22.036 38.206 40.741 16.995  1.153  0.370
  22.271 21.568  7.728  7.742 27.164 13.577 38.224 37.384  37.48
 32861 245 1 1 2 116888.884816889.6699
 13.834  0.096-18.167-48.380-38.296 18.775  3.916-64.391 -0.650
 -48.196-48.491-18.532-17.946  7.090 11.685  0.000  0.000   0.00
 32861 245 1 3 4 516888.884816889.6699
 12.559  0.807  7.902 25.572 34.654  6.972  8.460-16.631 -0.590
  27.746 23.521  8.545  7.295  3.384  3.588 37.676 33.892   8.65
 32861 245 1 1 2 116888.884816889.6699
 13.715  0.519  7.787 38.206 48.196 16.995 14.116 38.628 -1.066
  38.224 37.384  7.772  8.437 16.617  0.378  0.000  0.000   0.00
 32961 755 1 1 21616889.669916890.6621
 15.790 -1.611-14.546-25.401-10.699 25.719 23.847 19.068 -1.568
 -22.357-25.407-13.528-14.548  0.049 25.670-10.017-11.493   3.35
 32961 755 0 0 1 216889.669916890.6621
 16.572 -0.176-18.243-38.296-22.818  3.916  2.322  0.000  0.000
   0.000  0.000  0.000  0.000  0.000  0.000  0.000-23.627   0.00
 32961 755 0 0 1 716889.669916890.6621
 14.581  0.132-16.117-55.996-42.494  1.242  7.775  0.000  0.000
   0.000  0.000  0.000  0.000  0.000  0.000  0.000-44.761   0.00
 32961 755 1 4 51516889.669916890.6621
 15.415 -1.344  8.535 34.654 48.984  8.460 14.440 -7.978 -0.944
  37.676 33.892  8.954  8.430  1.703  6.756 50.018 47.494  35.93
 33061 8 5 9 7161016890.662116891.6523
 14.225  0.151-12.946-10.699  2.413 23.847 22.356 22.414  0.680
 -10.017-11.493-12.672-13.266 12.836 11.012  3.354  1.209  -1.52
 33061 8 5 1 1 2 116890.662116891.6523
 12.469  0.423-18.068-22.818-11.445  2.322 10.559 15.565 -4.884
 -18.678-23.627-16.972-18.283  0.380  1.942  0.000  0.000   0.00
 33061 8 5 1 1 2 116890.662116891.6523
 13.396 -0.070-18.557-23.736-11.445  2.408 10.559-81.176 -0.526
 -23.720-23.805-18.651-18.132  1.971  0.437  0.000  0.000   0.00
 33061 8 5 3 3 6 116890.662116891.6523
 13.814  0.035-19.674-30.758-18.054  5.343  6.106-26.366 -0.434
 -30.673-31.086-19.714-19.521  4.239  1.104  0.000  0.000   0.00
 33061 8 5 2 5 7 216890.662116891.6523
 13.364 -0.417-16.248-42.494-30.235  7.775 18.884  2.165 -1.603
 -42.131-44.761-16.235-16.330  6.703  1.072-30.216-31.173   3.01
 33061 8 5 2 2 4 216890.662116891.6523
 12.690 -0.493-17.321-53.093-41.502 10.846 19.753-18.998  0.433
 -52.207-53.326-17.613-17.245  2.251  8.595-40.371-41.945   3.64
 4 161 850 2 4 6 516892.630916893.8223
 12.196  0.232-13.107 18.669 32.029  9.048 14.439  6.095 -1.066
  20.375 17.328-12.930-13.246  3.983  5.065 32.381 30.410  -8.56
 4 161 850 0 0 1 116892.630916893.8223
 11.439 -0.098-18.744  4.527 16.985 14.536  5.046  0.000  0.000
   0.000  0.000  0.000  0.000  0.000  0.000  0.000  0.000   0.00
 4 161 850 0 0 1 116892.630916893.8223
 11.484  0.155-16.158-13.529 -1.017  3.901 16.549  0.000  0.000
   0.000  0.000  0.000  0.000  0.000  0.000  0.000  0.000   0.00
 4 261 415 2 3 5 416893.822316894.6582
 12.959 -0.319-13.384 32.029 42.032 14.439  2.177 -2.463 -0.018
  32.381 30.410-13.399-13.316 11.858  2.581 42.775 40.905  19.20
 4 261 415 0 0 1 116893.822316894.6582
 12.726  0.178-18.627 16.985 26.793  5.046 11.476  0.000  0.000
   0.000  0.000  0.000  0.000  0.000  0.000  0.000  0.000   0.00
 4 261 415 0 0 1 216893.822316894.6582
 13.157  0.284-16.342 -1.017  9.151 16.549  0.828  0.000  0.000
   0.000  0.000  0.000  0.000  0.000  0.000  0.000  9.046   0.00
 4 261 415 0 0 1 316893.822316894.6582
 14.060 -0.920-16.700-12.747 -1.824  0.952  1.572  0.000  0.000
   0.000  0.000  0.000  0.000  0.000  0.000  0.000 -2.361   0.00
 4 361 811 3 1 4 116894.658216895.6602
 13.144 -0.823-13.117 42.032 54.208  2.177  0.836 16.739 -1.901
  42.775 40.905-12.899-13.447  1.312  0.865  0.000  0.000   0.00
 4 361 811 0 0 1 116894.658216895.6602
 13.814 -0.623-18.776 26.793 39.640 11.476 10.775  0.000  0.000
   0.000  0.000  0.000  0.000  0.000  0.000  0.000  0.000   0.00
 4 361 811 2 3 5 716894.658216895.6602
 14.791  0.067 -8.186  9.948 23.772  2.358  7.042-20.055  0.164
  11.014  8.145 -8.572 -7.535  1.482  0.877 25.099 21.878  19.73
 4 361 811 1 2 31016894.658216895.6602
 15.258  0.451-15.932 -1.824 12.468  1.572  8.002-13.322  1.333
  -0.775 -2.361-16.170-15.809  0.532  1.040 14.560 11.566  21.42
 4 461 8 9 0 0 1 216895.660216896.6680
 14.790 -0.148-18.152 39.640 53.550 10.775  6.756  0.000  0.000
   0.000  0.000  0.000  0.000  0.000  0.000  0.000 53.539   0.00
 4 461 8 9 4 610 516895.660216896.6680
 14.657 -0.654-16.383 12.468 26.244  8.002 13.417  8.095  2.161
  14.560 11.566-16.098-16.506  2.411  5.591 29.540 24.297  -3.69
 4 461 8 9 0 0 1 116895.660216896.6680
 14.297  0.163 -4.025-57.494-44.081  9.176 14.261  0.000  0.000
   0.000  0.000  0.000  0.000  0.000  0.000  0.000  0.000   0.00
 4 461 8 9 3 5 8 916895.660216896.6680
 15.142  0.121 13.420-20.270 -6.006  6.188 25.316 -2.104  3.378
 -19.056-21.379 13.463 13.380  2.953  3.235 -2.658 -8.447   5.52
 4 461 8 9 4 3 7 516895.660216896.6680
 16.841 -0.568 -8.254 23.772 39.749  7.042 12.850 -0.328  0.954
  25.099 21.878 -8.261 -8.243  4.140  2.902 40.323 36.189   8.81
 4 861 812 1 1 2 116899.658216900.6699
 13.723  0.113 -3.972 -4.569  8.337 13.792  9.762 23.342 -0.456
  -4.416 -4.836 -3.906 -4.087  8.785  5.007  0.000  0.000   0.00
 4 861 812 8 4121116899.658216900.6699
 17.034 -1.226 14.057 32.715 48.975 28.912 27.808 10.286  1.644
  35.783 28.792 13.517 14.748 16.227 12.685 52.951 44.213  -6.79
 4 961 753 0 0 1 216900.669916901.6035
 14.755  0.267 -4.086  8.337 21.179  9.762  4.180  0.000  0.000
   0.000  0.000  0.000  0.000  0.000  0.000  0.000 20.615   0.00
 41061 930 1 1 2 216901.603516902.6758
 13.449  0.269 -4.335 21.179 34.542  4.180  3.627 32.624 -0.224
  21.199 20.615 -4.322 -4.694  4.036  0.144 34.545 34.217  13.11
 41161 746 1 1 2 116902.675816903.6758
 14.849  0.264 -4.622 34.542 48.395  3.627  8.565 45.737 -0.467
  34.545 34.217 -4.619 -4.954  3.594  0.034  0.000  0.000   0.00
 41261 747 0 0 1 116903.675816904.6660
 13.876 -0.315  3.898-59.200-46.417 11.092 18.019  0.000  0.000
   0.000  0.000  0.000  0.000  0.000  0.000  0.000  0.000   0.00
 41261 747 1 3 4 116903.675816904.6660
 17.289 -0.588 14.485-51.837-35.670  4.039  2.471  4.500 -6.925
 -50.328-57.458 14.370 14.914  3.184  0.855  0.000  0.000   0.00
 41361 8 0 0 0 1 116904.666016905.6719
 13.844 -0.282  3.586-46.417-33.496 18.019 17.057  0.000  0.000
   0.000  0.000  0.000  0.000  0.000  0.000  0.000  0.000   0.00
 41361 8 0 0 0 1 716904.666016905.6719
 11.878  0.265 13.903-35.670-24.725  2.471  7.731  0.000  0.000
   0.000  0.000  0.000  0.000  0.000  0.000  0.000-27.765   0.00
 41461 753 1 1 2 116905.671916906.6680
 16.771  0.020-28.245 -9.215  6.515  1.051  1.253 19.112 -2.961
  -8.235-11.411-27.946-28.916  0.727  0.324  0.000  0.000   0.00
 41461 753 0 0 1 216905.671916906.6680
 14.176 -0.461  3.303-33.496-20.352 17.057 11.537  0.000  0.000
   0.000  0.000  0.000  0.000  0.000  0.000  0.000-20.725   0.00
 41461 753 4 3 71116905.671916906.6680
 14.861 -0.842 14.169-24.725-10.898  7.731 17.123  7.366  2.075
 -22.823-27.765 13.931 14.550  4.756  2.976 -8.731-15.797  -1.90
 41561 757 1 1 2 316906.668016907.6699
 14.075  0.395  2.843-20.352 -7.236 11.537 14.738 44.879  0.226
 -20.308-20.725  2.799  3.214 10.299  1.238 -7.163 -7.829  -9.66
 41561 757 3 811 916906.668016907.6699
 15.764  0.406 13.330-10.898  3.910 17.123 18.929  5.464 -3.097
  -8.731-15.797 13.129 13.786 11.871  5.253  4.623  0.799   7.40
 41661 754 1 2 3 516907.669916908.6602
 13.668 -0.295  3.239 -7.236  5.331 14.738  7.354 35.222 -0.033
  -7.163 -7.829  3.188  3.657 13.118  1.620  5.393  4.917  17.33
 41661 754 3 6 91216907.669916908.6602
 12.571  0.266 13.737  3.910 15.390 18.929 19.350 12.863  1.498
   4.623  0.799 13.579 14.427 15.403  3.527 17.453 12.177   2.49
 41761 8 7 2 4 6 216908.660216909.7988
 14.483 -0.749-10.992-57.790-42.447  7.230  3.395 29.833  0.108
 -57.673-57.842-10.926-11.021  2.232  4.998-42.344-42.460  37.86
 41761 8 7 1 4 5 216908.660216909.7988
 14.641 -0.339  2.947  5.331 20.854  7.354 14.543 52.556  0.989
   5.393  4.917  2.865  3.486  6.388  0.966 20.882 20.154  13.21
 41761 8 7 7 512 516908.660216909.7988
 16.666 -0.360 14.000 15.390 33.215 19.350 23.093 15.354 -2.891
  17.453 12.177 13.451 14.856 11.784  7.566 34.907 32.453 -24.84
 41761 8 7 0 0 1 116908.660216909.7988
 14.067  0.724  7.793-59.045-44.175 23.622 14.142  0.000  0.000
   0.000  0.000  0.000  0.000  0.000  0.000  0.000  0.000   0.00
 41861 451 0 0 1 216909.798816910.7637
 14.145 -1.193 -9.922-57.364-44.662  2.857  1.869  0.000  0.000
   0.000  0.000  0.000  0.000  0.000  0.000  0.000-44.840   0.00
 41861 451 0 0 1 116909.798816910.7637
 13.973  0.285  8.615-44.175-31.639 14.142 19.341  0.000  0.000
   0.000  0.000  0.000  0.000  0.000  0.000  0.000  0.000   0.00
 41861 451 1 2 3 316909.798816910.7637
 13.021 -0.398  9.446 14.472 26.090  6.183  6.037  0.687  1.344
  14.857 12.912  9.442  9.465  4.962  1.221 28.738 25.436  -2.37
 41861 451 1 1 2 116909.798816910.7637
 14.463 -0.672  2.561 20.854 33.863 14.543  9.072 65.762 -1.771
  20.882 20.154  2.500  4.115 13.996  0.547  0.000  0.000   0.00
 41861 451 3 2 5 216909.798816910.7637
 12.854 -0.423 13.592 33.215 44.670 23.093  1.962 -9.481 -1.058
  34.907 32.453 13.866 13.468  7.169 15.924 45.314 44.608 -50.14
 41961 540 1 1 2 116910.763716911.7266
 14.614  0.517 -8.770-44.662-31.536  1.869 10.131 60.724 -0.370
 -44.657-44.840 -8.761 -9.084  1.819  0.050  0.000  0.000   0.00
 41961 540 0 0 1 116910.763716911.7266
 13.942 -0.457  8.891-31.639-19.160 19.341  4.192  0.000  0.000
   0.000  0.000  0.000  0.000  0.000  0.000  0.000  0.000   0.00
 41961 540 1 2 3 116910.763716911.7266
 13.133  0.941  9.062 26.090 37.789  6.037  3.585 -1.686 -3.262
  28.738 25.436  9.139  9.043  1.195  4.842  0.000  0.000   0.00
 41961 540 0 0 1 116910.763716911.7266
 13.990  1.002  1.912 33.863 46.388  9.072  8.065  0.000  0.000
   0.000  0.000  0.000  0.000  0.000  0.000  0.000  0.000   0.00
 41961 540 1 1 2 116910.763716911.7266
 13.564  1.694 13.183 44.670 56.785  1.962  1.306-59.617 -1.360
  45.314 44.608 14.253 13.080  0.173  1.789  0.000  0.000   0.00
 42061 633 0 0 1 116911.726616912.6094
 15.202 -0.158 -9.268-31.536-18.979 10.131  0.781  0.000  0.000
   0.000  0.000  0.000  0.000  0.000  0.000  0.000  0.000   0.00
 42061 633 0 0 1 116911.726616912.6094
 14.089 -0.308  8.451-19.160 -7.586  4.192 16.150  0.000  0.000
   0.000  0.000  0.000  0.000  0.000  0.000  0.000  0.000   0.00
 42061 633 0 0 1 416911.726616912.6094
 15.176 -0.677  9.968 37.789 50.324  3.585  2.394  0.000  0.000
   0.000  0.000  0.000  0.000  0.000  0.000  0.000 50.052   0.00
 42061 633 0 0 1 116911.726616912.6094
 14.387 -0.963  2.878 46.388 58.225  8.065  6.762  0.000  0.000
   0.000  0.000  0.000  0.000  0.000  0.000  0.000  0.000   0.00
 42461 942 0 0 1 116915.595716916.6719
 13.931  0.106  8.895 31.532 45.466  8.776 35.612  0.000  0.000
   0.000  0.000  0.000  0.000  0.000  0.000  0.000  0.000   0.00
 42661 129 9 6152416917.937516918.6738
 11.711  0.047 -9.029-47.950-40.062 27.740 65.976 44.684 -2.135
 -45.732-49.156 -6.863-10.207  9.771 17.969-38.802-41.275 -65.93
 42761 74917 7243016918.673816919.6738
 15.855 -0.723 -9.063-40.062-25.194 65.976 42.539-21.246  4.346
 -38.802-41.275 -9.547 -8.598 32.348 33.628-21.501-27.197  57.24
 42761 749 1 2 31216918.673816919.6738
 11.681 -0.409  3.236-36.787-26.092  1.054 11.215 33.010  1.362
 -36.531-37.791  3.070  3.887  0.840  0.214-24.612-27.469 -37.50
 42861 749 921301816919.673816920.7070
 15.626 -0.801 -8.341-25.194-10.075 42.539 40.086 35.993 -2.563
 -21.501-27.197 -5.687 -9.781 14.962 27.577 -9.050-12.387   5.30
 42861 749 1 1 2 216919.673816920.7070
 13.963  0.043 11.945-55.287-41.886  7.914  6.463-55.908 -0.053
 -55.097-55.349 12.220 11.856  1.940  5.974-41.879-41.969 -20.82
 42961 7 2 711182316920.707016921.7480
 13.486  1.138 -7.514-10.075  2.954 40.086 28.610 41.295 -0.855
  -9.050-12.387 -6.621 -9.526 27.768 12.318  4.752  1.501 -16.22
 42961 7 2 1 1 2 116920.707016921.7480
 14.468 -0.383 11.990-41.886-27.833  6.463  3.163-76.729 -0.386
 -41.879-41.969 12.022 11.646  5.914  0.549  0.000  0.000   0.00
 42961 7 2 412162316920.707016921.7480
 14.157  0.463  2.821 -8.905  4.824 26.106 44.798 -0.206  0.628
  -5.892-12.043  2.832  2.810 13.320 12.786  7.978  1.203   3.08
 42961 7 2 1 1 2 216920.707016921.7480
 14.164 -0.130  5.663 34.364 48.100  0.604  3.041  4.885  0.840
  36.530 34.169  5.479  5.680  0.050  0.554 51.022 47.829 -11.44
 43061 6 1 81523 816921.748016922.6914
 16.124 -2.230 -8.700  2.954 17.230 28.610  4.563 25.077 -2.106
   4.752  1.501 -7.868 -9.372 12.790 15.820 17.723 16.367  -4.11
 43061 6 1 0 0 1 116921.748016922.6914
 13.854  0.145 11.590-27.833-15.698  3.163  0.562  0.000  0.000
   0.000  0.000  0.000  0.000  0.000  0.000  0.000  0.000   0.00
 43061 6 11013231516921.748016922.6914
 13.860  0.243  3.303  4.824 16.964 44.798 60.122  2.876 -0.072
   7.978  1.203  3.145  3.485 23.939 20.859 19.918 13.236  -8.29
 5 161 723 3 5 82716922.691416923.6719
 16.243  0.070 -6.597 17.230 32.190  4.563 43.521 20.968  5.451
  17.723 16.367 -6.409 -6.926  2.902  1.661 35.684 29.078 -38.82
 5 261 752 81927 316923.671916924.5898
 12.436 -0.150 -6.666 32.190 42.694 43.521  1.796-17.852 -5.359
  35.684 29.078 -7.784 -5.670 20.505 23.017 43.798 42.254  16.07
 5 7611015 0 0 1 216928.572316929.5703
 14.140  0.322 12.423-58.919-45.792 10.641  7.339  0.000  0.000
   0.000  0.000  0.000  0.000  0.000  0.000  0.000-46.342   0.00
 5 8611018 3 3 6 716929.570316930.5840
 16.819  0.662  4.294-52.886-36.833  8.706 36.262 19.529  3.253
 -52.603-54.190  4.194  4.755  7.153  1.553-34.126-38.196 -54.23
 5 8611018 1 1 2 716929.570316930.5840
 11.529 -2.149  7.145-47.523-36.833  6.674 36.262 67.930  4.679
 -47.454-47.550  6.975  7.210  1.865  4.809-34.126-38.196-102.64
 5 8611018 1 1 2 316929.570316930.5840
 13.317  0.304 12.745-45.792-33.289  7.339  2.194-35.648  1.090
 -45.730-46.342 12.788 12.360  6.599  0.740-32.410-34.096  61.49
 5 961 957 1 6 71616930.584016931.5898
 13.781 -0.479  4.965-36.833-23.975 36.262 14.505-34.705 -1.742
 -34.126-38.196  6.833  4.025 12.143 24.119-22.899-25.633   3.37
 5 961 957 1 2 3 316930.584016931.5898
 13.321 -0.970 13.053-33.289-20.894  2.194  1.471 25.839 -0.014
 -32.410-34.096 12.638 13.433  1.050  1.144-19.168-21.019 -27.71
 51061 950 610161216931.589816932.8906
 14.392  0.114  4.484-23.975 -6.528 14.505 38.241-31.335 -0.128
 -22.899-25.633  5.137  3.478  8.796  5.709 -5.441 -8.513  31.62
 51061 950 1 1 2 116931.589816932.8906
 14.595 -0.538 12.141-28.191-10.479  1.228  0.050-23.229 -0.457
 -28.173-28.603 12.148 11.968  1.178  0.050  0.000  0.000   0.00
 51161 237 6 612 616932.890616933.5801
 16.591  0.902  4.632 -6.528  4.233 38.241  8.913  0.281 -0.332
  -5.441 -8.513  4.627  4.642 24.709 13.532  5.231  3.595 -53.65
 5126110 3 1 1 2 116933.580116934.6113
 13.981  0.670  9.807 -4.060  9.324  1.534  0.050 22.706 -2.025
  -2.392 -4.288  9.120  9.901  0.185  1.349  0.000  0.000   0.00
 5126110 3 3 3 61116933.580116934.6113
 13.077 -0.678  5.254  4.233 16.686  8.913 27.716-53.366  0.283
   5.231  3.595  6.590  4.399  3.478  5.435 17.916 14.974  66.72
 51361 920 3 811 816934.611316935.5762
 14.096 -0.581  4.556 16.686 29.360 27.716  7.105 13.356  0.156
  17.916 14.974  4.265  4.961 16.129 11.587 30.629 27.457 -10.23
 5146110 8 3 5 8 316935.576216936.5957
 15.714 -0.923  3.995 29.360 44.375  7.105 22.393  3.123  1.652
  30.629 27.457  3.926  4.098  4.262  2.843 44.423 40.212  26.17
 51561 941 1 2 3 116936.595716937.6602
 13.800 -0.105  3.054 44.375 58.018 22.393 20.251 29.297 -4.822
  44.423 40.212  3.027  5.386 22.138  0.255  0.000  0.000   0.00
 51561 941 1 1 2 116936.595716937.6602
 13.449 -0.249  8.983-51.315-38.046  9.425 14.850 25.564 -1.727
 -51.260-52.838  8.958  9.703  9.100  0.325  0.000  0.000   0.00
 51661 8 7 0 0 1 116937.660216938.6484
 15.623  0.100  8.719-38.046-23.591 14.850  8.061  0.000  0.000
   0.000  0.000  0.000  0.000  0.000  0.000  0.000  0.000   0.00
 51761 826 0 0 1 216938.648416939.6055
 13.469  0.167  8.817-23.591-11.644  8.061  9.781  0.000  0.000
   0.000  0.000  0.000  0.000  0.000  0.000  0.000-12.025   0.00
 52161 938 2 3 5 416942.597716943.6035
 13.090  0.794 14.343-25.544-13.363  3.879  6.654 21.420 -0.305
 -24.102-26.530 13.795 14.718  1.575  2.305-11.618-13.710   3.22
 52161 938 0 0 1 116942.597716943.6035
 13.479  0.150  8.921 27.630 40.203  5.948  9.001  0.000  0.000
   0.000  0.000  0.000  0.000  0.000  0.000  0.000  0.000   0.00
 52261 930 0 0 1 116943.603516944.5840
 14.402 -0.712  2.776-53.015-39.868 10.839  6.443  0.000  0.000
   0.000  0.000  0.000  0.000  0.000  0.000  0.000  0.000   0.00
 52261 930 2 1 31216943.603516944.5840
 13.540 -0.043 16.846-40.321-28.018  6.761 22.518  8.159 -1.241
 -37.282-41.392 16.429 16.993  1.762  4.999-25.948-28.796  -4.58
 52261 930 0 0 1 116943.603516944.5840
 14.429 -0.062  9.072 40.203 53.377  9.001 10.369  0.000  0.000
   0.000  0.000  0.000  0.000  0.000  0.000  0.000  0.000   0.00
 52561 946 1 3 4 616946.591816947.5820
 13.345 -2.289  6.913-11.864  0.359  1.747 22.741 30.999  4.290
 -11.686-12.599  6.806  7.351  1.406  0.341  0.499 -4.392  -6.74
 5266110 3 3 3 6 216947.582016948.5977
 13.107 -0.693  4.649  0.359 12.676 22.741 13.301 24.254 -3.283
   0.499 -4.392  4.586  6.783 22.090  0.650 12.763 12.625  61.92
 52761 939 1 1 2 916948.597716949.7637
 14.130 -0.204  3.945 12.676 28.013 13.301 16.490 86.171  3.174
  12.763 12.625  2.637  4.696  4.851  8.450 28.401 23.217 -77.16
 52861 539 3 6 9 416949.763716950.5918
 13.854 -0.381  3.707 28.013 38.666 16.490 12.223  9.007  0.115
  28.401 23.217  3.645  4.465 15.255  1.235 39.221 34.218  12.06
 52961 948 3 1 4 216950.591816951.6523
 15.786 -0.346 -9.780-56.282-40.585  6.082  8.514  4.787  1.870
 -54.980-57.060 -9.672 -9.844  2.276  3.806-39.948-43.896   2.55
 52961 948 1 3 4 316950.591816951.6523
 14.286  1.531  3.392 38.666 52.773 12.223 15.715 21.066  0.042
  39.221 34.218  3.178  5.102 10.868  1.356 53.396 47.983 -19.35
 52961 948 0 0 1 316950.591816951.6523
 13.124 -0.439  5.481 39.899 52.773  2.885 15.715  0.000  0.000
   0.000  0.000  0.000  0.000  0.000  0.000  0.000 47.983   0.00
 6 361 815 9 4131416955.656316956.6094
 14.149 -0.852 -5.844-41.156-28.612 34.264 17.182 21.892  1.966
 -37.684-43.466 -4.456 -6.767 13.687 20.577-23.716-31.151   3.01
 6 361 815 1 2 3 416955.656316956.6094
 13.874  0.600  0.615-58.802-46.519  0.547  3.402-12.955 -0.649
 -57.296-58.953  0.961  0.580  0.050  0.497-45.843-46.754 -17.08
 6 461 922 7 714 316956.609416957.6895
 12.067  1.281 -5.032-28.612-16.635 17.182  6.306 24.902 -6.979
 -23.716-31.151 -2.768 -6.206  5.867 11.314-16.573-16.653-111.08
 6 461 922 2 2 4 216956.609416957.6895
 14.671 -0.314  1.186-46.519-31.729  3.402  6.167-30.037 -0.011
 -45.843-46.754  1.577  1.051  0.875  2.527-31.244-32.235  12.10
 6 561 726 0 0 1 716957.689516958.6797
 14.362 -0.153 -1.913 -7.677  5.581  7.047  6.851  0.000  0.000
   0.000  0.000  0.000  0.000  0.000  0.000  0.000  4.969   0.00
 6 561 726 2 1 3 516957.689516958.6797
 13.932 -0.161 -6.416-16.635 -3.803  6.306 15.380-86.174  0.178
 -16.573-16.653 -7.330 -6.146  1.440  4.866 -3.354 -4.338  41.98
 6 561 726 1 1 2 316957.689516958.6797
 14.997  0.569  0.847-31.729-17.841  6.167  5.939-17.941  0.816
 -31.244-32.235  1.004  0.683  3.148  3.019-17.584-18.758 -32.85
 6 661 739 2 5 7 716958.679716959.6973
 14.493  1.052 -1.761  5.581 19.317  6.851 28.855 14.403  1.117
   5.806  4.969 -1.703 -1.918  5.014  1.837 20.619 18.972  19.43
 6 661 739 1 2 3 216958.679716959.6973
 14.430  0.021  1.411-17.841 -4.169  5.939  6.651-50.792 -0.550
 -17.584-18.758  1.727  0.288  4.637  1.302 -3.678 -4.845  23.94
 6 761 715 1 6 7 316959.697316960.9883
 15.185 -0.628 -2.830 19.317 37.653 28.855  5.351 33.833  0.298
  20.619 18.972 -1.958 -3.061  6.039 22.816 38.590 36.436 -14.71
 6 761 715 1 1 2 216959.697316960.9883
 14.660  0.513  1.433 -4.169 13.489  6.651  0.439-26.848 -0.492
  -3.678 -4.845  1.681  1.091  3.850  2.801 13.497 13.427 -58.26
 6 861 016 1 1 2 516960.988316961.7422
 16.424 -0.205  2.094 13.489 25.124  0.439 19.029-85.111  1.854
  13.497 13.427  2.187  1.374  0.389  0.050 26.353 23.958  58.84
 6 861 016 1 2 3 216960.988316961.7422
 15.830 -0.618 -2.019 37.653 48.840  5.351 16.293 19.123  0.008
  38.590 36.436 -1.694 -2.440  3.023  2.328 49.782 47.608  -1.05
 6 961 611 3 2 5 916961.742216962.6797
 13.575 -0.525  1.940 25.124 36.947 19.029 14.771-26.271 -0.244
  26.353 23.958  2.546  1.364  9.266  9.764 37.858 36.386 -26.39
 61061 739 6 3 9 516962.679716963.6758
 16.465  1.387  1.447 36.947 52.366 14.771 14.546-52.656 -0.847
  37.858 36.386  2.641  0.712  5.626  9.145 53.228 51.686  65.42
 61161 746 1 2 31216963.675816964.6738
 12.518  0.134  2.529-47.831-36.335 16.493 31.175-66.311  3.742
 -47.676-48.052  2.883  2.027  9.669  6.823-35.052-39.358  43.18
 61261 751 1 1 2 116964.673816965.9141
 12.806  0.505-17.360-59.070-44.388  2.830  6.409 63.324 -0.100
 -59.052-59.099-17.326-17.415  1.769  1.061  0.000  0.000   0.00
 61261 751 210121316964.673816965.9141
 13.322 -0.445  2.663-36.335-21.012 31.175 48.760-23.134  0.419
 -35.052-39.358  3.210  1.373 21.886  9.290-18.833-23.706   6.00
 61361 2 2 6 7131016965.914116966.6758
 17.256  1.503  2.110-21.012 -8.637 48.760 36.265-17.136 -3.416
 -18.833-23.706  2.781  1.280 26.955 21.805 -7.698 -9.195 -10.02
 61361 2 2 1 2 3 516965.914116966.6758
 13.998 -1.201 -9.129-52.816-42.918  4.931 31.872-37.308 -0.483
 -52.105-53.384 -9.664 -8.702  2.189  2.741-42.333-43.337  11.50
 61361 2 2 1 2 3 516965.914116966.6758
 13.652 -1.565-11.837-59.649-50.014 15.042 12.566 22.644 -0.040
 -58.463-59.760-11.353-11.882  1.285 13.758-48.911-50.167 -45.07
 61361 2 2 0 0 1 116965.914116966.6758
 14.145 -0.671-17.987-44.388-34.378  6.409  3.137  0.000  0.000
   0.000  0.000  0.000  0.000  0.000  0.000  0.000  0.000   0.00
 61461 747 2 1 3 116966.675816967.7188
 16.147 -0.404 -6.699 32.009 47.838  0.726  0.089 12.898 -1.480
  32.469 31.017 -6.595 -6.925  0.496  0.230  0.000  0.000   0.00
 61461 747 0 0 1 116966.675816967.7188
 13.844  0.389-17.476-34.378-20.952  3.137  8.053  0.000  0.000
   0.000  0.000  0.000  0.000  0.000  0.000  0.000  0.000   0.00
 61461 747 3 2 51716966.675816967.7188
 17.313 -1.210-10.647-50.014-32.968 12.566 16.621-22.430  6.556
 -48.911-50.167-11.095-10.585  1.527 11.039-29.368-37.038  38.91
 61461 747 5 5101216966.675816967.7188
 14.086 -0.168  3.253 -8.637  5.041 36.265 29.663-27.161  0.599
  -7.698 -9.195  3.734  2.967 13.531 22.734  5.512  3.356   8.01
 61561 645 0 0 1 116967.718816968.6836
 14.722  0.227-17.882-20.952 -7.698  8.053  8.675  0.000  0.000
   0.000  0.000  0.000  0.000  0.000  0.000  0.000  0.000   0.00
 61561 645 8 9172216967.718816968.6836
 15.124 -0.799 -9.384-32.968-19.326 16.621 48.494 16.483 -0.827
 -29.368-37.038 -8.333-10.572  8.819  7.802-16.174-23.025   0.05
 61561 645 6 6121916967.718816968.6836
 15.123  0.401  3.078  5.041 18.682 29.663 26.862-19.154 -0.372
   5.512  3.356  3.241  2.493 23.188  6.475 19.749 18.312  60.36
 61661 736 5 4 9 516968.683616969.6895
 14.024 -0.648-11.590 15.451 28.566  4.714 18.380 16.938  3.308
  15.846 14.490-11.472-11.876  3.340  1.374 30.725 26.091  -2.56
 61661 736 91019 416968.683616969.6895
 13.931  0.556  3.465 18.682 31.704 26.862 39.723 41.203 -0.660
  19.749 18.312  2.533  3.789  6.925 19.937 32.311 31.549  11.19
 61661 736 0 0 1 116968.683616969.6895
 14.323  0.445-18.101 -7.698  5.719  8.675  0.050  0.000  0.000
   0.000  0.000  0.000  0.000  0.000  0.000  0.000  0.000   0.00
 61661 73613 922 816968.683616969.6895
 15.144 -0.414 -8.613-19.326 -5.084 48.494 46.252 16.531  0.234
 -16.174-23.025 -7.688 -9.698 26.180 22.314 -3.766-10.813   0.58
 61661 736 0 0 1 116968.683616969.6895
 13.528 -0.037 -6.194-56.416-43.800 22.564  7.280  0.000  0.000
   0.000  0.000  0.000  0.000  0.000  0.000  0.000  0.000   0.00
 61761 727 2 3 5 816969.689516970.7168
 15.512 -0.766-10.938 28.566 43.510 18.380 20.374 14.382  1.326
  30.725 26.091-10.394-11.561  9.817  8.563 45.329 39.467   2.29
 61761 727 6 2 81316969.689516970.7168
 14.434 -0.182 -8.197 -5.084  8.751 46.252 41.290 17.112 -0.538
  -3.766-10.813 -7.795 -9.942 37.597  8.655 10.104  3.694   3.03
 61761 727 0 0 1 316969.689516970.7168
 13.975  0.176 -6.156-43.800-30.436  7.280 16.940  0.000  0.000
   0.000  0.000  0.000  0.000  0.000  0.000  0.000-30.641   0.00
 61761 727 1 3 4 416969.689516970.7168
 14.294 -0.224  4.024 31.704 45.396 39.723 20.161 52.396  0.163
  32.311 31.549  3.237  4.225  8.086 31.637 46.035 44.926 -14.07
 61861 647 2 6 8 116970.716816971.6797
 16.744 -0.596-10.150 43.510 58.682 20.374  9.677 16.670 -6.023
  45.329 39.467 -9.614-11.342 14.051  6.322  0.000  0.000   0.00
 61861 647 6 7131616970.716816971.6797
 15.028 -0.252 -8.009  8.751 22.272 41.290 23.269 20.143 -2.536
  10.104  3.694 -7.518 -9.846 32.580  8.711 24.944 21.253   9.91
 61861 647 1 3 4 416970.716816971.6797
 14.476  0.029  3.793 45.396 58.384 20.161 36.022 38.327 -0.246
  46.035 44.926  3.289  4.163  8.534 11.627 59.105 58.046 -13.41
 61861 647 1 2 3 516970.716816971.6797
 14.277  0.072 -6.337-30.436-17.638 16.940  7.710  9.488  1.410
 -30.171-30.641 -6.293 -6.371  7.396  9.544-17.403-18.794  33.31
 61861 647 2 1 3 816970.716816971.6797
 12.089  0.216 21.945-50.668-39.977  5.514  4.093  7.388  3.368
 -50.397-50.744 21.912 21.954  1.200  4.314-38.646-42.462   9.44
 61961 740 51116 716971.679716972.5781
 14.906 -0.463 -7.767 22.272 34.776 23.269 14.839 30.053 -1.144
  24.944 21.253 -6.235 -8.351  6.423 16.846 37.007 34.105  -9.09
 61961 740 2 3 5 316971.679716972.5781
 14.382 -0.249 -6.406-17.638 -5.605  7.710 13.401 42.802 -0.776
 -17.403-18.794 -6.190 -7.470  6.404  1.306 -5.582 -6.531 -11.14
 61961 740 2 2 41016971.679716972.5781
 14.069 -0.047 12.740-52.742-40.990 15.147 40.969 41.770 -1.206
 -49.945-53.868 10.303 13.721  4.350 10.798-39.245-42.452  -4.63
 61961 740 4 7111116971.679716972.5781
 13.768 -0.503 13.085 -1.183 10.300  8.718 27.063-14.872  1.953
   0.487 -2.524 13.517 12.738  3.883  4.834 13.312  8.337   1.59
 6206110 7 2 5 7 416972.578116973.7539
 13.161  0.307 -7.351 34.776 49.105 14.839 14.813 20.964 -2.161
  37.007 34.105 -6.504 -7.606  3.431 11.408 49.314 49.102 -97.74
 6206110 7 1 2 3 116972.578116973.7539
 14.597 -0.145 -6.183 -5.605 10.414 13.401 13.496 31.661 -1.108
  -5.582 -6.531 -6.169 -6.751 13.087  0.315  0.000  0.000   0.00
 6206110 7 7 3101316972.578116973.7539
 13.903  0.062 12.697-40.990-25.787 40.969 42.686 37.144  1.410
 -39.245-42.452 11.408 13.778 18.682 22.287-23.064-27.453  -0.51
 6206110 7 4 7111516972.578116973.7539
 13.822 -0.165 12.633 10.300 25.406 27.063 80.968-13.282  1.299
  13.312  8.337 13.327 12.181 10.678 16.385 29.653 23.259   6.58
 62161 553 0 0 1 216973.753916974.9141
 14.568  0.104 -6.012 10.414 26.161 13.496 11.144  0.000  0.000
   0.000  0.000  0.000  0.000  0.000  0.000  0.000 25.902   0.00
 62161 553 7 613 916973.753916974.9141
 16.557 -2.452 12.770-25.787 -7.734 42.686 20.181 36.637 -2.289
 -23.064-27.453 10.795 13.978 16.199 26.487 -6.885 -9.817 -18.14
 62161 553 8 7152016973.753916974.9141
 16.930  0.062 12.439 25.406 43.892 80.968 46.136 -6.697  2.929
  29.653 23.259 12.926 12.193 27.192 53.776 47.468 38.055   2.37
 62261 2 4 1 1 2 116974.914116975.8887
 14.172  0.144 -6.133 26.161 39.032 11.144 14.248 84.834 -2.956
  26.169 25.902 -6.046 -8.990 10.812  0.332  0.000  0.000   0.00
 62261 2 4 3 6 91416974.914116975.8887
 11.643  2.667  9.929 -7.734  2.670 20.181 23.819 18.501  4.093
  -6.885 -9.817  9.649 10.615 14.335  5.846  5.923  0.691  25.81
 62261 2 4 2 1 31416974.914116975.8887
 16.350 -2.148 14.626-12.326  2.670 15.017 23.819 -8.366  6.714
 -12.188-12.621 14.646 14.584 10.227  4.789  5.923  0.691  52.68
 62261 2 4 911201816974.914116975.8887
 15.129  0.748 12.510 43.892 57.696 46.136 68.402 -4.329 -0.464
  47.468 38.055 12.775 12.079 28.610 17.526 62.070 53.080   4.56
 62361 239 0 0 1 116975.888716976.6934
 14.702 -0.072 -6.273 39.032 50.076 14.248 15.357  0.000  0.000
   0.000  0.000  0.000  0.000  0.000  0.000  0.000  0.000   0.00
 62461 721 3 1 41116976.693416977.6934
 12.501 -0.028 14.561 10.628 22.141 22.168 22.437-24.750  1.513
  11.398 10.508 14.905 14.508  2.973 19.195 23.082 20.541  23.04
 62561 722 8 311 416977.693416978.7012
 14.277 -0.427 14.533 22.141 35.548 22.437  8.895 -1.708 -1.638
  23.082 20.541 14.560 14.487 14.126  8.311 35.626 34.998 -40.54
 62661 7 9 2 2 4 216978.701216979.9570
 14.318 -0.817 14.102 35.548 52.295  8.895  3.032-42.249 -0.105
  35.626 34.998 14.171 13.617  7.794  1.101 52.301 52.239 127.40
 62761 1 1 2 2 4 716979.957016980.8984
 13.751  0.346-13.202-53.009-40.983  9.491 10.068 11.453 -0.200
 -50.746-54.912-12.756-13.577  4.335  5.156-39.030-43.002  -0.17
 62761 1 1 4 3 71216979.957016980.8984
 15.689  0.554  5.718 -8.106  5.745  5.620 13.092-24.697  0.882
  -6.396 -8.954  6.500  5.330  1.864  3.756  7.386  3.706  18.13
 62861 225 4 3 7 416980.898416981.6855
 12.950  0.152-13.528-40.983-31.556 10.068  9.923 11.280 -0.485
 -39.030-43.002-13.149-13.920  5.119  4.949-28.885-32.412  -4.24
 62861 225 7 5121516980.898416981.6855
 16.454  0.156  6.239  5.745 17.932 13.092 20.675 -6.567  0.499
   7.386  3.706  6.427  6.006  7.256  5.836 19.319 15.195  -4.86
 7 461 724 1 5 6 416986.691416987.9063
 13.589 -0.217 13.126-23.069 -7.736 24.318 38.188 12.460  0.075
 -22.918-25.456 13.094 13.640 22.877  1.441 -7.222 -9.884  -7.39
 7 461 724 1 4 5 216986.691416987.9063
 16.998 -0.048 12.348 -5.370 14.108  9.579  7.254 -8.896 -0.380
  -0.679 -5.969 13.065 12.256  1.085  8.494 15.245 10.473  -7.09
 7 561 214 1 3 4 216987.906316988.8223
 14.275  0.246 12.862 -7.736  4.424 38.188 29.853  5.065 -0.561
  -7.222 -9.884 12.818 13.048 30.820  7.368  4.729  2.644   1.62
 7 561 214 1 1 2 416987.906316988.8223
 15.332  0.266 12.289 14.108 27.235  7.254  6.145-15.988 -0.724
  15.245 10.473 12.607 11.272  5.526  1.728 27.417 23.429  -3.37
 7 661 416 1 1 2 416988.822316989.6855
 14.325 -0.179 13.088  4.424 15.954 29.853 46.570  6.685  0.428
   4.729  2.644 13.053 13.291 25.496  4.357 15.997 15.263 -79.86
 7 661 416 1 3 4 116988.822316989.6855
 13.970 -0.045 12.533 27.235 38.458  6.145  4.344-19.355 -4.126
  27.417 23.429 12.595 11.228  5.866  0.280  0.000  0.000   0.00
 7 761 732 1 3 4 416989.685516990.9707
 14.261  0.332 12.933 15.954 33.018 46.570 35.523-73.179  0.222
  15.997 15.263 13.071 10.705 43.849  2.720 33.390 33.008 155.24
 7 761 732 0 0 1 116989.685516990.9707
 14.277 -0.082 12.494 38.458 55.543  4.344  1.545  0.000  0.000
   0.000  0.000  0.000  0.000  0.000  0.000  0.000  0.000   0.00
 7 861 042 1 1 2 416990.970716991.7227
 12.872 -0.239  2.888-43.686-34.725 17.403 14.018-25.045  0.156
 -43.489-44.981  2.980  2.284 15.096  2.306-34.051-35.672  -0.81
 7 861 042 1 3 4 216990.970716991.7227
 13.409  0.140 13.359 33.018 42.384 35.523 26.942 82.064  1.182
  33.390 33.008 10.763 13.431  0.956 34.567 42.461 38.872 -56.30
 7 961 637 1 3 4 216991.722716992.9180
 14.693  0.207  2.708-34.725-18.335 14.018 13.944-25.858  0.374
 -34.051-35.672  3.035  2.250  8.188  5.830-18.041-20.133   9.78
 7 961 637 8 3111916991.722716992.9180
 13.940 -0.354 -6.846-58.130-42.639 61.748 71.787 -4.656  2.152
 -56.932-58.604 -6.943 -6.808 17.515 44.233-40.398-44.221  -0.99
 7 961 637 1 2 3 416991.722716992.9180
 12.864  0.031 17.478-57.471-43.266  1.693  8.843-26.166  1.475
 -57.233-57.566 17.590 17.434  0.485  1.208-43.207-44.986   4.20
 7 961 637 1 1 2 216991.722716992.9180
 14.215  0.061 13.465 42.384 58.204 26.942 29.489 25.769 -2.383
  42.461 38.872 13.429 15.114 26.364  0.578 58.206 56.827 -51.80
 71061 15615 4191516992.918016993.9824
 15.384 -0.094 -6.423-42.639-27.303 71.787131.074 -5.646  2.789
 -40.398-44.221 -6.643 -6.268 29.713 42.073-22.574-29.080  17.45
 71061 156 1 1 2 216992.918016993.9824
 13.858  0.102  2.955-18.335 -4.624 13.944  8.032-16.079 -0.045
 -18.041-20.133  3.040  2.438 11.983  1.961 -4.563 -6.606  -0.60
 71061 156 3 1 4 316992.918016993.9824
 12.962 -0.249 17.516-43.266-30.509  8.843  4.583-21.971 -1.441
 -43.207-44.986 17.538 16.854  8.553  0.290-30.402-30.539 -48.32
 71161 023 1 1 2 116993.982416994.7070
 14.817  0.093  3.064 -4.624  5.399  8.032 10.316-16.681 -2.129
  -4.563 -6.606  3.082  2.471  7.791  0.241  0.000  0.000   0.00
 71161 023 6 9152316993.982416994.7070
 12.754 -0.252 -6.323-27.303-18.774131.074 84.505 11.802 -3.199
 -22.574-29.080 -5.340 -6.692 35.796 95.278-16.451-19.674   8.06
 71161 023 1 1 2 716993.982416994.7070
 14.162  0.413 12.421-58.934-49.385 38.051 39.322 67.111 -0.453
 -57.992-58.938 10.240 12.430  0.161 37.889-48.138-49.576 -23.90
 71161 023 1 2 3 116993.982416994.7070
 14.491  0.382 17.251-30.509-20.722  4.583  0.561-70.294 -0.388
 -30.402-30.539 17.537 17.171  1.000  3.583  0.000  0.000   0.00
 71261 7 117 6231316994.707016995.6953
 16.003  0.145 -6.140-18.774 -3.927 84.505 75.013 19.866  5.054
 -16.451-19.674 -5.305 -6.463 23.589 60.916  2.070 -6.415 -15.34
 71261 7 1 4 3 7 316994.707016995.6953
 13.767 -0.424 12.720-49.385-36.748 39.322 27.817 43.215  1.290
 -48.138-49.576 11.577 12.895  5.216 34.107-33.923-36.758 -12.73
 71361 717 1 1 2 216995.695316996.9473
 12.452  0.583-10.668 15.312 29.661  0.765  4.116 19.498  0.798
  16.517 13.282-10.248-11.374  0.480  0.285 33.477 29.506   1.51
 71361 717 310131916995.695316996.9473
 14.075  0.243 -6.283 -3.927 12.453 75.013 80.728  4.530 -0.520
   2.070 -6.415 -5.811 -6.479 21.991 53.022 17.925 10.087   6.80
 71361 717 2 1 3 916995.695316996.9473
 14.439 -0.359 12.301-36.748-19.913 27.817 28.772 30.489 -1.872
 -33.923-36.758 10.676 12.307  0.100 27.717-19.354-20.702 -41.04
 71461 116 1 1 2 216996.947316997.9590
 13.703 -0.127-11.396 29.661 42.535  4.116  2.710 21.008 -3.773
  33.477 29.506 -9.959-11.455  0.161  3.955 42.541 42.264  26.03
 71461 116 811192016996.947316997.9590
 15.336 -0.745 -6.586 12.453 26.979 80.728 66.805 11.329  0.591
  17.925 10.087 -5.497 -7.057 24.363 56.365 32.819 24.271  -6.69
 71461 116 0 0 1 116996.947316997.9590
 13.826  0.071  3.288 34.901 47.900  5.570 13.442  0.000  0.000
   0.000  0.000  0.000  0.000  0.000  0.000  0.000  0.000   0.00
 71461 116 6 3 9 416996.947316997.9590
 13.535 -0.114 11.852-19.913 -7.208 28.772  8.890-10.555  0.552
 -19.354-20.702 11.954 11.708 16.846 11.927 -5.525 -7.391  25.93
 71561 1 0 515201616997.959016999.6387
 11.902  0.623 -5.833 26.979 45.344 66.805 57.585  4.636 -5.650
  32.819 24.271 -5.362 -6.051 21.165 45.640 47.122 44.289   7.91
 71561 1 0 4 3 7 616997.959016999.6387
 15.759  0.025 -6.591-54.808-29.958 13.758  1.831 -5.648  0.116
 -51.420-56.342 -6.924 -6.440  4.288  9.470-29.059-34.108   1.37
 71561 1 0 2 2 4 316997.959016999.6387
 14.229  0.410 11.737 -7.208 15.070  8.890  7.768 15.372 -1.036
  -5.525 -7.391 11.284 11.786  0.872  8.019 15.093 14.800 -85.87
 71761 838 1 2 3 216999.638717000.9180
 13.623 -0.218 12.427 15.070 31.236  7.768 12.886-70.500 -0.234
  15.093 14.800 12.491 11.682  7.151  0.617 31.358 31.213  -6.35
 71861 157 1 1 2 317000.918017001.7051
 14.268  0.135 12.148 31.236 41.701 12.886  2.195-76.852  0.881
  31.358 31.213 12.658 12.050  2.063 10.824 43.173 41.667  88.88
 71861 157 1 1 2 517000.918017001.7051
 15.172 -0.042  1.091-59.103-47.926  1.411  3.345  3.952 -0.680
 -55.204-59.995  0.821  1.152  0.263  1.149-45.971-50.088  -1.04
 71961 7 3 3 2 5 517001.705117002.6855
 16.400  1.182  1.058-47.926-32.804  3.345 11.342  2.909 -0.746
 -45.971-50.088  0.958  1.168  1.756  1.588-32.055-35.262 -21.22
 71961 7 3 1 2 3 217001.705117002.6855
 13.755 -0.744 12.254 41.701 54.230  2.195  7.356 12.025 -1.138
  43.173 41.667 11.948 12.261  0.050  2.145 54.282 54.191  63.97
 72461 930 2 4 6 417006.603517007.7051
 13.774  0.424  1.473  3.808 17.910  7.749  1.841 13.492  0.459
   5.569  2.806  1.050  1.713  2.811  4.938 20.446 17.244   0.58
 72461 930 31215 917006.603517007.7051
 14.552  0.585  8.577-21.093 -6.133 31.890 27.347-29.248 -2.132
 -19.589-23.754  9.410  7.104 20.370 11.520 -5.772 -8.180   5.91
 72461 930 3 4 7 317006.603517007.7051
 15.854 -0.324  9.912 34.659 51.053  3.156  8.404 13.105  1.571
  36.415 33.061  9.509 10.278  1.503  1.653 52.339 47.306 -14.21
 72561 7 3 3 6 9 317007.705117008.9355
 14.832 -0.330  9.222 -6.133 10.895 27.347 39.402-23.337  0.681
  -5.772 -8.180  9.375  8.350 23.249  4.098 11.114  7.994   3.91
 72761 7 7 1 4 5 817009.703117010.5938
 13.613 -0.014  8.286 35.092 46.341 26.805 29.571 29.625  0.680
  35.428 34.057  8.097  8.869 20.236  6.568 47.072 44.855 -17.86
 72961 759 1 1 2 117011.668017012.7227
 14.260  0.644 14.231-54.012-39.983 21.318  8.603 47.295 -2.136
 -52.521-54.015 12.665 14.235  0.050 21.268  0.000  0.000   0.00
 8 161 634 1 2 3 517014.726617015.6953
 13.977 -0.172 23.344 42.749 55.359  6.699  6.319 36.861  0.039
  43.128 42.155 23.083 23.752  4.090  2.609 56.195 54.953 -45.12
 8116110 5 3 4 7 517024.580117025.6934
 14.361 -0.747 -1.602-59.124-44.208 12.099 11.237 23.068  0.780
 -58.766-59.302 -1.450 -1.678  4.024  8.075-43.150-44.265 -58.09
 8116110 5 3 1 4 417024.580117025.6934
 13.779  0.679  7.457-58.847-44.580 49.121 30.274 46.859 -1.794
 -57.100-58.874  5.608  7.486  0.748 48.373-43.886-44.650 -32.75
 8116110 5 8 917 417024.580117025.6934
 13.103 -0.680 14.594-34.811-21.298 26.907  7.680 -4.697 -1.191
 -31.610-37.919 14.803 14.302 13.734 13.222-16.314-21.397   3.93
 8116110 5 1 1 2 117024.580117025.6934
 13.609  2.315 14.264-28.590-14.513  1.214  0.050 55.305 -0.188
 -28.528-28.638 14.177 14.332  0.533  0.681  0.000  0.000   0.00
 8116110 5 1 2 3 417024.580117025.6934
 13.784 -2.505 16.629-35.570-21.298  1.468  7.680 16.615  2.755
 -34.555-36.735 16.339 16.962  0.785  0.683-16.314-21.397 -17.38
 8116110 5 7 815 517024.580117025.6934
 13.390  0.455 17.737 35.773 49.606 13.910  6.804 58.025 -1.816
  36.700 35.056 16.323 18.831  6.066  7.844 50.312 49.219 -33.48
 81261 721 1 4 5 117025.693417026.6895
 15.864  0.988 -0.769-44.208-29.395 11.237  0.581-35.020 -1.362
 -43.150-44.265 -1.510 -0.729  0.583 10.655  0.000  0.000   0.00
 81261 721 1 3 4 117025.693417026.6895
 14.771 -1.153  8.214-44.580-30.855 30.274 31.471 14.114 -0.779
 -43.886-44.650  8.041  8.231  2.762 27.513  0.000  0.000   0.00
 81261 721 3 1 4 217025.693417026.6895
 15.581 -0.570 13.837-21.298 -6.766  7.680  0.100 -0.764 -1.942
 -16.314-21.397 13.901 13.836  0.150  7.530 -5.229 -8.304   2.17
 81361 727 0 0 1 117026.689517027.6172
 14.583  0.015 -1.752-29.395-16.773  0.581  2.353  0.000  0.000
   0.000  0.000  0.000  0.000  0.000  0.000  0.000  0.000   0.00
 81361 727 0 0 1 617026.689517027.6172
 14.308  0.073  7.066-30.855-18.489 31.471 32.315  0.000  0.000
   0.000  0.000  0.000  0.000  0.000  0.000  0.000-19.358   0.00
 81361 727 1 1 2 717026.689517027.6172
 13.686 -0.162 13.269 -6.766  5.023  0.100 12.465  1.407  0.752
  -5.229 -8.304 13.233 13.306  0.050  0.050  7.256  3.449   6.80
 81461 911 2 1 3 317027.617217028.6016
 14.095 -0.073 -6.512  1.102 14.027  4.378  5.573 -7.546 -0.297
   3.409  0.158 -6.816 -6.388  1.272  3.106 16.677 13.697   9.03
 81461 911 0 0 1 317027.617217028.6016
 15.033 -0.196  1.059-46.518-32.670  1.297  0.715  0.000  0.000
   0.000  0.000  0.000  0.000  0.000  0.000  0.000-34.412   0.00
 81461 911 0 0 1 117027.617217028.6016
 13.640  0.351  0.909-55.783-43.307  5.591  6.810  0.000  0.000
   0.000  0.000  0.000  0.000  0.000  0.000  0.000  0.000   0.00
 81461 911 1 5 6 817027.617217028.6016
 13.645  0.139  7.134-18.489 -6.008 32.315 25.804 23.556 -0.146
 -17.904-19.358  6.881  7.510 19.317 12.998 -4.994 -6.425 -17.15
 81461 911 4 3 7 517027.617217028.6016
 15.240 -0.422 13.119  5.023 19.076 12.465 15.649  8.202 -0.317
   7.256  3.449 12.805 13.340  5.155  7.310 20.602 17.091  -5.77
 81561 933 1 2 3 517028.601617029.8984
 14.944  0.451 -6.441 14.027 32.133  5.573  1.173  1.483  0.119
  16.677 13.697 -6.373 -6.449  0.616  4.957 33.380 30.403 -17.98
 81561 933 0 0 1 117028.601617029.8984
 14.759 -0.283  1.255-43.307-25.442  6.810  0.880  0.000  0.000
   0.000  0.000  0.000  0.000  0.000  0.000  0.000  0.000   0.00
 81561 933 2 1 3 117028.601617029.8984
 12.240 -0.145  0.866-32.670-18.070  0.715  0.050 21.252 -2.010
 -32.539-34.412  0.815  1.543  0.665  0.050  0.000  0.000   0.00
 81561 933 1 7 8 517028.601617029.8984
 14.250 -0.083  7.271 -6.008 11.198 25.804 29.802  6.410  0.490
  -4.994 -6.425  7.158  7.317  7.526 18.278 12.287 10.374   1.84
 81561 933 1 4 5 317028.601617029.8984
 12.181  0.574 12.702 19.076 33.599 15.649  6.417  2.430 -1.645
  20.602 17.091 12.639 12.785  8.846  6.804 35.191 33.373  -9.77
 81661 225 0 0 1 117029.898417030.6816
 14.140  0.233-15.169-44.273-33.964  0.020  0.526  0.000  0.000
   0.000  0.000  0.000  0.000  0.000  0.000  0.000  0.000   0.00
 81661 225 0 0 1 417029.898417030.6816
 13.151 -0.204  0.678-18.070 -8.535  0.050  3.123  0.000  0.000
   0.000  0.000  0.000  0.000  0.000  0.000  0.000-10.179   0.00
 81661 225 0 0 1 317029.898417030.6816
 13.554 -0.135 -3.778-31.628-21.778  0.341  2.489  0.000  0.000
   0.000  0.000  0.000  0.000  0.000  0.000  0.000-22.779   0.00
 81661 225 1 1 2 417029.898417030.6816
 14.127  0.142  7.341-56.512-46.214  9.118  7.693 23.377  0.637
 -56.145-56.785  7.183  7.458  3.885  5.234-46.177-47.278  11.38
 81661 225 1 4 51017029.898417030.6816
 15.008 -0.054  7.163 11.198 22.187 29.802 23.130  8.252  0.394
  12.287 10.374  7.006  7.282 12.825 16.978 22.705 20.709  22.79
 81661 225 2 1 3 117029.898417030.6816
 14.165 -0.096 13.447 33.599 43.928  6.417  6.810 -7.338 -1.783
  35.191 33.373 13.646 13.418  0.797  5.620  0.000  0.000   0.00
 81761 737 2 2 4 317030.681617031.6855
 13.602  0.106  7.452-46.214-33.556  7.693  2.543 34.754 -0.558
 -46.177-47.278  7.427  8.184  7.439  0.253-32.881-33.636 -21.19
 81761 737 2 810 917030.681617031.6855
 14.469  0.602  7.121 22.187 35.714 23.130 32.963 31.042  0.170
  22.705 20.709  6.811  8.003 17.125  6.006 36.754 34.420  -9.79
 81761 737 0 0 1 517030.681617031.6855
 14.745  0.057 13.371 43.928 57.732  6.810  0.384  0.000  0.000
   0.000  0.000  0.000  0.000  0.000  0.000  0.000 57.352   0.00
 81861 733 2 1 3 617031.685517032.6230
 13.920 -0.072  7.558-33.556-21.416  2.543  2.787 13.560  0.541
 -32.881-33.636  7.396  7.577  0.269  2.274-21.142-22.112 -56.39
 81861 733 0 0 1 117031.685517032.6230
 14.599 -0.511 10.322 20.828 33.605  0.050  0.220  0.000  0.000
   0.000  0.000  0.000  0.000  0.000  0.000  0.000  0.000   0.00
 81861 733 4 5 9 917031.685517032.6230
 14.416 -0.809  7.725 35.714 48.320 32.963 11.774 21.255 -0.653
  36.754 34.420  7.324  8.223 18.270 14.693 48.831 47.001 -27.93
 81961 9 3 3 3 6 617032.623017033.7031
 14.213  0.226  7.490-21.416 -7.126  2.787  2.809-42.827 -0.438
 -21.142-22.112  7.742  6.851  2.000  0.787 -6.740 -7.619  39.22
 81961 9 3 0 0 1 217032.623017033.7031
 14.660 -0.353 19.196-37.066-22.293  0.401  1.278  0.000  0.000
   0.000  0.000  0.000  0.000  0.000  0.000  0.000-22.941   0.00
 82161 146 0 0 1 117034.925817035.6953
 12.775  0.407-14.453-57.937-48.854  6.986  4.912  0.000  0.000
   0.000  0.000  0.000  0.000  0.000  0.000  0.000  0.000   0.00
 82261 717 0 0 1 217035.695317036.7637
 14.025  0.243-14.767-48.854-34.930  4.912  4.318  0.000  0.000
   0.000  0.000  0.000  0.000  0.000  0.000  0.000-34.990   0.00
 82261 717 1 1 2 217035.695317036.7637
 13.389  0.540 11.254-56.955-43.710  4.584  0.345 16.496  1.345
 -56.253-57.895 11.050 11.527  2.625  1.959-41.880-44.596  12.03
 82361 540 1 1 2 617036.763717037.8848
 14.874 -0.195-15.026-34.930-19.337  4.318  8.159 32.724  0.885
 -34.019-34.990-14.461-15.064  0.270  4.048-18.172-20.186 -46.04
 82361 540 0 0 1 117036.763717037.8848
 14.369  0.197 23.679 39.316 54.342  0.206  1.044  0.000  0.000
   0.000  0.000  0.000  0.000  0.000  0.000  0.000  0.000   0.00
 82461 245 3 3 6 917037.884817038.6953
 14.130  0.175 16.806-10.874 -0.217  9.022 20.262-14.688 -0.147
  -9.149-12.001 17.239 16.523  3.564  5.458  0.975 -1.779   4.74
 82561 717 2 1 3 217038.695317039.6934
 14.811  0.583-14.829-11.180  2.622 13.182  2.610-14.926  0.018
  -9.655-11.365-15.222-14.781  1.429 11.752  3.196  1.404  17.56
 82561 717 4 5 92117038.695317039.6934
 14.405  0.337 16.948 -0.217 13.180 20.262 46.706 -9.952  0.382
   0.975 -1.779 17.148 16.686 11.488  8.775 15.094 12.058  28.46
 82661 721 0 0 1 117039.693417040.7637
 13.871 -0.396 20.476-53.790-39.995  0.050  0.208  0.000  0.000
   0.000  0.000  0.000  0.000  0.000  0.000  0.000  0.000   0.00
 82661 7211110211517039.693417040.7637
 14.325  0.113 17.285 13.180 27.460 46.706 42.502 18.509  0.487
  15.094 12.058 16.673 17.643 17.250 29.456 29.499 25.806 -12.38
 82761 539 411151117040.763717041.6973
 14.943 -0.300 17.405 27.460 40.482 42.502 20.306  6.129  0.574
  29.499 25.806 17.196 17.575 19.036 23.465 42.154 37.869 -12.14
 82861 716 5 611 917041.697317042.7090
 14.892  0.471 17.125 40.482 54.557 20.306 34.027 -6.016 -1.447
  42.154 37.869 17.294 16.862 12.380  7.926 55.436 52.664  -2.42
 83061 25411 8191717043.878917044.7520
 15.541 -1.935 14.889-58.782-46.072 40.078 60.745 25.320  0.545
 -56.187-60.840 13.703 15.831 17.729 22.349-44.712-50.149  -8.83
 83161 557 8 9172417044.752017045.7949
 12.708  0.528 13.200-46.072-33.840 60.745 69.538 16.495  0.274
 -44.712-50.149 12.808 14.376 45.553 15.191-30.702-36.340   2.57
 9 161 4551212243217045.794917046.6172
 15.704 -0.340 13.751-33.840-21.714 69.538104.202 19.063 -0.732
 -30.702-36.340 12.698 14.590 30.837 38.701-19.268-24.401  -9.45
 9 261 9 91616321517046.617217047.7266
 13.697 -0.221 13.472-21.714 -7.630104.202 71.921  9.615  1.348
 -19.268-24.401 13.069 13.914 54.543 49.658 -3.964-10.515  -3.79
 9 361 634 6 9151617047.726617048.6230
 15.403  0.098 13.227 -7.630  5.319 71.921 75.859  5.822  0.231
  -3.964-10.515 12.863 13.513 31.674 40.247  9.093  2.335   2.16
 9 461 9 1 412161517048.623017049.7871
 15.063  0.458 13.315  5.319 21.699 75.859 64.691  7.984 -0.227
   9.093  2.335 12.800 13.722 33.499 42.360 25.451 18.955   2.49
 9 561 5 7 6 915 917049.787117050.7656
 15.985 -0.677 13.848 21.699 36.390 64.691 35.916 10.472  0.122
  25.451 18.955 13.174 14.340 27.327 37.364 40.066 33.362  -7.48
 9 661 537 3 6 91217050.765617051.7598
 13.313 -0.487 13.185 36.390 48.652 35.916 52.697  2.991 -0.046
  40.066 33.362 12.998 13.339 16.221 19.694 53.203 46.558  -0.11
 91061 238 5 4 91417054.888717055.8789
 12.413 -0.409 -9.305-51.776-40.456 53.522 44.276  6.732  0.533
 -47.696-54.288 -8.829 -9.597 20.393 33.129-36.733-43.903  -6.44
 91161 252 9 5142117055.878917056.6758
 14.360 -0.305 -8.900-40.456-29.810 44.276 25.138  0.296 -0.034
 -36.733-43.903 -8.881 -8.918 21.285 22.992-26.225-33.354   0.81
 91161 252 1 2 3 217055.878917056.6758
 12.898  0.050 14.508-51.720-42.237 60.337  8.517 21.488 -0.926
 -51.385-55.851 14.380 16.082 55.812  4.526-41.947-45.499   0.99
 91261 746 0 0 1 717056.675817057.6855
 12.857  2.575 11.116-41.621-29.623  0.050 70.024  0.000  0.000
   0.000  0.000  0.000  0.000  0.000  0.000  0.000-30.338   0.00
 91261 746 1 1 2 717056.675817057.6855
 13.466 -0.821 14.547-42.237-29.623  8.517 70.024 22.473 -2.344
 -41.947-45.499 14.431 15.854  7.823  0.694-29.121-30.338   8.34
 91361 7311012221717057.685517058.7832
 15.684  0.619 -9.772-12.448  3.672 52.606 43.458 -4.692 -2.541
  -9.174-17.661-10.037 -9.351 32.313 20.293  5.480  0.008 -18.40
 91361 731 2 5 7 417057.685517058.7832
 14.103  0.974 13.718-29.623-15.236 70.024 25.306 30.814  0.026
 -29.121-30.338 13.427 14.132 41.140 28.885-14.839-15.988   6.86
 91361 731 4 4 81117057.685517058.7832
 11.542  0.379 20.439  2.424 14.002  6.783  9.841 10.386  1.751
   4.468 -1.468 20.088 21.107  4.447  2.336 20.690 12.867  -1.19
 91561 7 8101121 917059.701217060.7012
 14.992 -2.810 -4.069 19.042 33.031 53.824 15.243 10.351 -7.848
  24.792 12.779 -3.021 -5.210 28.061 25.763 33.888 29.557 -12.49
 91561 7 8 1 4 5 417059.701217060.7012
 13.930  0.201 30.334 19.215 32.144 10.523  2.857-22.374  0.880
  20.689 17.971 30.858 29.892  4.819  5.704 35.033 31.081  17.42
 91561 7 8 2 4 6 217059.701217060.7012
 14.227 -1.637 26.724 41.762 54.986  9.619  3.978 -8.688  1.183
  42.849 39.430 26.872 26.406  6.560  3.059 58.995 54.299  14.28
 91961 431 0 0 1 217063.810517064.6855
 14.358 -0.179 19.014-27.524-15.821 13.621 10.788  0.000  0.000
   0.000  0.000  0.000  0.000  0.000  0.000  0.000-15.843   0.00
 91961 431 2 2 4 217063.810517064.6855
 15.284  0.063  3.908 13.066 25.579  5.603  8.683-13.260  1.535
  13.314 10.422  3.966  3.286  5.122  0.481 25.863 21.386   6.31
 92461 2 4 1 2 3 217068.914117069.6348
 15.537  0.562  3.319-49.555-39.044  5.539  0.949 -9.077 -0.916
 -49.184-51.503  3.378  3.009  4.654  0.885-38.969-40.400   9.15
 92461 2 4 6 9151017068.914117069.6348
 16.334 -0.191  7.325 18.976 30.061 46.962 22.335 15.733  0.463
  21.594 17.170  6.593  7.829 19.167 27.795 31.686 26.728  -4.19
 92461 2 4 1 1 2 117068.914117069.6348
 13.912  0.403 18.381 39.944 49.281 18.420  8.493 25.708 -4.833
  44.136 39.548 16.466 18.562  1.592 16.829  0.000  0.000   0.00
 92561 845 1 1 2 317069.634817070.8809
 14.070 -0.458  3.725-39.044-22.742  0.949  2.701  0.073  1.410
 -38.969-40.400  3.725  3.727  0.899  0.050-22.458-25.296  -2.72
 92561 845 4 610 617069.634817070.8809
 14.492  1.022  7.187 30.061 46.890 22.335 14.216 11.548  0.055
  31.686 26.728  6.858  7.863 15.015  7.321 48.806 43.690  -7.09
 92661 251 2 1 3 617070.880917071.7070
 13.992  0.750  3.155-22.742-11.992  2.701  9.009 -2.650 -0.108
 -22.458-25.296  3.168  3.037  2.431  0.270-10.904-13.476  22.60
 92661 251 2 2 4 817070.880917071.7070
 13.924  0.082 11.389-53.241-42.549 13.051 13.993 63.876 -0.918
 -53.068-54.290 11.041 13.484 11.195  1.856-42.371-43.294  -4.03
 92761 7 1 5 1 6 417071.707017072.8750
 15.095 -0.140  3.774-11.992  4.489  9.009  1.686 19.952  0.602
 -10.904-13.476  3.380  4.312  5.197  3.812  4.937  1.810   0.55
 92761 7 1 3 5 8 717071.707017072.8750
 15.044  0.051 11.456-42.549-26.126 13.993 15.302 59.846  0.539
 -42.371-43.294 11.156 12.715 11.296  2.697-24.520-26.907 -62.61
 92861 259 2 5 7 217072.875017073.8848
 12.749  0.019 11.516-26.126-14.247 15.302 14.145 -2.765 -1.592
 -24.520-26.907 11.592 11.479  5.007 10.296-14.165-14.297  82.79
 92861 259 3 3 6 217072.875017073.8848
 16.698  0.100 13.466-47.841-31.975 15.050  9.018 -1.183 -3.440
 -45.437-50.451 13.514 13.414  7.834  7.216-31.135-32.591  -8.98
 92961 245 1 1 2 417073.884817074.6113
 16.028  0.028 11.535-14.247 -3.330 14.145 13.072 80.021  1.898
 -14.165-14.297 11.079 11.817  5.396  8.749 -3.046 -5.629 -97.16
 92961 245 1 1 21517073.884817074.6113
 11.964 -0.131 13.568-31.975-24.007  9.018 38.589-10.167  4.127
 -31.135-32.591 13.714 13.460  3.817  5.201-21.043-26.742   4.90
 93061 919 3 1 4 417074.611317075.6094
 12.405  0.696 11.556 -3.330  8.074 13.072  5.586-17.137 -1.878
  -3.046 -5.629 11.641 10.861 11.636  1.436  8.250  7.960 -51.20
 93061 919 9 6151417074.611317075.6094
 13.313  0.149 13.472-24.007-11.696 38.589 25.969 -5.270 -0.930
 -21.043-26.742 13.738 13.227 18.516 20.073 -9.700-14.416  -3.36
10 161 922 1 3 4 217075.609417076.6172
 14.169  0.353 12.251  8.074 21.368  5.586  1.846-68.340 -0.100
   8.250  7.960 12.684 11.969  2.200  3.385 21.942 21.308  45.62
10 261 9 9 1 1 2 417076.617217077.6973
 14.321 -0.286 14.700  4.933 19.324 11.866  1.768-30.474  0.888
   5.035  4.251 14.758 14.311 10.320  1.546 19.763 18.112   5.19
10 261 9 9 1 1 2 217076.617217077.6973
 14.684 -0.122 12.606 21.368 36.152  1.846  0.789-22.723 -0.157
  21.942 21.308 12.840 12.581  0.175  1.671 36.408 35.994 -15.38
10 261 9 9 1 1 2 117076.617217077.6973
 12.012  0.846  6.554 27.172 39.072  5.406  0.508 16.302 -2.615
  27.513 24.987  6.455  7.189  4.676  0.730  0.000  0.000   0.00
10 361 715 2 1 3 717077.697317078.6211
 14.660  1.174-12.288 -5.681  6.959  5.597  3.370-51.672 -1.182
  -5.580 -7.257-12.413-10.340  5.260  0.337  7.822  6.367  37.41
10 361 715 1 3 4 717077.697317078.6211
 13.757 -0.331 14.391 19.324 31.129  1.768  8.910-25.289  0.339
  19.763 18.112 14.592 13.837  1.299  0.469 31.428 29.498  -2.02
10 461 9 4 3 4 71017078.621117079.8164
 14.136 -0.566-13.374  6.959 22.684  3.370 10.628-14.259  2.896
   7.822  6.367-13.587-13.227  1.370  2.000 24.094 19.849  -3.85
10 561 422 4 610 217079.816417080.9414
 12.677  1.301-12.697 22.684 35.829 10.628  0.460-18.108  0.126
  24.094 19.849-13.147-11.793  7.099  3.529 39.476 35.124  -1.59
10 861 7 8 0 0 1 517082.701217083.9199
 14.474 -0.499 11.681-55.549-39.110  0.022  2.640  0.000  0.000
   0.000  0.000  0.000  0.000  0.000  0.000  0.000-41.361   0.00
10 961 153 2 4 6 417083.919917084.7578
 13.519  0.589  4.700 11.812 22.291  4.613  7.070  3.503  1.134
  13.248  9.810  4.612  4.822  2.686  1.928 24.827 20.374  10.33
10 961 153 2 3 5 417083.919917084.7578
 15.888 -0.293 11.073-39.110-26.650  2.640 10.535 -1.055  0.680
 -38.872-41.361 11.078 11.033  2.387  0.253-26.403-29.473 -14.02
101061 549 1 3 4 317084.757817085.6289
 11.815  1.308  5.192 22.291 31.729  7.070  0.831 13.828 -3.672
  24.827 20.374  4.570  5.662  3.043  4.027 32.293 31.553  20.89
101061 549 1 3 4 817084.757817085.6289
 13.336  0.012 10.828-26.650-15.887 10.535 11.129-15.074  1.262
 -26.403-29.473 10.894 10.081  9.686  0.849-14.892-19.329  21.31
101161 854 2 6 8 817085.628917086.7285
 11.861  0.769 10.839-15.887 -3.932 11.129  8.991  6.239  0.331
 -14.892-19.329 10.732 11.209  8.634  2.495 -1.398 -6.106   5.86
101161 854 1 1 2 417085.628917086.7285
 13.640 -0.431 18.974-57.889-43.978 18.250 31.733 33.480 -0.291
 -57.493-58.231 18.726 19.188  8.464  9.786-43.929-44.030  46.49
101261 631 2 6 8 217086.728517087.7520
 17.078  0.499 -6.913 13.649 30.132 16.512 10.658-21.205  0.431
  15.119 11.342 -7.479 -6.024 10.084  6.428 30.365 25.992   8.11
101261 631 1 3 4 217086.728517087.7520
 14.122 -0.106 18.500-43.978-30.523 31.733 14.285 79.972  0.146
 -43.929-44.030 18.237 18.774 16.210 15.524-30.208-30.586 -21.14
101261 631 1 1 2 117086.728517087.7520
 14.281 -0.195 19.904-51.385-37.767  0.260  0.050-42.034 -1.660
 -50.326-51.637 20.802 19.691  0.050  0.210  0.000  0.000   0.00
101261 631 5 3 8 417086.728517087.7520
 13.605  0.035 11.684 -3.932  8.994  8.991  1.357 12.096 -1.072
  -1.398 -6.106 11.153 12.141  4.151  4.839 10.815  7.592  17.89
101361 556 1 1 2 217087.752017088.9004
 15.895  0.482 -7.424 30.132 47.247 10.658 16.623-13.097 -1.981
  30.365 25.992 -7.477 -6.468 10.091  0.568 47.254 44.912  -7.15
101361 556 0 0 1 117087.752017088.9004
 14.231  0.250 -5.545 24.291 39.494  3.163  4.236  0.000  0.000
   0.000  0.000  0.000  0.000  0.000  0.000  0.000  0.000   0.00
101361 556 1 1 2 317087.752017088.9004
 14.408 -0.476 18.391-30.523-15.116 14.285 26.691 58.828 -0.244
 -30.208-30.586 17.897 18.489  2.366 11.919-14.965-15.292 -12.90
101361 556 0 0 1 117087.752017088.9004
 14.131  0.016 19.705-37.767-22.678  0.050  0.769  0.000  0.000
   0.000  0.000  0.000  0.000  0.000  0.000  0.000  0.000   0.00
101361 556 3 1 4 217087.752017088.9004
 16.537  0.077 11.720  8.994 26.845  1.357  5.274 29.982  0.411
  10.815  7.592 10.692 12.512  0.590  0.767 27.060 23.059 -15.03
101461 223 1 2 3 317088.900417089.8887
 13.229 -0.255 17.844-15.116 -3.009 26.691 30.728 45.924  0.303
 -14.965-15.292 17.696 18.017 14.351 12.339 -2.678 -3.249  -2.47
101461 223 1 1 2 117088.900417089.8887
 14.157  1.528 11.808 26.845 39.869  5.274  1.756 14.956 -4.054
  27.060 23.059 11.752 12.798  4.991  0.283  0.000  0.000   0.00
101561 239 1 2 3 317089.888717090.6875
 14.863  0.037 17.592 -3.009  8.083 30.728 23.608 43.458 -0.122
  -2.678 -3.249 17.293 17.809 12.928 17.800  8.157  7.871  20.85
101561 239 0 0 1 217089.888717090.6875
 14.984 -0.981 13.320 39.869 51.058  1.756  1.032  0.000  0.000
   0.000  0.000  0.000  0.000  0.000  0.000  0.000 51.052   0.00
101661 729 1 2 3 217090.687517091.6348
 14.357 -0.104 17.621  8.083 20.748 23.608 31.966 64.310  0.170
   8.157  7.871 17.474 18.040 17.456  6.152 20.931 20.481  -6.84
101661 729 1 1 2 217090.687517091.6348
 14.997 -0.933 16.426 30.135 43.406  0.695  1.724-83.679  0.320
  30.174 30.003 16.765 15.284  0.536  0.159 43.666 41.926 105.87
101761 845 1 1 2 117091.634817092.7090
 13.961  0.174 17.523 20.748 34.678 31.966 22.788 57.466 -0.798
  20.931 20.481 17.250 17.923 18.962 13.003  0.000  0.000   0.00
11 561 229 0 4 4 417110.896517111.7617
 11.995 -0.015  9.536 31.630 41.148 12.111 22.243 37.995-25.965
   0.000 25.368  0.000 19.542  1.000 26.935 45.319 39.491 -31.92
11 661 544 1 1 2 117111.761717112.9023
 14.619  0.380 -5.307 -9.626  5.920  4.926  5.817 10.944 -1.577
  -9.610-11.165 -5.304 -5.603  4.876  0.050  0.000  0.000   0.00
11 661 544 3 1 4 217111.761717112.9023
 12.493 -0.235  9.523 41.148 54.269 22.243  6.011  6.072 -4.510
  45.319 39.491  9.085  9.697  6.323 15.919 54.955 54.263  51.38
11 761 222 0 0 1 517112.902317113.9004
 12.860 -0.543 -5.740  5.920 17.778  5.817  6.054  0.000  0.000
   0.000  0.000  0.000  0.000  0.000  0.000  0.000 15.416   0.00
11 761 222 2 3 5 517112.902317113.9004
 17.453 -0.894  5.311 41.911 58.355  8.484  9.013 15.824  2.464
  45.394 40.472  4.328  5.717  2.480  6.004 60.585 53.282  -0.28
11 861 223 2 3 5 317113.900417114.6797
 15.423  0.115 -5.198 17.778 29.047  6.054  5.607 -2.673 -2.642
  18.815 15.416 -5.246 -5.088  4.206  1.848 29.544 28.816  16.28
11 861 223 1 2 3 117113.900417114.6797
 11.835  0.315 21.346 30.958 39.427  6.614  0.050 -9.458 -1.341
  32.184 30.765 21.536 21.316  0.903  5.711  0.000  0.000   0.00
11 961 739 1 2 3 117114.679717115.6777
 14.042 -0.056 -5.288 29.047 42.075  5.607  7.466 13.609 -0.746
  29.544 28.816 -5.168 -5.343  1.774  3.833  0.000  0.000   0.00
11 961 739 5 3 8 617114.679717115.6777
 13.848 -0.023 18.729 -5.438  7.397  9.869 20.307 -0.793  1.699
  -4.854 -7.751 18.737 18.699  7.880  1.989  9.930  5.247   4.20
111061 742 0 0 1 117115.677717116.7871
 13.639 -1.066 -5.232 42.075 56.108  7.466  4.573  0.000  0.000
   0.000  0.000  0.000  0.000  0.000  0.000  0.000  0.000   0.00
111061 742 1 2 3 217115.677717116.7871
 14.850 -0.851  7.353-55.772-40.396  6.682 12.716  4.547  0.159
 -55.286-57.132  7.315  7.460  4.921  1.761-40.388-42.394  -2.32
111061 742 2 4 61117115.677717116.7871
 14.194  0.114 18.706  7.397 22.045 20.307 33.236  3.404  0.939
   9.930  5.247 18.563 18.827  9.325 10.983 24.709 19.033  -6.94
111161 5 6 1 1 2 117116.787117117.7285
 15.493  1.133  6.410-40.396-26.735 12.716 14.458  2.229 -1.995
 -40.388-42.394  6.409  6.487 12.666  0.050  0.000  0.000   0.00
111261 630 0 0 1 217117.728517118.9043
 13.986  0.084  7.476-26.735-11.459 14.458 14.160  0.000  0.000
   0.000  0.000  0.000  0.000  0.000  0.000  0.000-12.023   0.00
111261 630 1 2 3 317117.728517118.9043
 13.365 -0.478 18.776 30.978 45.524  6.655  2.442-24.696  0.737
  31.671 30.812 19.078 18.704  1.285  5.371 45.726 44.421 -15.93
111261 630 1 1 2 217117.728517118.9043
 13.302 -0.005 18.285 38.890 53.362  9.077  6.660 12.301  0.980
  38.980 38.450 18.266 18.376  7.532  1.545 54.102 52.570 -25.60
111361 217 1 1 2 217118.904317119.8184
 14.653 -0.504  7.575-11.459  1.031 14.160  7.799-14.732  0.039
 -11.390-12.023  7.593  7.428 12.609  1.551  1.281  0.590  10.41
111361 217 0 0 1 217118.904317119.8184
 13.566 -1.352  9.606-39.377-27.880  0.050  1.395  0.000  0.000
   0.000  0.000  0.000  0.000  0.000  0.000  0.000-28.132   0.00
111361 217 0 0 1 217118.904317119.8184
 15.667 -0.066 18.002 35.931 49.348  0.289  1.199  0.000  0.000
   0.000  0.000  0.000  0.000  0.000  0.000  0.000 45.852   0.00
111361 217 2 1 3 217118.904317119.8184
 15.706  0.311 18.214 45.524 58.978  2.442  5.859-40.625  0.249
  45.726 44.421 18.379 17.316  2.065  0.377 60.583 58.734  61.90
12 561 219 0 0 1 417140.902317141.6875
 14.756  0.030 15.082 10.063 20.880  2.357  1.158  0.000  0.000
   0.000  0.000  0.000  0.000  0.000  0.000  0.000 19.646   0.00
12 561 219 2 2 4 417140.902317141.6875
 14.224 -0.264 15.545 19.925 30.324  7.292 16.273 -7.919 -0.412
  20.035 18.951 15.559 15.414  6.551  0.742 30.416 29.766  20.69
12 661 729 1 3 4 617141.687517142.6758
 12.843 -0.158 15.337 30.324 42.044 16.273 18.616 12.774  5.643
  30.416 29.766 15.317 15.459 13.963  2.310 43.336 36.822 -12.56
12 661 729 0 0 1 417141.687517142.6758
 12.620  0.441  7.256 38.244 49.744  2.386  9.863  0.000  0.000
   0.000  0.000  0.000  0.000  0.000  0.000  0.000 48.931   0.00
12 761 746 2 4 6 217142.675817143.7598
 15.733 -0.285 15.181 42.044 58.035 18.616 33.286  0.216 -4.971
  43.336 36.822 15.176 15.200 14.924  3.692 58.172 56.818   5.33
122361 8 8 3 2 5 317158.660217159.6523
 14.244 -0.176 -3.793-37.388-24.244 15.277 14.292-82.333 -0.013
 -37.359-37.451 -4.004 -3.325 10.544  4.734-23.914-24.467  47.53
122361 8 8 4 3 7 817158.660217159.6523
 13.546  0.085 -2.726-48.401-35.950 19.583  7.662-14.248  0.203
 -47.469-49.516 -2.962 -2.443 10.664  8.919-34.393-36.706  15.81
122361 8 8 4 7111417158.660217159.6523
 12.521 -0.196 13.602 11.047 22.482 11.612 31.652  4.335  0.879
  12.584  8.839 13.488 13.764  6.844  4.768 25.558 20.903  -3.34
122961 740 3 0 31217164.679717165.6699
 16.232 -0.626  9.176 -9.876  5.218  2.546 38.726 -3.830-14.081
  41.110  0.000 -2.717  0.000  0.150  1.000 23.293  0.000 -26.15
