 1 123 654 1 1 2 2 2922.7124 2923.8049
 13.806 -0.604  7.684 44.314 58.324 11.821 14.237 16.728 -0.558
  44.369 43.046  7.668  8.062 11.329  0.492 58.374 57.639   9.18
 42323 752 1 3 4 1 3034.6721 3035.6675
 13.987 -0.038 -5.731 -2.667 10.271  7.159  0.379-15.640 -1.632
  -2.488 -4.068 -5.781 -5.341  6.348  0.810  0.000  0.000   0.00
 42423 759 0 0 1 2 3035.6675 3036.6548
 14.370 -0.480 -5.693 10.271 23.488  0.379  1.781  0.000  0.000
   0.000  0.000  0.000  0.000  0.000  0.000  0.000 22.804   0.00
 62123 9 7 0 0 0 1 3093.6201 3094.6104
 16.514  2.572  0.000  0.000 15.383  1.000 10.695  0.000  0.000
   0.000  0.000  0.000  0.000  0.000  0.000  0.000  0.000   0.00
 62223 920 0 0 1 1 3094.6104 3095.5959
 15.189 -0.346 -2.547 15.383 29.384 10.695  1.814  0.000  0.000
   0.000  0.000  0.000  0.000  0.000  0.000  0.000  0.000   0.00
 62323 941 0 0 1 1 3095.5959 3096.5889
 14.758  0.051 -2.206 29.384 43.066  1.814  2.487  0.000  0.000
   0.000  0.000  0.000  0.000  0.000  0.000  0.000  0.000   0.00
 62523 949 1 4 5 9 3097.5903 3098.5916
 12.455  0.227  8.935-32.779-21.288 20.638  8.774 16.256  0.378
 -32.174-36.116  8.760  9.896 17.471  3.168-18.277-22.707  -6.74
 62623 948 3 6 910 3098.5916 3099.5945
 14.632 -0.533  9.162-21.288 -7.598  8.774 12.673  9.511 -0.334
 -18.277-22.707  8.664  9.396  2.811  5.963 -5.078 -9.207  -4.04
 62723 943 3 710 7 3099.5945 3100.5972
 15.826 -0.143  8.627 -7.598  7.290 12.673 14.096  5.475  0.141
  -5.078 -9.207  8.388  8.780  4.939  7.733  8.710  4.426  -8.19
 62923 930 3 3 6 8 3101.6035 3102.5972
 16.430 -0.061  8.586 17.425 32.778 21.350 12.782 22.568  0.480
  20.343 16.435  7.387  8.993  5.406 15.944 34.282 29.892  -1.14
 63023 939 3 5 8 8 3102.5972 3103.6917
 13.736  0.028  8.525 32.778 46.740 12.782 10.993 21.427  0.012
  34.282 29.892  7.941  9.645  8.404  4.377 48.738 44.417   2.57
 9 623 918 1 4 5 5 3170.6118 3171.6133
 13.003 -0.220-25.789 30.608 42.646 19.419 16.897 29.991  0.231
  31.153 28.565-25.506-26.851 15.329  4.090 43.145 40.468   4.26
 91723 7 3 2 1 3 1 3181.7056 3182.6687
 17.371 -0.451  9.858  3.610 19.394  1.261 10.883 20.050 -1.692
   4.303  2.690  9.608 10.189  0.720  0.542  0.000  0.000   0.00
 92823 724 0 0 1 2 3192.6909 3193.6235
 13.225 -0.445-16.582-16.577 -5.161  2.920  9.533  0.000  0.000
   0.000  0.000  0.000  0.000  0.000  0.000  0.000 -5.803   0.00
 92923 9 1 1 1 2 1 3193.6235 3194.7402
 13.717 -0.148-16.167 -5.161  9.057  9.533 10.847 -9.154 -0.774
  -5.007 -5.803-16.190-16.067  7.690  1.843  0.000  0.000   0.00
 93023 614 0 0 1 1 3194.7402 3195.6589
 13.398  0.828-16.002  9.057 20.461 10.847 14.223  0.000  0.000
   0.000  0.000  0.000  0.000  0.000  0.000  0.000  0.000   0.00
10 123 811 0 0 1 1 3195.6589 3196.6631
 14.089  0.155-16.762 20.461 33.619 14.223 11.299  0.000  0.000
   0.000  0.000  0.000  0.000  0.000  0.000  0.000  0.000   0.00
10 223 8 4 0 0 1 1 3196.6631 3197.6589
 14.281 -1.042-16.917 33.619 46.860 11.299  5.510  0.000  0.000
   0.000  0.000  0.000  0.000  0.000  0.000  0.000  0.000   0.00
10 323 811 0 0 1 1 3197.6589 3198.6326
 12.915 -0.049-15.879 46.860 58.474  5.510 14.894  0.000  0.000
   0.000  0.000  0.000  0.000  0.000  0.000  0.000  0.000   0.00
101123 9 0 1 1 2 2 3205.6250 3206.6055
 14.749  0.272  4.311-43.062-29.567  4.854  2.649-22.271  0.045
 -42.913-43.380  4.372  4.181  3.301  1.553-29.557-30.060  -1.72
101523 8 4 0 0 1 3 3209.6631 3210.6646
 14.192  0.051  4.245 11.488 24.712  3.074  1.999  0.000  0.000
   0.000  0.000  0.000  0.000  0.000  0.000  0.000 24.398   0.00
101623 8 3 1 2 3 1 3210.6646 3211.6494
 13.870 -0.509  4.297 24.712 37.400  1.999  2.413-39.206 -0.511
  24.795 24.398  4.364  4.041  1.583  0.416  0.000  0.000   0.00
102423 747 3 3 6 8 3218.6750 3219.6694
 15.391  0.898 -4.975  1.448 15.772  7.457  9.022-36.072 -0.697
   3.270 -1.186 -6.298 -3.064  4.407  3.050 16.962 12.344  19.43
102423 747 0 0 1 1 3218.6750 3219.6694
 13.558 -1.175-17.094-35.482-22.980  1.907 11.741  0.000  0.000
   0.000  0.000  0.000  0.000  0.000  0.000  0.000  0.000   0.00
102523 755 1 7 8 2 3219.6694 3220.7048
 15.853  0.756 -5.868 15.772 31.166  9.022  4.024-16.641 -1.202
  16.962 12.344 -6.222 -4.849  6.697  2.325 31.424 27.989  -1.66
102523 755 0 0 1 1 3219.6694 3220.7048
 13.872  0.088-15.926-22.980 -9.638 11.741  0.959  0.000  0.000
   0.000  0.000  0.000  0.000  0.000  0.000  0.000  0.000   0.00
102623 7 4 1 1 2 3 3220.7048 3221.6868
 14.632  0.995 -6.651 31.166 44.565  4.024  2.984-18.303 -0.038
  31.424 27.989 -6.736 -5.608  3.721  0.303 44.685 41.100  20.49
102623 7 4 0 0 1 1 3220.7048 3221.6868
 13.378  0.319-16.018 -9.638  2.530  0.959  2.230  0.000  0.000
   0.000  0.000  0.000  0.000  0.000  0.000  0.000  0.000   0.00
102723 730 0 0 1 1 3221.6868 3222.6626
 15.654 -0.191-16.331  2.530 16.842  2.230  9.420  0.000  0.000
   0.000  0.000  0.000  0.000  0.000  0.000  0.000  0.000   0.00
11 623 818 1 2 3 7 3231.6541 3232.6687
 13.243 -0.131 30.323-49.874-37.438 12.681 21.709 -1.345  1.257
 -49.108-50.471 30.338 30.311  5.553  7.128-36.498-39.270  11.48
11 723 756 4 3 7 3 3232.6687 3233.8181
 16.102 -0.543 30.190-37.438-20.065 21.709  6.226 10.137 -1.668
 -36.498-39.270 30.045 30.473 14.344  7.365-19.592-20.436 -26.72
111223 511 0 0 1 1 3237.7834 3238.7244
 12.827  0.059 30.143 32.148 43.290  1.053 10.189  0.000  0.000
   0.000  0.000  0.000  0.000  0.000  0.000  0.000  0.000   0.00
111323 637 0 0 1 1 3238.7244 3239.6702
 14.003 -0.144 30.198 43.290 55.604 10.189  3.773  0.000  0.000
   0.000  0.000  0.000  0.000  0.000  0.000  0.000  0.000   0.00
