 1 123 654 1 1 2 2 2922.7124 2923.8049
 14.339 -0.648  8.062  7.354 43.046 57.639  0.492  0.958  7.684
  44.314 11.821 14.237  1.369 -0.558 16.728 25.908 13.806  -0.60
 1 123 654 1 1 2 2 2922.7124 2923.8049
 13.800 -0.611  7.668  7.000 44.369 58.374 11.329 13.279  7.684
  44.314 11.821 14.237  1.369 -0.558 16.728 25.908 13.806  -0.60
 42323 752 1 3 4 1 3034.6721 3035.6675
 15.251  0.309 -5.386 -5.693 -3.925 10.271  0.602  0.379 -5.731
  -2.667  7.159  0.379  1.632 -1.632-15.640  0.000 13.987  -0.04
 42423 759 0 0 1 2 3035.6675 3036.6548
 14.390 -0.472 -5.693 -5.227 10.271 23.508  0.379  1.731 -5.693
  10.271  0.379  1.781  0.000  0.756  0.000-22.007 14.370  -0.48
 62223 920 0 0 1 1 3094.6104 3095.5959
 15.189 -0.346 -2.547 -2.206 15.383 29.384 10.695  1.814 -2.547
  15.383 10.695  1.814  0.000  0.000  0.000  0.000 15.189  -0.35
 62323 941 0 0 1 1 3095.5959 3096.5889
 14.758  0.051 -2.206 -2.256 29.384 43.066  1.814  2.487 -2.206
  29.384  1.814  2.487  0.000  0.000  0.000  0.000 14.758   0.05
 62523 949 1 4 5 9 3097.5903 3098.5916
 14.707  0.091  8.288  8.379-34.635-20.889  0.050  0.155  8.935
 -32.779 20.638  8.774  4.057  0.378 16.256  9.511 12.455   0.23
 62523 949 1 4 5 9 3097.5903 3098.5916
 14.122  0.551 10.101 10.653-36.218-23.057  2.394  0.731  8.935
 -32.779 20.638  8.774  4.057  0.378 16.256  9.511 12.455   0.23
 62523 949 1 4 5 9 3097.5903 3098.5916
 14.217  0.423  9.681 10.105-36.919-23.664  0.449  2.433  8.935
 -32.779 20.638  8.774  4.057  0.378 16.256  9.511 12.455   0.23
 62623 948 3 6 910 3098.5916 3099.5945
 13.965 -0.018  8.608  8.589-17.723 -4.702  2.082  0.824  9.162
 -21.288  8.774 12.673  4.435 -0.334  9.511  5.475 14.632  -0.53
 62623 948 3 6 910 3098.5916 3099.5945
 14.010  0.006  8.184  8.190-21.624 -8.558  1.399  0.050  9.162
 -21.288  8.774 12.673  4.435 -0.334  9.511  5.475 14.632  -0.53
 62623 948 3 6 910 3098.5916 3099.5945
 14.291 -0.432  8.623  8.190-21.907 -8.558  1.299  0.050  9.162
 -21.288  8.774 12.673  4.435 -0.334  9.511  5.475 14.632  -0.53
 62623 948 3 6 910 3098.5916 3099.5945
 13.736 -0.357  9.546  9.188-22.400 -9.608  0.050  0.050  9.162
 -21.288  8.774 12.673  4.435 -0.334  9.511  5.475 14.632  -0.53
 62623 948 3 6 910 3098.5916 3099.5945
 14.298 -0.074 10.105 10.031-23.664-10.309  2.433  0.050  9.162
 -21.288  8.774 12.673  4.435 -0.334  9.511  5.475 14.632  -0.53
 62723 943 3 710 7 3099.5945 3100.5972
 14.003  0.002  6.903  6.905-10.380  2.680  1.829  0.050  8.627
  -7.598 12.673 14.096  4.101  0.141  5.475 -2.713 15.826  -0.14
 62723 943 3 710 7 3099.5945 3100.5972
 14.779  0.127  8.726  8.854-10.599  3.238  0.156  1.710  8.627
  -7.598 12.673 14.096  4.101  0.141  5.475 -2.713 15.826  -0.14
 62723 943 3 710 7 3099.5945 3100.5972
 14.103  0.230  8.624  8.854 -9.922  3.238  1.159  1.710  8.627
  -7.598 12.673 14.096  4.101  0.141  5.475 -2.713 15.826  -0.14
 62723 943 3 710 7 3099.5945 3100.5972
 13.989  0.299  9.583  9.883 -8.479  4.566  4.440  0.440  8.627
  -7.598 12.673 14.096  4.101  0.141  5.475 -2.713 15.826  -0.14
 62723 943 3 710 7 3099.5945 3100.5972
 14.419  0.329  8.220  8.550 -4.766  8.710  3.415  9.422  8.627
  -7.598 12.673 14.096  4.101  0.141  5.475 -2.713 15.826  -0.14
 62723 943 3 710 7 3099.5945 3100.5972
 14.355 -0.039  8.589  8.550 -4.702  8.710  0.824  9.422  8.627
  -7.598 12.673 14.096  4.101  0.141  5.475 -2.713 15.826  -0.14
 62923 930 3 3 6 8 3101.6035 3102.5972
 14.001 -0.057  8.342  8.286 15.713 28.654  2.516  0.129  8.586
  17.425 21.350 12.782  4.184  0.480 22.568 21.427 16.430  -0.06
 62923 930 3 3 6 8 3101.6035 3102.5972
 14.831  0.007  7.240  7.247 19.509 33.274  0.586  2.678  8.586
  17.425 21.350 12.782  4.184  0.480 22.568 21.427 16.430  -0.06
 62923 930 3 3 6 8 3101.6035 3102.5972
 14.222 -0.010  7.256  7.247 20.114 33.274  4.103  2.678  8.586
  17.425 21.350 12.782  4.184  0.480 22.568 21.427 16.430  -0.06
 62923 930 3 3 6 8 3101.6035 3102.5972
 14.432  0.029  8.252  8.282 22.337 35.706  0.717  3.773  8.586
  17.425 21.350 12.782  4.184  0.480 22.568 21.427 16.430  -0.06
 63023 939 3 5 8 8 3102.5972 3103.6917
 14.195 -0.103  9.735  9.622 29.890 44.353  4.037  4.834  8.525
  32.778 12.782 10.993  4.664  0.012 21.427 24.002 13.736   0.03
 63023 939 3 5 8 8 3102.5972 3103.6917
 14.560 -0.294  8.744  8.422 31.352 46.215  0.150  0.192  8.525
  32.778 12.782 10.993  4.664  0.012 21.427 24.002 13.736   0.03
 63023 939 3 5 8 8 3102.5972 3103.6917
 13.961 -0.204  8.236  8.013 32.915 47.122  1.954  0.050  8.525
  32.778 12.782 10.993  4.664  0.012 21.427 24.002 13.736   0.03
 63023 939 3 5 8 8 3102.5972 3103.6917
 14.346  0.053  7.247  7.304 33.274 47.902  2.678  2.898  8.525
  32.778 12.782 10.993  4.664  0.012 21.427 24.002 13.736   0.03
 63023 939 3 5 8 8 3102.5972 3103.6917
 14.111 -0.066  8.282  8.209 35.706 50.077  3.773  2.439  8.525
  32.778 12.782 10.993  4.664  0.012 21.427 24.002 13.736   0.03
 9 623 918 1 4 5 5 3170.6118 3171.6133
 12.958 -0.244-25.506-25.262 31.153 43.145 15.329 13.746-25.789
  30.608 19.419 16.897  2.690  0.231 29.991 34.252 13.003  -0.22
 9 623 918 1 4 5 5 3170.6118 3171.6133
 13.038 -0.054-26.614-26.560 29.220 41.293  1.588  2.661-25.789
  30.608 19.419 16.897  2.690  0.231 29.991 34.252 13.003  -0.22
 9 623 918 1 4 5 5 3170.6118 3171.6133
 13.098 -0.048-26.112-26.064 29.392 41.525  1.149  0.050-25.789
  30.608 19.419 16.897  2.690  0.231 29.991 34.252 13.003  -0.22
 91723 7 3 2 1 3 1 3181.7056 3182.6687
 17.041  0.213  9.218  9.423  3.929 19.394  0.530 10.883  9.858
   3.610  1.261 10.883  1.692 -1.692 20.050  0.000 17.371  -0.45
 92823 724 0 0 1 2 3192.6909 3193.6235
 13.390 -0.419-16.582-16.190-16.577 -5.007  2.920  7.690-16.582
 -16.577  2.920  9.533  0.000  0.774  0.000 -9.154 13.225  -0.44
 92923 9 1 1 1 2 1 3193.6235 3194.7402
 14.292 -0.059-16.067-16.002 -5.803  9.057  1.843 10.847-16.167
  -5.161  9.533 10.847  0.774 -0.774 -9.154  0.000 13.717  -0.15
 92923 9 1 1 1 2 1 3193.6235 3194.7402
 13.579 -0.169-16.190-16.002 -5.007  9.057  7.690 10.847-16.167
  -5.161  9.533 10.847  0.774 -0.774 -9.154  0.000 13.717  -0.15
 93023 614 0 0 1 1 3194.7402 3195.6589
 13.398  0.828-16.002-16.762  9.057 20.461 10.847 14.223-16.002
   9.057 10.847 14.223  0.000  0.000  0.000  0.000 13.398   0.83
10 123 811 0 0 1 1 3195.6589 3196.6631
 14.089  0.155-16.762-16.917 20.461 33.619 14.223 11.299-16.762
  20.461 14.223 11.299  0.000  0.000  0.000  0.000 14.089   0.15
10 223 8 4 0 0 1 1 3196.6631 3197.6589
 14.281 -1.042-16.917-15.879 33.619 46.860 11.299  5.510-16.917
  33.619 11.299  5.510  0.000  0.000  0.000  0.000 14.281  -1.04
10 323 811 0 0 1 1 3197.6589 3198.6326
 12.915 -0.049-15.879-15.832 46.860 58.474  5.510 14.894-15.879
  46.860  5.510 14.894  0.000  0.000  0.000  0.000 12.915  -0.05
101123 9 0 1 1 2 2 3205.6250 3206.6055
 14.607  0.214  4.372  4.582-42.913-29.557  3.301  2.599  4.311
 -43.062  4.854  2.649  0.503  0.045-22.271-23.990 14.749   0.27
101123 9 0 1 1 2 2 3205.6250 3206.6055
 15.083  0.408  4.181  4.582-43.380-29.557  1.553  2.599  4.311
 -43.062  4.854  2.649  0.503  0.045-22.271-23.990 14.749   0.27
101523 8 4 0 0 1 3 3209.6631 3210.6646
 14.274  0.119  4.245  4.364 11.488 24.795  3.074  1.583  4.245
  11.488  3.074  1.999  0.000  0.511  0.000-39.206 14.192   0.05
101623 8 3 1 2 3 1 3210.6646 3211.6494
 13.786 -0.578  4.364  3.795 24.795 37.400  1.583  2.413  4.297
  24.712  1.999  2.413  0.511 -0.511-39.206  0.000 13.870  -0.51
101623 8 3 1 2 3 1 3210.6646 3211.6494
 13.883 -0.232  4.023  3.795 24.700 37.400  0.366  2.413  4.297
  24.712  1.999  2.413  0.511 -0.511-39.206  0.000 13.870  -0.51
102423 747 3 3 6 8 3218.6750 3219.6694
 13.235 -0.372 -6.437 -6.066  3.463 15.644  3.736  0.604 -4.975
   1.448  7.457  9.022  5.492 -0.697-36.072-16.641 15.391   0.90
102423 747 3 3 6 8 3218.6750 3219.6694
 13.066 -0.729 -5.582 -4.857  2.212 14.224  0.621  0.050 -4.975
   1.448  7.457  9.022  5.492 -0.697-36.072-16.641 15.391   0.90
102423 747 3 3 6 8 3218.6750 3219.6694
 13.918 -0.759 -2.612 -1.858 -0.560 12.300  1.693  0.050 -4.975
   1.448  7.457  9.022  5.492 -0.697-36.072-16.641 15.391   0.90
102423 747 3 3 6 8 3218.6750 3219.6694
 13.422 -0.672 -4.274 -3.606 -2.023 10.344  0.549  0.152 -4.975
   1.448  7.457  9.022  5.492 -0.697-36.072-16.641 15.391   0.90
102423 747 0 0 1 1 3218.6750 3219.6694
 13.558 -1.175-17.094-15.926-35.482-22.980  1.907 11.741-17.094
 -35.482  1.907 11.741  0.000  0.000  0.000  0.000 13.558  -1.17
102523 755 1 7 8 2 3219.6694 3220.7048
 17.598  1.815 -4.857 -6.736 14.224 31.424  0.050  3.721 -5.868
  15.772  9.022  4.024  4.795 -1.202-16.641-18.303 15.853   0.76
102523 755 1 7 8 2 3219.6694 3220.7048
 17.552  1.575 -3.977 -5.608 10.836 27.989  0.050  0.303 -5.868
  15.772  9.022  4.024  4.795 -1.202-16.641-18.303 15.853   0.76
102523 755 0 0 1 1 3219.6694 3220.7048
 13.872  0.088-15.926-16.018-22.980 -9.638 11.741  0.959-15.926
 -22.980 11.741  0.959  0.000  0.000  0.000  0.000 13.872   0.09
102623 7 4 1 1 2 3 3220.7048 3221.6868
 14.491  0.904 -6.736 -7.624 31.424 44.685  3.721  2.884 -6.651
  31.166  4.024  2.984  3.594 -0.038-18.303  2.185 14.632   0.99
102623 7 4 0 0 1 1 3220.7048 3221.6868
 13.378  0.319-16.018-16.331 -9.638  2.530  0.959  2.230-16.018
  -9.638  0.959  2.230  0.000  0.000  0.000  0.000 13.378   0.32
102723 730 0 0 1 1 3221.6868 3222.6626
 15.654 -0.191-16.331-16.144  2.530 16.842  2.230  9.420-16.331
   2.530  2.230  9.420  0.000  0.000  0.000  0.000 15.654  -0.19
11 623 818 1 2 3 7 3231.6541 3232.6687
 13.629 -0.302 30.338 30.032-49.108-36.281  5.553 10.352 30.323
 -49.874 12.681 21.709  1.177  1.257 -1.345 10.137 13.243  -0.13
11 623 818 1 2 3 7 3231.6541 3232.6687
 13.274 -0.131 30.305 30.172-50.350-37.882  5.633  0.447 30.323
 -49.874 12.681 21.709  1.177  1.257 -1.345 10.137 13.243  -0.13
11 623 818 1 2 3 7 3231.6541 3232.6687
 13.844 -0.157 30.332 30.172-50.928-37.882  1.496  0.447 30.323
 -49.874 12.681 21.709  1.177  1.257 -1.345 10.137 13.243  -0.13
11 723 756 4 3 7 3 3232.6687 3233.8181
 15.393 -0.665 30.233 29.469-37.020-20.462  3.307  3.211 30.190
 -37.438 21.709  6.226  2.434 -1.668 10.137-16.587 16.102  -0.54
11 723 756 4 3 7 3 3232.6687 3233.8181
 15.029 -0.484 30.032 29.476-36.281-20.141 10.352  0.275 30.190
 -37.438 21.709  6.226  2.434 -1.668 10.137-16.587 16.102  -0.54
11 723 756 4 3 7 3 3232.6687 3233.8181
 15.159 -0.767 30.570 29.689-35.882-19.592  0.050  2.740 30.190
 -37.438 21.709  6.226  2.434 -1.668 10.137-16.587 16.102  -0.54
111223 511 0 0 1 1 3237.7834 3238.7244
 12.827  0.059 30.143 30.198 32.148 43.290  1.053 10.189 30.143
  32.148  1.053 10.189  0.000  0.000  0.000  0.000 12.827   0.06
111323 637 0 0 1 1 3238.7244 3239.6702
 14.003 -0.144 30.198 30.063 43.290 55.604 10.189  3.773 30.198
  43.290 10.189  3.773  0.000  0.000  0.000  0.000 14.003  -0.14
