 1 153 652 2 6 8 213880.712913881.7207
 14.946  0.369 12.578-15.971 -1.898 12.365 10.332-10.523 -2.887
 -15.391-19.328 12.683 11.969 10.543  1.823 -1.881 -2.465 -45.67
 1 253 641 1 1 2 613881.720713882.7275
 13.188 -0.097 12.950 -1.898 10.387 10.332 11.099-56.188  2.886
  -1.881 -2.465 12.974 12.125 10.040  0.292 11.649  7.819  39.09
 1 353 632 1 5 6 613882.727513883.7080
 14.710  0.089 12.852 10.387 23.860 11.099  4.256-17.102  0.074
  11.649  7.819 13.231 12.082  7.440  3.658 24.426 20.416   6.12
 1 953 631 0 0 1 213888.727513889.7041
 14.257  0.635  2.117-30.062-17.098 17.487  8.948  0.000  0.000
   0.000  0.000  0.000  0.000  0.000  0.000  0.000-17.560   0.00
 1 953 631 9 8171613888.727513889.7041
 14.158 -0.067 19.560  0.100 12.968  3.492 25.315  5.157  0.442
   2.463 -3.764 19.359 19.889  2.166  1.325 15.712  9.005  -1.63
 11053 7 6 1 1 2 213889.704113890.9814
 12.189  0.084  2.737-17.098 -2.782  8.948  6.369  0.089  0.687
 -17.091-17.560  2.737  2.738  8.819  0.129 -2.773 -3.886 -16.02
 11053 7 6 9 7161613889.704113890.9814
 13.750 -0.118 19.495 12.968 29.277 25.315 20.056  3.524 -3.224
  15.712  9.005 19.336 19.725 14.958 10.357 31.101 27.942  13.13
 11153 026 4 2 6 613890.981413891.7217
 11.747 -1.127 -7.037-44.500-36.528 18.466 10.599-13.170 -3.132
 -43.023-48.014 -7.380 -6.221 13.003  5.463-35.694-37.657  16.57
 11153 026 1 1 2 313890.981413891.7217
 16.912 -0.046  2.844 -2.782  9.013  6.369 21.134-15.929  0.058
  -2.773 -3.886  2.847  2.529  6.319  0.050  9.100  7.900   7.02
 11153 026 8 816 613890.981413891.7217
 17.094 -0.944 19.344 29.277 41.207 20.056  2.901 16.653  0.854
  31.101 27.942 18.830 19.721  8.478 11.578 43.470 39.413  -2.45
 11453 633 0 0 1 313893.726613894.7100
 11.785  1.179 -7.300-30.445-19.811 12.660  1.804  0.000  0.000
   0.000  0.000  0.000  0.000  0.000  0.000  0.000-21.563   0.00
 11553 656 2 1 3 513894.710013895.7422
 14.412  0.111 -7.207  9.184 23.047  4.986 14.294 10.001  2.829
   9.238  8.935 -7.197 -7.250  4.103  0.884 23.115 20.099   7.41
 11553 656 0 0 1 113894.710013895.7422
 13.704  0.306 -9.565-13.209 -0.077 10.954 11.735  0.000  0.000
   0.000  0.000  0.000  0.000  0.000  0.000  0.000  0.000   0.00
 11553 656 1 2 3 113894.710013895.7422
 15.189 -0.352 -8.460-19.811 -5.147  1.804  2.240 10.040 -2.371
 -19.202-21.563 -8.354 -8.767  1.339  0.465  0.000  0.000   0.00
 11653 610 1 4 5 213895.742213896.7490
 14.286  0.365 -7.321 23.047 36.438 14.294  3.256 17.410 -1.544
  23.115 20.099 -7.300 -8.238 13.971  0.322 36.513 35.642  39.72
 11653 610 0 0 1 313895.742213896.7490
 13.321 -0.329 -9.880 -0.077 12.342 11.735  8.416  0.000  0.000
   0.000  0.000  0.000  0.000  0.000  0.000  0.000  8.982   0.00
 11753 6 1 1 1 2 213896.749013897.7354
 14.424  0.472 -7.688 36.438 49.706  3.256  2.069 57.134 -1.005
  36.513 35.642 -7.573 -8.909  2.974  0.282 49.728 49.140 -50.92
 11753 6 1 2 1 3 213896.749013897.7354
 12.913 -0.344 -9.550 12.342 24.119  8.416  2.375-21.751 -0.471
  13.320  8.982 -9.934 -8.227  6.519  1.897 26.012 22.278  -5.17
 11853 621 1 1 2 213897.735413898.6934
 15.848  0.721 -9.210 24.119 38.369  2.375  8.761-26.922 -0.480
  26.012 22.278-10.159 -8.287  1.172  1.204 38.463 35.251  -3.07
 11953 721 1 1 2 113898.693413899.7354
 14.315 -0.537 -9.901 38.369 52.261  8.761  4.037-29.989 -3.654
  38.463 35.251 -9.955 -8.128  8.504  0.257  0.000  0.000   0.00
 12153 2 6 1 1 2 213900.912113901.6904
 14.642  0.028 11.070-45.583-34.956  6.518  3.257 19.997  1.582
 -45.566-47.821 11.064 11.870  6.468  0.050-34.528-38.211   3.40
 12253 725 1 1 2 113901.690413902.6895
 16.062 -0.019 11.092-34.956-19.883  3.257  0.050 23.395 -3.938
 -34.528-38.211 10.911 12.474  2.879  0.378  0.000  0.000   0.00
 12353 726 0 0 1 213902.689513903.6895
 14.315 -0.404 11.073-19.883 -6.546  0.050  1.876  0.000  0.000
   0.000  0.000  0.000  0.000  0.000  0.000  0.000 -6.654   0.00
 2 553 231 0 0 1 113915.894513916.7500
 14.306  0.218  3.073-31.339-19.937  5.845  3.771  0.000  0.000
   0.000  0.000  0.000  0.000  0.000  0.000  0.000  0.000   0.00
 2 653 6 0 0 0 1 313916.750013917.6426
 15.044  0.990  3.260-19.937 -7.376  3.771  2.465  0.000  0.000
   0.000  0.000  0.000  0.000  0.000  0.000  0.000 -7.620   0.00
 2 753 833 2 1 3 113917.642613918.9287
 13.078 -0.831  4.144 -7.376  8.184  2.465  7.110-14.645 -0.263
  -7.365 -7.620  4.147  4.080  2.352  0.113  0.000  0.000   0.00
 2 853 141 0 0 1 113918.928713919.7354
 13.955  0.433  3.075  8.184 18.645  7.110  6.834  0.000  0.000
   0.000  0.000  0.000  0.000  0.000  0.000  0.000  0.000   0.00
 2 953 621 0 0 1 113919.735413920.7324
 14.618 -0.839  3.424 18.645 32.237  6.834  0.311  0.000  0.000
   0.000  0.000  0.000  0.000  0.000  0.000  0.000  0.000   0.00
 21053 625 0 0 1 113920.732413921.7393
 14.354  1.058  2.588 32.237 45.713  0.311  2.201  0.000  0.000
   0.000  0.000  0.000  0.000  0.000  0.000  0.000  0.000   0.00
 32153 645 2 2 4 113959.718813960.7012
 14.622  0.227-14.589-35.899-22.497  4.333  3.974  0.515 -0.211
 -35.714-35.932-14.587-14.589  0.651  3.681  0.000  0.000   0.00
 32253 7 9 0 0 1 413960.701213961.6621
 13.974  0.041-14.812-22.497-10.012  3.974  4.910  0.000  0.000
   0.000  0.000  0.000  0.000  0.000  0.000  0.000-10.057   0.00
 32353 8 5 1 3 4 313961.662113962.6660
 14.112  0.006-14.851-10.012  3.161  4.910  0.690 61.161 -0.220
  -9.790-10.057-14.460-14.928  0.815  4.096  3.289  3.054 -17.22
 33153 645 1 2 3 313969.718813970.7158
 13.102  0.476 -0.300-46.462-34.378  6.368  0.454 37.086 -0.646
 -46.379-47.828 -0.363  0.733  6.003  0.364-33.673-34.466  10.30
 33153 645 0 0 1 213969.718813970.7158
 13.151  0.351 -0.113-52.373-40.241 10.690 13.025  0.000  0.000
   0.000  0.000  0.000  0.000  0.000  0.000  0.000-41.803   0.00
 33153 645 1 1 2 213969.718813970.7158
 13.950  0.288 10.009-17.211 -4.282  4.323  0.312-22.112  0.131
 -17.081-17.556 10.061  9.871  3.141  1.182 -4.195 -4.737 -10.93
 4 153 648 1 1 2 513970.715813971.6084
 13.629  0.252 -9.236-19.511 -8.228  1.117  9.260-50.775 -0.137
 -19.417-21.515 -9.349 -6.813  1.067  0.050 -6.780 -9.932  58.44
 4 153 648 1 1 2 613970.715813971.6084
 14.028  0.127  0.462-40.241-28.603 13.025 30.043-11.348  3.738
 -40.235-41.803  0.464  0.149 12.975  0.050-23.353-28.639   3.43
 4 153 648 1 1 2 113970.715813971.6084
 14.513  0.204 10.296 -4.282  7.790  0.312  0.497-33.043 -0.636
  -4.195 -4.737 10.352 10.005  0.262  0.050  0.000  0.000   0.00
 4 253 923 3 2 5 313971.608413972.7295
 14.938 -0.360 -9.460 -8.228  7.421  9.260  4.115  7.670  1.616
  -6.780 -9.932 -9.268 -9.686  5.006  4.254  9.150  4.365  -1.46
 4 253 923 3 3 6 213971.608413972.7295
 14.306 -0.010  0.576-28.603-13.663 30.043 10.534 -7.921 -4.931
 -23.353-28.639  1.307  0.571  0.206 29.837-13.468-13.722 -43.17
 4 253 923 0 0 1 113971.608413972.7295
 14.925  0.206 10.478  7.790 23.424  0.497  0.476  0.000  0.000
   0.000  0.000  0.000  0.000  0.000  0.000  0.000  0.000   0.00
 4 353 629 2 1 3 113972.729513973.6113
 16.593  0.289 -9.056  7.421 21.186  4.115  0.035  6.212 -4.753
   9.150  4.365 -8.870 -9.385  2.628  1.487  0.000  0.000   0.00
 4 353 629 2 1 3 213972.729513973.6113
 14.824 -1.225  5.003-20.919 -8.714  0.490  0.207 24.652 -1.886
 -19.142-21.375  4.191  5.211  0.100  0.390 -8.641 -8.942  33.09
 4 353 629 2 3 51413972.729513973.6113
 13.103  0.631  1.848 -6.753  3.934  8.695 14.633 70.074  2.898
  -6.592 -7.332  1.403  3.442  6.796  1.899  5.467  0.687 -89.62
 4 353 629 0 0 1 113972.729513973.6113
 14.755 -0.649 10.709 23.424 35.568  0.476  0.050  0.000  0.000
   0.000  0.000  0.000  0.000  0.000  0.000  0.000  0.000   0.00
 4 453 918 9 514 513973.611313974.7314
 15.578  0.772  2.404  3.934 20.270 14.633  4.427-19.549 -3.115
   5.467  0.687  2.948  1.253  9.939  4.694 20.827 19.103  -8.68
 4 553 626 1 2 3 113974.731413975.6846
 14.189  0.333  1.053 12.510 25.099  6.344  4.383-75.982 -0.528
  12.572 12.444  1.299  0.787  3.299  3.044  0.000  0.000   0.00
 4 553 626 2 3 5 113974.731413975.6846
 13.586 -0.279  3.269 20.270 32.284  4.427  0.050-28.232 -1.953
  20.827 19.103  3.567  2.643  2.996  1.431  0.000  0.000   0.00
 4 653 733 0 0 1 413975.684613976.6846
 13.509 -0.760  4.139 19.712 32.235  0.050 15.651  0.000  0.000
   0.000  0.000  0.000  0.000  0.000  0.000  0.000 29.483   0.00
 4 653 733 0 0 1 313975.684613976.6846
 17.322  0.950  3.002 32.284 48.620  0.050  0.736  0.000  0.000
   0.000  0.000  0.000  0.000  0.000  0.000  0.000 44.251   0.00
 4 753 733 3 1 4 513976.684613977.7090
 14.694  0.166  3.378 32.235 46.276 15.651 20.638 -5.396  0.647
  34.559 29.483  3.598  3.119  8.485  7.166 48.407 42.716  -2.60
 4 853 659 3 2 5 613977.709013978.6143
 15.177 -1.267  3.548 46.276 59.127 20.638 30.203 -7.992  2.169
  48.407 42.716  3.847  3.049 12.911  7.727 62.201 54.310  12.19
 42553 642 0 0 1 213994.719713995.6201
 15.765 -2.004 -9.449-52.846-39.546  1.654  6.031  0.000  0.000
   0.000  0.000  0.000  0.000  0.000  0.000  0.000-41.544   0.00
 42553 642 2 9112013994.719713995.6201
 14.115  0.550 10.407-32.707-20.891 34.356 35.125-12.861 -0.086
 -30.816-35.811 10.832  9.710 21.355 13.001-18.659-23.414  -6.62
 5 153 757 1 1 2 114000.668014001.7217
 14.370  0.046  4.200 -3.549 10.551  6.181 10.901-59.769 -0.395
  -3.495 -3.695  4.292  3.951  4.519  1.661  0.000  0.000   0.00
 5 253 640 0 0 1 114001.721714002.7031
 14.515 -0.087  4.249 10.551 23.836 10.901 18.241  0.000  0.000
   0.000  0.000  0.000  0.000  0.000  0.000  0.000  0.000   0.00
 5 353 7 7 0 0 1 114002.703114003.6729
 14.134 -0.009  4.163 23.836 36.582 18.241 10.320  0.000  0.000
   0.000  0.000  0.000  0.000  0.000  0.000  0.000  0.000   0.00
 5 453 751 0 0 1 114003.672914004.6025
 13.650  0.125  4.154 36.582 48.348 10.320  7.738  0.000  0.000
   0.000  0.000  0.000  0.000  0.000  0.000  0.000  0.000   0.00
 52153 956 1 1 2 214020.585014021.7070
 15.101 -0.460 11.434-46.552-30.720 20.371 16.230 32.741 -0.222
 -44.929-46.941 10.411 11.679  3.938 16.433-29.731-31.368   8.05
 525531030 1 1 2 314024.562514025.5664
 14.529 -0.300 11.098  6.003 19.605  6.535  9.124 26.444 -0.202
   8.081  5.927 10.084 11.135  0.232  6.303 20.688 19.329  25.40
 526531023 2 1 3 114025.566414026.5771
 15.345 -2.090 10.797 19.605 34.116  9.124  7.337 51.847 -2.159
  20.688 19.329  9.443 11.141  1.851  7.273  0.000  0.000   0.00
 526531023 0 0 1 114025.566414026.5771
 15.591  0.720  7.958 19.356 34.116  0.050  7.337  0.000  0.000
   0.000  0.000  0.000  0.000  0.000  0.000  0.000  0.000   0.00
 6 3531015 3 3 6 614033.573214034.6025
 11.822 -1.291-13.216-18.090 -6.928 22.292 28.691  0.423  1.023
 -15.162-19.594-13.195-13.227  7.563 14.729 -4.222 -9.616  -9.00
 6 453 931 3 3 6 214034.602514035.7100
 14.218  1.908-11.887 -6.928  7.723 28.691 15.641 -8.576 -4.708
  -4.222 -9.616-12.286-11.490 14.301 14.390  8.157  7.566 -16.06
 6 553 657 0 0 1 214035.710014036.7188
 13.716 -0.490-13.167 13.519 26.368  7.448 21.448  0.000  0.000
   0.000  0.000  0.000  0.000  0.000  0.000  0.000 21.569   0.00
 6 553 657 1 1 2 114035.710014036.7188
 13.288 -0.084-13.999  7.723 20.140 15.641  7.058-24.639 -0.631
   8.157  7.566-14.192-13.929  4.160 11.481  0.000  0.000   0.00
 6 553 657 2 4 6 614035.710014036.7188
 14.075  0.574 15.762-17.450 -4.239 15.499  8.752-14.129  2.136
 -16.471-21.129 15.999 14.871 12.241  3.259 -2.881 -9.716   0.13
 6 653 645 1 1 2 414036.718814037.5840
 11.722  0.815-12.672 26.368 35.661 21.448 22.840 27.209  1.133
  26.379 21.569-12.667-15.079 21.398  0.050 37.787 31.360 -14.49
 6 653 645 2 4 6 114036.718814037.5840
 16.114  0.980 16.341 -4.239  8.854  8.752  6.870-13.999 -6.759
  -2.881 -9.716 16.666 15.031  7.013  1.739  0.000  0.000   0.00
 6 753 958 4 4 8 314037.584014038.5566
 14.083 -1.721 15.048  3.275 16.021  3.795  1.414  3.762 -3.167
   5.864  1.876 14.884 15.137  1.332  2.464 16.124 15.499  24.97
 6 753 958 0 0 1 314037.584014038.5566
 14.000 -0.283 17.190  8.854 21.518  6.870  7.629  0.000  0.000
   0.000  0.000  0.000  0.000  0.000  0.000  0.000 21.271   0.00
 6 8531037 5 3 8 314038.556614039.5996
 12.247 -0.114-15.096 44.972 56.722 11.885  7.223 13.386 -5.336
  50.804 43.610-13.756-15.409  2.250  9.635 58.371 56.505 -15.89
 6 8531037 2 1 3 714038.556614039.5996
 12.170 -1.050 16.914 21.518 33.188  7.629  3.583-15.479  6.284
  21.661 21.271 16.952 16.848  4.843  2.786 35.473 29.362 -12.73
 6 953 935 2 5 7 514039.599614040.5615
 12.619 -1.408 15.818 33.188 44.380  3.583  4.397-28.207 -1.425
  35.473 29.362 16.998 13.844  2.244  1.340 46.298 41.515   0.19
 621531013 0 0 1 414051.573214052.5791
 15.051  0.083 12.754-52.287-38.139  3.882  6.680  0.000  0.000
   0.000  0.000  0.000  0.000  0.000  0.000  0.000-38.843   0.00
 6225310 5 1 3 4 114052.579114053.5635
 14.197  0.413 12.838-38.139-25.123  6.680 11.064-65.163 -1.859
 -38.042-38.843 13.042 11.355  5.873  0.808  0.000  0.000   0.00
 7115310 3 1 2 3 414071.581114072.5859
 14.635  1.511 -7.762-53.672-39.949 10.821 17.387-24.539 -0.125
 -52.808-53.875 -8.153 -7.670  2.054  8.767-39.257-40.161  -6.08
 7115310 3 0 0 1 414071.581114072.5859
 13.980  1.187-10.144-59.606-46.541 10.344  1.541  0.000  0.000
   0.000  0.000  0.000  0.000  0.000  0.000  0.000-47.417   0.00
 71253 956 2 2 4 414072.585914073.6699
 13.874 -1.092 -9.280-39.949-25.970 17.387 17.989-30.622  0.195
 -39.257-40.161 -9.684 -9.156  4.087 13.300-25.302-26.441   6.80
 71253 956 2 2 4 114072.585914073.6699
 13.499 -1.622-11.337-46.541-32.969  1.541  6.476 -2.629 -0.919
 -46.481-47.417-11.340-11.297  1.441  0.100  0.000  0.000   0.00
 71353 754 2 2 4 614073.669914074.6045
 14.268 -0.233 -8.095-25.970-13.558 17.989 10.841-23.818 -0.163
 -25.302-26.441 -8.387 -7.890  7.441 10.548-12.946-13.981   7.43
 71353 754 0 0 1 314073.669914074.6045
 14.822 -0.015 -9.578-32.969-20.038  6.476 10.027  0.000  0.000
   0.000  0.000  0.000  0.000  0.000  0.000  0.000-20.428   0.00
 71453 930 3 3 6 314074.604514075.5781
 12.895  0.387 -7.878-13.558 -1.947 10.841  7.616-16.391  0.500
 -12.946-13.981 -8.056 -7.754  4.433  6.408 -1.494 -2.637 -27.45
 71453 930 2 1 3 214074.604514075.5781
 12.313 -0.439 -9.564-20.038 -8.995 10.027  3.419-41.364 -0.211
 -19.991-20.428 -9.605 -9.225  8.938  1.089 -8.901 -9.049 -24.95
 7155310 7 1 2 3 414075.578114076.5684
 15.354  0.582 -8.255 -1.947 12.288  7.616  8.883-43.844 -0.481
  -1.494 -2.637 -8.686 -7.599  4.594  3.022 12.696 11.798   8.42
 7155310 7 1 1 2 114075.578114076.5684
 15.849  1.214 -9.136 -8.995  5.731  3.419  1.192-66.311 -0.363
  -8.901 -9.049 -9.347 -9.014  1.251  2.169  0.000  0.000   0.00
 716531020 1 3 4 414076.568414077.5654
 14.698 -0.141 -8.831 12.288 25.961  8.883 10.867-35.427  0.353
  12.696 11.798 -9.118 -8.487  4.850  4.034 26.244 25.079  -1.51
 716531020 0 0 1 214076.568414077.5654
 14.619  0.291-10.338  5.731 19.324  1.192  0.804  0.000  0.000
   0.000  0.000  0.000  0.000  0.000  0.000  0.000 19.235   0.00
 717531026 1 3 4 414077.565414078.5654
 13.618  0.657 -8.690 25.961 38.600 10.867  9.223-36.938  0.024
  26.244 25.079 -8.901 -8.035  8.222  2.645 38.758 38.195 -30.77
 8 85310 7 1 1 2 614099.578114100.5762
 14.053 -0.424 15.797 -0.962 12.085  4.156 19.095 -2.482  0.288
  -0.045 -2.340 15.836 15.740  2.495  1.661 12.702 10.537  35.80
 8 85310 7 1 1 2 114099.578114100.5762
 17.242 -0.086 15.569  6.077 22.306  0.983  1.079-15.023 -0.373
   6.163  5.790 15.592 15.495  0.755  0.228  0.000  0.000   0.00
 8 9531011 3 3 6 714100.576214101.5859
 14.619 -0.221 15.374 12.085 25.868 19.095 18.395 33.320  0.349
  12.702 10.537 14.983 16.356 13.655  5.441 26.506 24.373  10.39
 8 9531011 0 0 1 814100.576214101.5859
 13.458  1.069 15.484 22.306 34.915  1.079  7.542  0.000  0.000
   0.000  0.000  0.000  0.000  0.000  0.000  0.000 33.892   0.00
 81053 956 0 0 1 114101.585914102.5996
 14.120 -0.133 10.476-56.932-43.617  8.443 12.950  0.000  0.000
   0.000  0.000  0.000  0.000  0.000  0.000  0.000  0.000   0.00
 81053 956 2 5 7 914101.585914102.5996
 14.996  1.187 15.151 25.868 40.070 18.395 33.765 43.707  0.514
  26.506 24.373 14.562 16.530 12.893  5.502 41.355 37.964 -29.22
 81053 956 5 3 8 814101.585914102.5996
 15.627 -0.411 16.564 34.915 49.757  7.542 15.491-10.690  2.315
  36.677 33.892 16.882 16.379  2.771  4.772 52.066 46.900  20.16
 81153 937 0 0 1 314102.599614103.7197
 14.146 -0.732 10.342-43.617-28.860 12.950 10.324  0.000  0.000
   0.000  0.000  0.000  0.000  0.000  0.000  0.000-28.910   0.00
 81753 958 0 2 2 214108.584014109.5908
 15.540  2.246  9.392  9.533 24.194  6.378 16.681 80.532-10.928
   0.000  1.938  0.000 11.464  1.000  0.326 24.199 23.676-123.00
 81853 948 1 1 2 114109.590814110.6201
 14.040  0.343 11.653 24.194 37.636 16.681 26.808-42.472 -0.695
  24.199 23.676 11.658 11.188 16.529  0.151  0.000  0.000   0.00
 81853 948 0 0 1 114109.590814110.6201
 14.771 -0.097 -4.598 22.937 37.131  2.764  5.260  0.000  0.000
   0.000  0.000  0.000  0.000  0.000  0.000  0.000  0.000   0.00
 81953 9 7 0 0 1 214110.620114111.5801
 13.494 -0.642 12.006 37.636 49.646 26.808 23.935  0.000  0.000
   0.000  0.000  0.000  0.000  0.000  0.000  0.000 49.632   0.00
 9 953 931 0 0 1 114131.602514132.6221
 13.631 -0.549 13.756-43.172-30.278 28.318  8.586  0.000  0.000
   0.000  0.000  0.000  0.000  0.000  0.000  0.000  0.000   0.00
 9 953 931 0 0 1 614131.602514132.6221
 15.953 -1.678 18.453-43.343-28.081  0.050  7.580  0.000  0.000
   0.000  0.000  0.000  0.000  0.000  0.000  0.000-30.581   0.00
 91053 9 3 0 0 1 114132.622114133.8330
 13.257 -2.490 13.196-30.278-15.412  8.586 16.547  0.000  0.000
   0.000  0.000  0.000  0.000  0.000  0.000  0.000  0.000   0.00
 91053 9 3 3 3 6 214132.622114133.8330
 13.350 -2.693 16.742-28.081-13.103  7.580  1.735 35.655 -2.917
 -27.789-30.581 16.541 18.459  6.787  0.793-13.070-13.273  22.58
 91153 4 0 0 0 1 114133.833014134.7676
 15.465  2.708 10.180-15.412 -1.885 16.547  6.780  0.000  0.000
   0.000  0.000  0.000  0.000  0.000  0.000  0.000  0.000   0.00
 91153 4 0 1 1 2 114133.833014134.7676
 12.992 -0.825 13.480-13.103 -1.885  1.735  6.780 58.238 -0.374
 -13.070-13.273 13.429 13.747  1.458  0.277  0.000  0.000   0.00
 91153 4 0 0 0 1 414133.833014134.7676
 13.973 -0.666 13.179  5.588 17.721  0.153  3.066  0.000  0.000
   0.000  0.000  0.000  0.000  0.000  0.000  0.000 17.498   0.00
 91253 534 0 0 1 414134.767614135.6992
 14.485  0.386 12.709 -1.885 10.698  6.780 10.843  0.000  0.000
   0.000  0.000  0.000  0.000  0.000  0.000  0.000 10.532   0.00
 91353 712 4 1 5 914135.699214136.6162
 11.770 -0.694-10.728-56.205-46.316  3.587 14.220 38.764  2.621
 -54.940-56.284 -9.730-10.790  0.211  3.375-43.071-47.439 -34.16
 91353 712 2 2 4 214135.699214136.6162
 13.570 -0.497 13.069 10.698 22.236 10.843  9.667-41.435 -2.207
  12.588 10.532 14.694 12.926  0.876  9.967 22.239 22.235 131.01
 91453 912 4 5 9 614136.616214137.6064
 15.799  0.225-10.091-46.316-31.645 14.220 12.533  4.604 -1.533
 -43.071-47.439 -9.834-10.180  3.654 10.566-30.400-33.071  14.51
 91453 912 1 1 2 114136.616214137.6064
 14.790  0.201 12.613 22.236 35.908  9.667 14.496 89.579 -0.465
  22.239 22.235 12.254 12.719  2.200  7.467  0.000  0.000   0.00
 91553 926 3 3 61014137.606414138.7373
 13.566  0.467-10.314-31.645-17.411 12.533 11.417 19.114  2.575
 -30.400-33.071 -9.890-10.801  6.692  5.841-15.482-20.419   6.00
 91553 926 0 0 1 214137.606414138.7373
 13.699 -0.235 12.813 35.908 50.293 14.496 12.698  0.000  0.000
   0.000  0.000  0.000  0.000  0.000  0.000  0.000 50.228   0.00
 91753 6 1 0 0 1 114139.749014140.6143
 15.812  0.480  6.568-55.795-42.964  6.505  4.710  0.000  0.000
   0.000  0.000  0.000  0.000  0.000  0.000  0.000  0.000   0.00
 91853 915 0 0 1 114140.614314141.6133
 12.387 -0.342  6.983-42.964-31.568  4.710  8.287  0.000  0.000
   0.000  0.000  0.000  0.000  0.000  0.000  0.000  0.000   0.00
 91953 916 3 3 6 514141.613314142.6064
 16.495 -1.027-12.295  5.645 21.049  2.732  1.540 30.447 -0.521
   9.603  4.255-10.022-13.093  0.710  2.022 22.879 17.846  -3.42
 91953 916 0 0 1 114141.613314142.6064
 14.643  0.371  6.642-31.568-18.004  8.287 12.265  0.000  0.000
   0.000  0.000  0.000  0.000  0.000  0.000  0.000  0.000   0.00
 92053 926 0 0 1 214142.606414143.6045
 13.824 -0.105  7.010-18.004 -5.190 12.265  2.457  0.000  0.000
   0.000  0.000  0.000  0.000  0.000  0.000  0.000 -5.302   0.00
 92353 923 1 1 2 114145.608414146.6484
 13.334  0.374  6.439 22.185 35.033  5.715  6.462  8.363 -0.244
  22.188 21.945  6.439  6.474  5.646  0.069  0.000  0.000   0.00
 92453 826 0 0 1 114146.648414147.6260
 15.407 -0.316  6.828 35.033 49.135  6.462  4.398  0.000  0.000
   0.000  0.000  0.000  0.000  0.000  0.000  0.000  0.000   0.00
10 753 8 7 1 2 3 514159.662114160.7070
 13.252  0.492 -4.473-13.453 -0.634 10.003 13.760-14.038  4.291
 -13.217-15.236 -4.532 -4.029  8.833  1.170  2.009 -4.208  27.36
10 853 7 1 3 2 5 114160.707014161.6162
 16.962 -0.998 -4.987 -0.634 13.900 13.760  1.802 13.326 -6.365
   2.009 -4.208 -4.364 -5.831  7.910  5.850  0.000  0.000   0.00
101353 8 0 3 2 51914165.667014166.6104
 15.626 -0.385 -8.493 23.958 37.774  2.899 32.825 12.373  1.816
  25.659 23.736 -8.124 -8.542  0.335  2.564 39.524 35.878 -28.80
101453 920 910191414166.610414167.6113
 13.211 -0.352 -8.131 37.774 50.016 32.825 22.462-16.425  2.254
  39.524 35.878 -8.641 -7.577 17.071 15.754 54.285 48.513  -1.69
