 1 153 652 2 6 8 213880.712913881.7207
 14.387  0.324 12.647 12.974-15.391 -1.881  9.883 10.040 12.578
 -15.971 12.365 10.332  3.909 -2.887-10.523-56.188 14.946   0.37
 1 153 652 2 6 8 213880.712913881.7207
 14.978  0.508 12.462 12.974-15.986 -1.881  0.166 10.040 12.578
 -15.971 12.365 10.332  3.909 -2.887-10.523-56.188 14.946   0.37
 1 153 652 2 6 8 213880.712913881.7207
 14.397  0.123 12.001 12.125-15.984 -2.465  0.449  0.292 12.578
 -15.971 12.365 10.332  3.909 -2.887-10.523-56.188 14.946   0.37
 1 253 641 1 1 2 613881.720713882.7275
 11.700  0.414 12.974 13.391 -1.881  8.906 10.040  0.050 12.950
  -1.898 10.332 11.099  1.021  2.886-56.188-17.102 13.188  -0.10
 1 253 641 1 1 2 613881.720713882.7275
 11.801  0.089 12.125 12.215 -2.465  8.424  0.292  1.207 12.950
  -1.898 10.332 11.099  1.021  2.886-56.188-17.102 13.188  -0.10
 1 353 632 1 5 6 613882.727513883.7080
 13.758 -0.144 12.423 12.282  6.478 19.016  0.146  0.253 12.852
  10.387 11.099  4.256  3.907  0.074-17.102-10.983 14.710   0.09
 1 353 632 1 5 6 613882.727513883.7080
 14.022 -0.041 13.231 13.191 11.649 24.447  7.440  2.332 12.852
  10.387 11.099  4.256  3.907  0.074-17.102-10.983 14.710   0.09
 1 953 631 0 0 1 213888.727513889.7041
 14.264  0.635  2.117  2.737-30.062-17.091 17.487  8.819  2.117
 -30.062 17.487  8.948  0.000  0.469  0.000  0.089 14.257   0.64
 1 953 631 9 8171613888.727513889.7041
 14.290 -0.044 19.397 19.354 -4.878  8.118  0.050  0.707 19.560
   0.100  3.492 25.315  5.892  0.442  5.157  3.524 14.158  -0.07
 1 953 631 9 8171613888.727513889.7041
 14.343 -0.055 19.484 19.431 -4.455  8.594  0.382  0.559 19.560
   0.100  3.492 25.315  5.892  0.442  5.157  3.524 14.158  -0.07
 1 953 631 9 8171613888.727513889.7041
 13.899 -0.108 19.536 19.431 -4.021  8.594  0.050  0.559 19.560
   0.100  3.492 25.315  5.892  0.442  5.157  3.524 14.158  -0.07
 1 953 631 9 8171613888.727513889.7041
 14.099 -0.031 19.981 19.951 -4.434  8.376  0.121  1.145 19.560
   0.100  3.492 25.315  5.892  0.442  5.157  3.524 14.158  -0.07
 1 953 631 9 8171613888.727513889.7041
 14.303  0.014 19.937 19.951 -4.633  8.376  0.367  1.145 19.560
   0.100  3.492 25.315  5.892  0.442  5.157  3.524 14.158  -0.07
 1 953 631 9 8171613888.727513889.7041
 14.458  0.180 19.853 20.029  0.739 13.900  0.050  1.170 19.560
   0.100  3.492 25.315  5.892  0.442  5.157  3.524 14.158  -0.07
 1 953 631 9 8171613888.727513889.7041
 14.367 -0.047 20.075 20.029  0.828 13.900  0.673  1.170 19.560
   0.100  3.492 25.315  5.892  0.442  5.157  3.524 14.158  -0.07
 1 953 631 9 8171613888.727513889.7041
 13.904  0.266 17.800 18.059  2.964 15.583  0.205  0.050 19.560
   0.100  3.492 25.315  5.892  0.442  5.157  3.524 14.158  -0.07
 1 953 631 9 8171613888.727513889.7041
 14.469 -0.088 19.239 19.154  3.892 17.063  0.269  5.054 19.560
   0.100  3.492 25.315  5.892  0.442  5.157  3.524 14.158  -0.07
 1 953 631 9 8171613888.727513889.7041
 14.133  0.249 19.421 19.665  3.453 16.296  0.609  1.151 19.560
   0.100  3.492 25.315  5.892  0.442  5.157  3.524 14.158  -0.07
 1 953 631 9 8171613888.727513889.7041
 14.168 -0.178 18.363 18.190  3.431 16.309  0.211  2.284 19.560
   0.100  3.492 25.315  5.892  0.442  5.157  3.524 14.158  -0.07
 11053 7 6 1 1 2 213889.704113890.9814
 12.190  0.086  2.737  2.847-17.091 -2.773  8.819  6.319  2.737
 -17.098  8.948  6.369  0.469  0.687  0.089-15.929 12.189   0.08
 11053 7 6 1 1 2 213889.704113890.9814
 12.558  0.085  2.738  2.847-17.560 -2.773  0.129  6.319  2.737
 -17.098  8.948  6.369  0.469  0.687  0.089-15.929 12.189   0.08
 11053 7 6 9 7161613889.704113890.9814
 12.705 -0.368 19.855 19.385  7.846 22.821  2.297  0.050 19.495
  12.968 25.315 20.056  6.334 -3.224  3.524 16.653 13.750  -0.12
 11053 7 6 9 7161613889.704113890.9814
 12.290 -0.443 19.951 19.385  8.376 22.821  1.145  0.050 19.495
  12.968 25.315 20.056  6.334 -3.224  3.524 16.653 13.750  -0.12
 11053 7 6 9 7161613889.704113890.9814
 12.492  0.024 19.354 19.385  8.118 22.821  0.707  0.050 19.495
  12.968 25.315 20.056  6.334 -3.224  3.524 16.653 13.750  -0.12
 11053 7 6 9 7161613889.704113890.9814
 12.120 -0.036 19.431 19.385  8.594 22.821  0.559  0.050 19.495
  12.968 25.315 20.056  6.334 -3.224  3.524 16.653 13.750  -0.12
 11053 7 6 9 7161613889.704113890.9814
 12.401  0.020 19.608 19.634  9.312 23.899  4.527  0.157 19.495
  12.968 25.315 20.056  6.334 -3.224  3.524 16.653 13.750  -0.12
 11053 7 6 9 7161613889.704113890.9814
 12.669 -0.310 20.263 19.867 12.146 27.075  0.940  0.178 19.495
  12.968 25.315 20.056  6.334 -3.224  3.524 16.653 13.750  -0.12
 11053 7 6 9 7161613889.704113890.9814
 12.258 -0.240 20.029 19.723 13.900 28.304  1.170 10.062 19.495
  12.968 25.315 20.056  6.334 -3.224  3.524 16.653 13.750  -0.12
 11053 7 6 9 7161613889.704113890.9814
 12.100 -0.209 19.989 19.723 14.102 28.304  4.149 10.062 19.495
  12.968 25.315 20.056  6.334 -3.224  3.524 16.653 13.750  -0.12
 11053 7 6 9 7161613889.704113890.9814
 12.130 -0.033 19.665 19.623 16.296 30.537  1.151  0.050 19.495
  12.968 25.315 20.056  6.334 -3.224  3.524 16.653 13.750  -0.12
 11053 7 6 9 7161613889.704113890.9814
 12.410 -0.140 18.059 17.880 15.583 30.182  0.050  0.683 19.495
  12.968 25.315 20.056  6.334 -3.224  3.524 16.653 13.750  -0.12
 11053 7 6 9 7161613889.704113890.9814
 12.219 -0.391 18.380 17.880 15.827 30.182  0.498  0.683 19.495
  12.968 25.315 20.056  6.334 -3.224  3.524 16.653 13.750  -0.12
 11053 7 6 9 7161613889.704113890.9814
 12.270 -0.145 18.923 18.739 16.624 31.044  0.231  2.758 19.495
  12.968 25.315 20.056  6.334 -3.224  3.524 16.653 13.750  -0.12
 11053 7 6 9 7161613889.704113890.9814
 12.645 -0.196 19.154 18.903 17.063 31.962  5.054  0.190 19.495
  12.968 25.315 20.056  6.334 -3.224  3.524 16.653 13.750  -0.12
 11153 026 4 2 6 613890.981413891.7217
 11.341 -0.771 -6.758 -6.187-43.311-35.640  1.137  5.386 -7.037
 -44.500 18.466 10.599  5.086 -3.132-13.170  3.395 11.747  -1.13
 11153 026 4 2 6 613890.981413891.7217
 11.258 -1.236 -7.102 -6.187-43.250-35.640  1.064  5.386 -7.037
 -44.500 18.466 10.599  5.086 -3.132-13.170  3.395 11.747  -1.13
 11153 026 4 2 6 613890.981413891.7217
 11.739 -1.082 -7.483 -6.682-43.604-35.639  0.050  0.256 -7.037
 -44.500 18.466 10.599  5.086 -3.132-13.170  3.395 11.747  -1.13
 11153 026 1 1 2 313890.981413891.7217
 16.894  0.036  2.529  2.556 -3.886  7.896  0.050  1.201  2.844
  -2.782  6.369 21.134  1.156  0.058-15.929 -8.908 16.912  -0.05
 11153 026 1 1 2 313890.981413891.7217
 17.018 -0.031  2.847  2.824 -2.773  9.100  6.319 19.596  2.844
  -2.782  6.369 21.134  1.156  0.058-15.929 -8.908 16.912  -0.05
 11153 026 8 816 613890.981413891.7217
 16.976 -0.346 19.634 19.378 23.899 35.741  0.157  0.363 19.344
  29.277 20.056  2.901  3.111  0.854 16.653 14.200 17.094  -0.94
 11153 026 8 816 613890.981413891.7217
 16.692 -0.131 19.925 19.828 24.118 35.750  0.050  0.050 19.344
  29.277 20.056  2.901  3.111  0.854 16.653 14.200 17.094  -0.94
 11153 026 8 816 613890.981413891.7217
 17.316 -0.066 19.132 19.084 31.605 43.699  3.723  0.135 19.344
  29.277 20.056  2.901  3.111  0.854 16.653 14.200 17.094  -0.94
 11153 026 8 816 613890.981413891.7217
 16.856 -0.228 18.903 18.734 31.962 43.715  0.190  0.050 19.344
  29.277 20.056  2.901  3.111  0.854 16.653 14.200 17.094  -0.94
 11553 656 2 1 3 513894.710013895.7422
 13.020  1.091 -7.193 -8.319  9.499 21.925  0.621  0.172 -7.207
   9.184  4.986 14.294  0.305  2.829 10.001 17.410 14.412   0.11
 11553 656 2 1 3 513894.710013895.7422
 13.318  1.086 -7.198 -8.319  9.192 21.925  3.481  0.172 -7.207
   9.184  4.986 14.294  0.305  2.829 10.001 17.410 14.412   0.11
 11553 656 2 1 3 513894.710013895.7422
 13.567  1.035 -7.250 -8.319  8.935 21.925  0.884  0.172 -7.207
   9.184  4.986 14.294  0.305  2.829 10.001 17.410 14.412   0.11
 11553 656 0 0 1 113894.710013895.7422
 13.704  0.306 -9.565 -9.880-13.209 -0.077 10.954 11.735 -9.565
 -13.209 10.954 11.735  0.000  0.000  0.000  0.000 13.704   0.31
 11553 656 1 2 3 113894.710013895.7422
 14.599 -0.248 -8.354 -8.098-19.202 -5.147  1.339  2.240 -8.460
 -19.811  1.804  2.240  2.371 -2.371 10.040  0.000 15.189  -0.35
 11553 656 1 2 3 113894.710013895.7422
 15.396 -0.102 -8.203 -8.098-20.025 -5.147  0.137  2.240 -8.460
 -19.811  1.804  2.240  2.371 -2.371 10.040  0.000 15.189  -0.35
 11653 610 1 4 5 213895.742213896.7490
 14.611  0.587 -8.319 -8.909 21.925 35.642  0.172  0.282 -7.321
  23.047 14.294  3.256  3.135 -1.544 17.410 57.134 14.286   0.37
 11653 610 1 4 5 213895.742213896.7490
 14.294  0.271 -7.300 -7.573 23.115 36.513 13.971  2.974 -7.321
  23.047 14.294  3.256  3.135 -1.544 17.410 57.134 14.286   0.37
 11653 610 0 0 1 313895.742213896.7490
 14.289  0.052 -9.880 -9.933 -0.077 13.317 11.735  6.469 -9.880
  -0.077 11.735  8.416  0.000  4.606  0.000-21.751 13.321  -0.33
 11753 6 1 1 1 2 213896.749013897.7354
 14.370  0.587 -7.573 -8.152 36.513 49.728  2.974  1.992 -7.688
  36.438  3.256  2.069  1.591 -1.005 57.134  6.216 14.424   0.47
 11753 6 1 2 1 3 213896.749013897.7354
 13.396  0.025-10.134-10.159 13.759 26.012  0.050  1.172 -9.550
  12.342  8.416  2.375  4.606 -0.471-21.751-26.922 12.913  -0.34
 11753 6 1 2 1 3 213896.749013897.7354
 13.844  0.229 -9.933-10.159 13.317 26.012  6.469  1.172 -9.550
  12.342  8.416  2.375  4.606 -0.471-21.751-26.922 12.913  -0.34
 11853 621 1 1 2 213897.735413898.6934
 13.972 -0.213-10.159 -9.955 26.012 38.463  1.172  8.504 -9.210
  24.119  2.375  8.761  4.134 -0.480-26.922-29.989 15.848   0.72
 11853 621 1 1 2 213897.735413898.6934
 14.516 -0.165 -8.287 -8.128 22.278 35.251  1.204  0.257 -9.210
  24.119  2.375  8.761  4.134 -0.480-26.922-29.989 15.848   0.72
 11953 721 1 1 2 113898.693413899.7354
 14.224 -0.589 -9.955 -9.342 38.463 52.261  8.504  4.037 -9.901
  38.369  8.761  4.037  3.654 -3.654-29.989  0.000 14.315  -0.54
 12153 2 6 1 1 2 213900.912113901.6904
 13.334  0.777 11.870 12.474-47.821-38.211  0.050  0.378 11.070
 -45.583  6.518  3.257  2.356  1.582 19.997 23.395 14.642   0.03
 12253 725 1 1 2 113901.690413902.6895
 15.634  0.162 10.911 11.073-34.528-19.883  2.879  0.050 11.092
 -34.956  3.257  0.050  3.938 -3.938 23.395  0.000 16.062  -0.02
 12353 726 0 0 1 213902.689513903.6895
 14.451 -0.387 11.073 10.686-19.883 -6.411  0.050  0.830 11.073
 -19.883  0.050  1.876  0.000  0.241  0.000 -7.254 14.315  -0.40
 2 553 231 0 0 1 113915.894513916.7500
 14.306  0.218  3.073  3.260-31.339-19.937  5.845  3.771  3.073
 -31.339  5.845  3.771  0.000  0.000  0.000  0.000 14.306   0.22
 2 653 6 0 0 0 1 313916.750013917.6426
 15.051  0.989  3.260  4.142-19.937 -7.370  3.771  2.302  3.260
 -19.937  3.771  2.465  0.000  0.263  0.000-14.645 15.044   0.99
 2 753 833 2 1 3 113917.642613918.9287
 13.267 -0.782  4.080  3.075 -7.620  8.184  0.113  7.110  4.144
  -7.376  2.465  7.110  0.263 -0.263-14.645  0.000 13.078  -0.83
 2 753 833 2 1 3 113917.642613918.9287
 13.073 -0.830  4.142  3.075 -7.370  8.184  2.302  7.110  4.144
  -7.376  2.465  7.110  0.263 -0.263-14.645  0.000 13.078  -0.83
 2 753 833 2 1 3 113917.642613918.9287
 12.893 -0.983  4.339  3.075 -7.139  8.184  0.050  7.110  4.144
  -7.376  2.465  7.110  0.263 -0.263-14.645  0.000 13.078  -0.83
 2 853 141 0 0 1 113918.928713919.7354
 13.954  0.433  3.075  3.424  8.184 18.645  7.110  6.834  3.075
   8.184  7.110  6.834  0.000  0.000  0.000  0.000 13.955   0.43
 2 953 621 0 0 1 113919.735413920.7324
 14.618 -0.839  3.424  2.588 18.645 32.237  6.834  0.311  3.424
  18.645  6.834  0.311  0.000  0.000  0.000  0.000 14.618  -0.84
 21053 625 0 0 1 113920.732413921.7393
 14.354  1.058  2.588  3.653 32.237 45.713  0.311  2.201  2.588
  32.237  0.311  2.201  0.000  0.000  0.000  0.000 14.354   1.06
 32153 645 2 2 4 113959.718813960.7012
 14.629  0.061-14.751-14.812-35.906-22.497  1.703  3.974-14.589
 -35.899  4.333  3.974  0.211 -0.211  0.515  0.000 14.622   0.23
 32153 645 2 2 4 113959.718813960.7012
 14.411  0.418-14.401-14.812-35.692-22.497  0.529  3.974-14.589
 -35.899  4.333  3.974  0.211 -0.211  0.515  0.000 14.622   0.23
 32153 645 2 2 4 113959.718813960.7012
 14.678  0.369-14.449-14.812-35.954-22.497  1.979  3.974-14.589
 -35.899  4.333  3.974  0.211 -0.211  0.515  0.000 14.622   0.23
 32253 7 9 0 0 1 413960.701213961.6621
 13.941  0.095-14.812-14.903-22.497-10.044  3.974  3.347-14.812
 -22.497  3.974  4.910  0.000  0.535  0.000 61.161 13.974   0.04
 32353 8 5 1 3 4 313961.662113962.6660
 14.086  0.178-14.460-14.639 -9.790  3.357  0.815  0.080-14.851
 -10.012  4.910  0.690  0.535 -0.220 61.161 43.938 14.112   0.01
 32353 8 5 1 3 4 313961.662113962.6660
 14.247 -0.131-14.903-14.771-10.044  3.265  3.347  0.233-14.851
 -10.012  4.910  0.690  0.535 -0.220 61.161 43.938 14.112   0.01
 32353 8 5 1 3 4 313961.662113962.6660
 14.060 -0.236-15.192-14.956-10.067  3.054  0.511  0.377-14.851
 -10.012  4.910  0.690  0.535 -0.220 61.161 43.938 14.112   0.01
 32353 8 5 1 3 4 313961.662113962.6660
 14.411  0.053-14.718-14.771-10.209  3.265  0.237  0.233-14.851
 -10.012  4.910  0.690  0.535 -0.220 61.161 43.938 14.112   0.01
 33153 645 1 2 3 313969.718813970.7158
 13.727 -0.356 -0.363  0.007-46.379-33.673  6.003  0.050 -0.300
 -46.462  6.368  0.454  1.816 -0.646 37.086 47.390 13.102   0.48
 33153 645 1 2 3 313969.718813970.7158
 13.638  0.056  0.616  0.672-47.293-34.675  0.314  0.050 -0.300
 -46.462  6.368  0.454  1.816 -0.646 37.086 47.390 13.102   0.48
 33153 645 0 0 1 213969.718813970.7158
 13.157  0.352 -0.113  0.464-52.373-40.235 10.690 12.975 -0.113
 -52.373 10.690 13.025  0.000  1.599  0.000-11.348 13.151   0.35
 33153 645 1 1 2 213969.718813970.7158
 13.840  0.134  9.871 10.005-17.556 -4.737  1.182  0.050 10.009
 -17.211  4.323  0.312  0.505  0.131-22.112-33.043 13.950   0.29
 33153 645 1 1 2 213969.718813970.7158
 13.907  0.291 10.061 10.352-17.081 -4.195  3.141  0.262 10.009
 -17.211  4.323  0.312  0.505  0.131-22.112-33.043 13.950   0.29
 4 153 648 1 1 2 513970.715813971.6084
 14.830  0.118 -9.349 -9.454-19.417 -7.063  1.067  1.261 -9.236
 -19.511  1.117  9.260  3.274 -0.137-50.775  7.670 13.629   0.25
 4 153 648 1 1 2 613970.715813971.6084
 13.999  0.112  0.464  0.563-40.235-28.622 12.975 29.177  0.462
 -40.241 13.025 30.043  1.599  3.738-11.348 -7.921 14.028   0.13
 4 153 648 1 1 2 613970.715813971.6084
 14.406  0.102  0.149  0.240-41.803-29.827  0.050  0.050  0.462
 -40.241 13.025 30.043  1.599  3.738-11.348 -7.921 14.028   0.13
 4 153 648 1 1 2 113970.715813971.6084
 14.415  0.141 10.352 10.478 -4.195  7.790  0.262  0.497 10.296
  -4.282  0.312  0.497  0.636 -0.636-33.043  0.000 14.513   0.20
 4 153 648 1 1 2 113970.715813971.6084
 15.023  0.530 10.005 10.478 -4.737  7.790  0.050  0.497 10.296
  -4.282  0.312  0.497  0.636 -0.636-33.043  0.000 14.513   0.20
 4 253 923 3 2 5 313971.608413972.7295
 15.077 -0.313 -9.221 -8.869 -6.644  9.160  3.579  2.483 -9.460
  -8.228  9.260  4.115  3.137  1.616  7.670  6.212 14.938  -0.36
 4 253 923 3 2 5 313971.608413972.7295
 15.284 -0.504 -9.454 -8.889 -7.063  8.974  1.261  0.145 -9.460
  -8.228  9.260  4.115  3.137  1.616  7.670  6.212 14.938  -0.36
 4 253 923 3 3 6 213971.608413972.7295
 14.270 -0.064  0.563  0.492-28.622-13.722 29.177  8.073  0.576
 -28.603 30.043 10.534  5.337 -4.931 -7.921-51.095 14.306  -0.01
 4 253 923 3 3 6 213971.608413972.7295
 14.924 -0.426  0.969  0.492-29.355-13.722  0.610  8.073  0.576
 -28.603 30.043 10.534  5.337 -4.931 -7.921-51.095 14.306  -0.01
 4 253 923 0 0 1 113971.608413972.7295
 14.925  0.206 10.478 10.709  7.790 23.424  0.497  0.476 10.478
   7.790  0.497  0.476  0.000  0.000  0.000  0.000 14.925   0.21
 4 353 629 2 1 3 113972.729513973.6113
 14.621  0.501 -8.869 -9.311  9.160 21.186  2.483  0.035 -9.056
   7.421  4.115  0.035  4.753 -4.753  6.212  0.000 16.593   0.29
 4 353 629 2 1 3 113972.729513973.6113
 14.832  0.478 -8.889 -9.311  8.974 21.186  0.145  0.035 -9.056
   7.421  4.115  0.035  4.753 -4.753  6.212  0.000 16.593   0.29
 4 353 629 2 1 3 213972.729513973.6113
 15.082 -1.052  5.211  4.283-21.375 -8.942  0.390  0.050  5.003
 -20.919  0.490  0.207  2.447 -1.886 24.652 57.741 14.824  -1.22
 4 353 629 2 3 51413972.729513973.6113
 15.349  1.711  1.349  2.858 -6.607  6.061  6.505  3.586  1.848
  -6.753  8.695 14.633  2.169  2.898 70.074-19.549 13.103   0.63
 4 353 629 2 3 51413972.729513973.6113
 15.316  1.661  2.612  4.077 -6.245  6.394  0.291  1.298  1.848
  -6.753  8.695 14.633  2.169  2.898 70.074-19.549 13.103   0.63
 4 353 629 2 3 51413972.729513973.6113
 15.897  1.689  3.145  4.634 -7.163  5.988  1.318  0.161  1.848
  -6.753  8.695 14.633  2.169  2.898 70.074-19.549 13.103   0.63
 4 353 629 2 3 51413972.729513973.6113
 15.059  1.667  3.589  5.060 -7.434  4.978  0.050  0.491  1.848
  -6.753  8.695 14.633  2.169  2.898 70.074-19.549 13.103   0.63
 4 353 629 0 0 1 113972.729513973.6113
 14.755 -0.649 10.709 10.136 23.424 35.568  0.476  0.050 10.709
  23.424  0.476  0.050  0.000  0.000  0.000  0.000 14.755  -0.65
 4 453 918 9 514 513973.611313974.7314
 14.277 -0.095  2.714  2.607  4.257 19.136  1.707  1.331  2.404
   3.934 14.633  4.427  5.068 -3.115-19.549-28.232 15.578   0.77
 4 453 918 9 514 513973.611313974.7314
 14.483 -0.096  3.077  2.970  3.699 18.809  1.957  0.050  2.404
   3.934 14.633  4.427  5.068 -3.115-19.549-28.232 15.578   0.77
 4 453 918 9 514 513973.611313974.7314
 13.997 -0.428  3.449  2.970  4.243 18.809  0.693  0.050  2.404
   3.934 14.633  4.427  5.068 -3.115-19.549-28.232 15.578   0.77
 4 453 918 9 514 513973.611313974.7314
 14.083 -0.164  3.438  3.254  6.273 20.935  0.362  2.279  2.404
   3.934 14.633  4.427  5.068 -3.115-19.549-28.232 15.578   0.77
 4 453 918 9 514 513973.611313974.7314
 13.933 -0.064  4.634  4.562  5.988 20.482  0.161  0.717  2.404
   3.934 14.633  4.427  5.068 -3.115-19.549-28.232 15.578   0.77
 4 453 918 9 514 513973.611313974.7314
 14.835 -0.444  5.060  4.562  4.978 20.482  0.491  0.717  2.404
   3.934 14.633  4.427  5.068 -3.115-19.549-28.232 15.578   0.77
 4 553 626 1 2 3 113974.731413975.6846
 14.280  0.843  0.566  1.370 12.423 25.099  0.735  4.383  1.053
  12.510  6.344  4.383  0.528 -0.528-75.982  0.000 14.189   0.33
 4 553 626 1 2 3 113974.731413975.6846
 14.252  0.538  0.857  1.370 12.450 25.099  2.309  4.383  1.053
  12.510  6.344  4.383  0.528 -0.528-75.982  0.000 14.189   0.33
 4 553 626 2 3 5 113974.731413975.6846
 14.775  0.414  2.607  3.002 19.136 32.284  1.331  0.050  3.269
  20.270  4.427  0.050  1.953 -1.953-28.232  0.000 13.586  -0.28
 4 553 626 2 3 5 113974.731413975.6846
 15.118  0.034  2.970  3.002 18.809 32.284  0.050  0.050  3.269
  20.270  4.427  0.050  1.953 -1.953-28.232  0.000 13.586  -0.28
 4 653 733 0 0 1 413975.684613976.6846
 15.268 -0.655  4.139  3.484 19.712 33.995  0.050  0.050  4.139
  19.712  0.050 15.651  0.000  5.090  0.000 -5.396 13.509  -0.76
 4 753 733 3 1 4 513976.684613977.7090
 13.874 -0.077  3.119  3.040 29.483 42.685  7.166  7.545  3.378
  32.235 15.651 20.638  5.090  0.647 -5.396 -7.992 14.694   0.17
 4 753 733 3 1 4 513976.684613977.7090
 14.726  0.196  3.484  3.685 33.995 48.069  0.050  4.026  3.378
  32.235 15.651 20.638  5.090  0.647 -5.396 -7.992 14.694   0.17
 4 753 733 3 1 4 513976.684613977.7090
 13.986  0.373  1.300  1.683 37.899 51.215  1.514  0.744  3.378
  32.235 15.651 20.638  5.090  0.647 -5.396 -7.992 14.694   0.17
 4 853 659 3 2 5 613977.709013978.6143
 13.596 -0.435  3.040  2.647 42.685 54.104  7.545 10.679  3.548
  46.276 20.638 30.203  5.736  2.169 -7.992  4.201 15.177  -1.27
 4 853 659 3 2 5 613977.709013978.6143
 12.892 -0.525  3.407  2.932 44.005 54.787  0.182  0.050  3.548
  46.276 20.638 30.203  5.736  2.169 -7.992  4.201 15.177  -1.27
 42553 642 0 0 1 213994.719713995.6201
 13.544 -1.030 -9.449 -8.522-52.846-41.544  1.654  3.599 -9.449
 -52.846  1.654  6.031  0.000  5.370  0.000 23.870 15.765  -2.00
 42553 642 2 9112013994.719713995.6201
 14.997  0.962 10.842 11.708-30.794-18.184 21.060  9.386 10.407
 -32.707 34.356 35.125  5.039 -0.086-12.861-19.484 14.115   0.55
 42553 642 2 9112013994.719713995.6201
 14.661  1.011 10.117 11.027-32.432-20.125  0.295  0.180 10.407
 -32.707 34.356 35.125  5.039 -0.086-12.861-19.484 14.115   0.55
 42553 642 2 9112013994.719713995.6201
 14.719  0.753 10.035 10.713-32.905-20.546  0.050  0.050 10.407
 -32.707 34.356 35.125  5.039 -0.086-12.861-19.484 14.115   0.55
 42553 642 2 9112013994.719713995.6201
 14.702  1.103  9.720 10.713-32.890-20.546  0.219  0.050 10.407
 -32.707 34.356 35.125  5.039 -0.086-12.861-19.484 14.115   0.55
 42553 642 2 9112013994.719713995.6201
 14.578  1.034  9.734 10.665-33.793-21.561  5.310  5.856 10.407
 -32.707 34.356 35.125  5.039 -0.086-12.861-19.484 14.115   0.55
 42553 642 2 9112013994.719713995.6201
 14.307  0.798  9.135  9.852-34.430-22.441  2.278  0.289 10.407
 -32.707 34.356 35.125  5.039 -0.086-12.861-19.484 14.115   0.55
 42553 642 2 9112013994.719713995.6201
 14.948  0.881  9.059  9.852-35.007-22.441  0.206  0.289 10.407
 -32.707 34.356 35.125  5.039 -0.086-12.861-19.484 14.115   0.55
 42553 642 2 9112013994.719713995.6201
 14.405  0.655  8.425  9.015-34.662-22.585  0.558  0.212 10.407
 -32.707 34.356 35.125  5.039 -0.086-12.861-19.484 14.115   0.55
 42553 642 2 9112013994.719713995.6201
 14.365  0.651 10.416 11.002-38.976-26.936  2.208  0.223 10.407
 -32.707 34.356 35.125  5.039 -0.086-12.861-19.484 14.115   0.55
 42553 642 2 9112013994.719713995.6201
 15.146  1.055 10.052 11.002-39.679-26.936  1.952  0.223 10.407
 -32.707 34.356 35.125  5.039 -0.086-12.861-19.484 14.115   0.55
 5 153 757 1 1 2 114000.668014001.7217
 14.509  0.283  3.951  4.249 -3.695 10.551  1.661 10.901  4.200
  -3.549  6.181 10.901  0.395 -0.395-59.769  0.000 14.370   0.05
 5 153 757 1 1 2 114000.668014001.7217
 14.320 -0.041  4.292  4.249 -3.495 10.551  4.519 10.901  4.200
  -3.549  6.181 10.901  0.395 -0.395-59.769  0.000 14.370   0.05
 5 253 640 0 0 1 114001.721714002.7031
 14.515 -0.087  4.249  4.163 10.551 23.836 10.901 18.241  4.249
  10.551 10.901 18.241  0.000  0.000  0.000  0.000 14.515  -0.09
 5 353 7 7 0 0 1 114002.703114003.6729
 14.134 -0.009  4.163  4.154 23.836 36.582 18.241 10.320  4.163
  23.836 18.241 10.320  0.000  0.000  0.000  0.000 14.134  -0.01
 5 453 751 0 0 1 114003.672914004.6025
 13.650  0.125  4.154  4.270 36.582 48.348 10.320  7.738  4.154
  36.582 10.320  7.738  0.000  0.000  0.000  0.000 13.650   0.12
 52153 956 1 1 2 214020.585014021.7070
 14.536 -0.295 10.411 10.080-44.929-29.731  3.938  6.424 11.434
 -46.552 20.371 16.230  2.345 -0.222 32.741 40.795 15.101  -0.46
 52153 956 1 1 2 214020.585014021.7070
 14.870 -0.189 11.679 11.467-46.941-31.368 16.433  9.806 11.434
 -46.552 20.371 16.230  2.345 -0.222 32.741 40.795 15.101  -0.46
 525531030 1 1 2 314024.562514025.5664
 14.331  0.006 11.135 11.141  5.927 19.329  6.303  7.273 11.098
   6.003  6.535  9.124  2.361 -0.202 26.444 51.847 14.529  -0.30
 525531030 1 1 2 314024.562514025.5664
 14.211 -0.163 10.084  9.920  8.081 21.363  0.232  0.956 11.098
   6.003  6.535  9.124  2.361 -0.202 26.444 51.847 14.529  -0.30
 526531023 0 0 1 114025.566414026.5771
 15.591  0.720  7.958  8.685 19.356 34.116  0.050  7.337  7.958
  19.356  0.050  7.337  0.000  0.000  0.000  0.000 15.591   0.72
 6 3531015 3 3 6 614033.573214034.6025
 12.842 -0.527-14.016-13.473-18.023 -5.809  1.386  0.623-13.216
 -18.090 22.292 28.691  4.315  1.023  0.423 -8.576 11.822  -1.29
 6 3531015 3 3 6 614033.573214034.6025
 12.847 -0.831-13.180-12.324-20.033 -7.815  3.851  0.155-13.216
 -18.090 22.292 28.691  4.315  1.023  0.423 -8.576 11.822  -1.29
 6 3531015 3 3 6 614033.573214034.6025
 12.592 -0.626-13.182-12.537-19.492 -7.535 10.351  0.050-13.216
 -18.090 22.292 28.691  4.315  1.023  0.423 -8.576 11.822  -1.29
 6 453 931 3 3 6 214034.602514035.7100
 15.159  1.495-12.537-14.192 -7.535  8.157  0.050  4.160-11.887
  -6.928 28.691 15.641  5.338 -4.708 -8.576-24.639 14.218   1.91
 6 453 931 3 3 6 214034.602514035.7100
 14.878  1.450-12.324-13.929 -7.815  7.566  0.155 11.481-11.887
  -6.928 28.691 15.641  5.338 -4.708 -8.576-24.639 14.218   1.91
 6 553 657 0 0 1 214035.710014036.7188
 13.728 -0.496-13.167-12.667 13.519 26.379  7.448 21.398-13.167
  13.519  7.448 21.448  0.000  5.277  0.000 27.209 13.716  -0.49
 6 553 657 1 1 2 114035.710014036.7188
 12.858 -0.275-14.192-13.914  8.157 20.140  4.160  7.058-13.999
   7.723 15.641  7.058  0.631 -0.631-24.639  0.000 13.288  -0.08
 6 553 657 1 1 2 114035.710014036.7188
 13.443 -0.015-13.929-13.914  7.566 20.140 11.481  7.058-13.999
   7.723 15.641  7.058  0.631 -0.631-24.639  0.000 13.288  -0.08
 6 553 657 2 4 6 614035.710014036.7188
 14.179  1.520 13.644 15.178-23.546-10.230  0.126  1.282 15.762
 -17.450 15.499  8.752  4.622  2.136-14.129-13.999 14.075   0.57
 6 553 657 2 4 6 614035.710014036.7188
 14.369  1.587 15.294 16.896-16.667 -3.160  0.723  0.125 15.762
 -17.450 15.499  8.752  4.622  2.136-14.129-13.999 14.075   0.57
 6 653 645 1 1 2 414036.718814037.5840
 11.828 -0.618-15.079-14.545 21.569 30.953  0.050  3.378-12.672
  26.368 21.448 22.840  5.277  1.133 27.209 12.719 11.722   0.81
 6 653 645 2 4 6 114036.718814037.5840
 14.867  0.340 16.896 17.190 -3.160  8.854  0.125  6.870 16.341
  -4.239  8.752  6.870  6.759 -6.759-13.999  0.000 16.114   0.98
 6 653 645 2 4 6 114036.718814037.5840
 14.539  0.610 16.662 17.190 -2.876  8.854  6.889  6.870 16.341
  -4.239  8.752  6.870  6.759 -6.759-13.999  0.000 16.114   0.98
 6 753 958 0 0 1 314037.584014038.5566
 14.138 -0.264 17.190 16.933  8.854 21.653  6.870  4.641 17.190
   8.854  6.870  7.629  0.000  0.387  0.000-15.479 14.000  -0.28
 6 8531037 5 3 8 314038.556614039.5996
 12.634  0.016-14.769-14.786 44.397 56.550  0.323  3.574-15.096
  44.972 11.885  7.223  7.140 -5.336 13.386 -2.508 12.247  -0.11
 6 8531037 5 3 8 314038.556614039.5996
 13.156  0.150-15.044-15.201 43.749 56.447  1.318  2.808-15.096
  44.972 11.885  7.223  7.140 -5.336 13.386 -2.508 12.247  -0.11
 6 8531037 2 1 3 714038.556614039.5996
 14.537  0.123 16.848 16.976 21.271 35.409  2.786  1.822 16.914
  21.518  7.629  3.583  0.387  6.284-15.479-28.207 12.170  -1.05
 6 8531037 2 1 3 714038.556614039.5996
 14.171  0.042 16.933 16.976 21.653 35.409  4.641  1.822 16.914
  21.518  7.629  3.583  0.387  6.284-15.479-28.207 12.170  -1.05
 6 8531037 2 1 3 714038.556614039.5996
 14.308 -0.287 17.389 17.089 21.849 35.748  0.202  0.422 16.914
  21.518  7.629  3.583  0.387  6.284-15.479-28.207 12.170  -1.05
 6 953 935 2 5 7 514039.599614040.5615
 14.077 -0.470 13.200 12.747 29.395 41.989  0.368  0.375 15.818
  33.188  3.583  4.397  6.672 -1.425-28.207-28.014 12.619  -1.41
 6 953 935 2 5 7 514039.599614040.5615
 13.818 -0.692 13.413 12.747 29.643 41.989  0.122  0.375 15.818
  33.188  3.583  4.397  6.672 -1.425-28.207-28.014 12.619  -1.41
 6 953 935 2 5 7 514039.599614040.5615
 13.914 -0.400 16.976 16.592 35.409 47.848  1.822  0.416 15.818
  33.188  3.583  4.397  6.672 -1.425-28.207-28.014 12.619  -1.41
 6 953 935 2 5 7 514039.599614040.5615
 13.562 -0.518 17.089 16.592 35.748 47.848  0.422  0.416 15.818
  33.188  3.583  4.397  6.672 -1.425-28.207-28.014 12.619  -1.41
 621531013 0 0 1 414051.573214052.5791
 15.147  0.286 12.754 13.042-52.287-38.042  3.882  5.873 12.754
 -52.287  3.882  6.680  0.000  1.859  0.000-65.163 15.051   0.08
 6225310 5 1 3 4 114052.579114053.5635
 14.099  0.206 13.042 13.244-38.042-25.123  5.873 11.064 12.838
 -38.139  6.680 11.064  1.859 -1.859-65.163  0.000 14.197   0.41
 6225310 5 1 3 4 114052.579114053.5635
 14.872  0.213 13.034 13.244-38.803-25.123  0.050 11.064 12.838
 -38.139  6.680 11.064  1.859 -1.859-65.163  0.000 14.197   0.41
 7115310 3 1 2 3 414071.581114072.5859
 14.470  1.521 -8.153 -9.681-52.808-39.251  2.054  4.037 -7.762
 -53.672 10.821 17.387  1.162 -0.125-24.539-30.622 14.635   1.51
 7115310 3 1 2 3 414071.581114072.5859
 14.704  1.287 -8.278 -9.571-53.808-40.016  0.235  3.639 -7.762
 -53.672 10.821 17.387  1.162 -0.125-24.539-30.622 14.635   1.51
 7115310 3 1 2 3 414071.581114072.5859
 14.573  1.339 -7.653 -8.999-53.876-40.216  8.532  9.661 -7.762
 -53.672 10.821 17.387  1.162 -0.125-24.539-30.622 14.635   1.51
 7115310 3 0 0 1 414071.581114072.5859
 14.010  1.153-10.144-11.303-59.606-46.511 10.344  1.391-10.144
 -59.606 10.344  1.541  0.000  0.919  0.000 -2.629 13.980   1.19
 71253 956 2 2 4 414072.585914073.6699
 13.855 -1.195 -9.681 -8.385-39.251-25.292  4.037  7.276 -9.280
 -39.949 17.387 17.989  1.037  0.195-30.622-23.818 13.874  -1.09
 71253 956 2 2 4 414072.585914073.6699
 13.778 -1.224 -9.571 -8.244-40.016-26.141  3.639  4.096 -9.280
 -39.949 17.387 17.989  1.037  0.195-30.622-23.818 13.874  -1.09
 71253 956 2 2 4 414072.585914073.6699
 13.510 -1.231 -8.999 -7.665-40.216-26.632  9.661  6.451 -9.280
 -39.949 17.387 17.989  1.037  0.195-30.622-23.818 13.874  -1.09
 71253 956 2 2 4 414072.585914073.6699
 13.923 -1.331 -9.937 -8.494-39.776-25.743  0.050  0.165 -9.280
 -39.949 17.387 17.989  1.037  0.195-30.622-23.818 13.874  -1.09
 71353 754 2 2 4 614073.669914074.6045
 14.299  0.123 -8.385 -8.500-25.292-12.851  7.276  3.633 -8.095
 -25.970 17.989 10.841  1.232 -0.163-23.818-16.391 14.268  -0.23
 71353 754 2 2 4 614073.669914074.6045
 14.178  0.137 -8.494 -8.621-25.743-13.414  0.165  0.050 -8.095
 -25.970 17.989 10.841  1.232 -0.163-23.818-16.391 14.268  -0.23
 71353 754 2 2 4 614073.669914074.6045
 14.406 -0.048 -8.244 -8.199-26.141-13.599  4.096  1.602 -8.095
 -25.970 17.989 10.841  1.232 -0.163-23.818-16.391 14.268  -0.23
 71353 754 2 2 4 614073.669914074.6045
 14.371 -0.056 -7.665 -7.612-26.632-14.123  6.451  4.675 -8.095
 -25.970 17.989 10.841  1.232 -0.163-23.818-16.391 14.268  -0.23
 71353 754 0 0 1 314073.669914074.6045
 14.860  0.123 -9.578 -9.693-32.969-20.003  6.476  8.389 -9.578
 -32.969  6.476 10.027  0.000  0.575  0.000-41.364 14.822  -0.02
 71453 930 3 3 6 314074.604514075.5781
 12.635  0.191 -8.500 -8.686-12.851 -1.494  3.633  4.594 -7.878
 -13.558 10.841  7.616  1.069  0.500-16.391-43.844 12.895   0.39
 71453 930 3 3 6 314074.604514075.5781
 13.214  0.067 -8.621 -8.686-13.414 -1.494  0.050  4.594 -7.878
 -13.558 10.841  7.616  1.069  0.500-16.391-43.844 12.895   0.39
 71453 930 3 3 6 314074.604514075.5781
 12.414  0.090 -8.199 -8.286-13.599 -2.457  1.602  0.050 -7.878
 -13.558 10.841  7.616  1.069  0.500-16.391-43.844 12.895   0.39
 71453 930 3 3 6 314074.604514075.5781
 12.764 -0.025 -7.612 -7.588-14.123 -2.640  4.675  2.972 -7.878
 -13.558 10.841  7.616  1.069  0.500-16.391-43.844 12.895   0.39
 71453 930 2 1 3 214074.604514075.5781
 12.658 -0.217 -9.225 -9.014-20.428 -9.049  1.089  2.169 -9.564
 -20.038 10.027  3.419  0.575 -0.211-41.364-66.311 12.313  -0.44
 7155310 7 1 2 3 414075.578114076.5684
 15.307  0.436 -8.686 -9.118 -1.494 12.696  4.594  4.850 -8.255
  -1.947  7.616  8.883  1.569 -0.481-43.844-35.427 15.354   0.58
 7155310 7 1 2 3 414075.578114076.5684
 15.366  0.261 -8.286 -8.544 -2.457 11.791  0.050  1.112 -8.255
  -1.947  7.616  8.883  1.569 -0.481-43.844-35.427 15.354   0.58
 7155310 7 1 2 3 414075.578114076.5684
 15.365  0.368 -7.588 -7.952 -2.640 11.606  2.972  1.867 -8.255
  -1.947  7.616  8.883  1.569 -0.481-43.844-35.427 15.354   0.58
 7155310 7 1 1 2 114075.578114076.5684
 15.754  1.001 -9.347-10.338 -8.901  5.731  1.251  1.192 -9.136
  -8.995  3.419  1.192  0.363 -0.363-66.311  0.000 15.849   1.21
 7155310 7 1 1 2 114075.578114076.5684
 15.903  1.337 -9.014-10.338 -9.049  5.731  2.169  1.192 -9.136
  -8.995  3.419  1.192  0.363 -0.363-66.311  0.000 15.849   1.21
 716531020 1 3 4 414076.568414077.5654
 14.574 -0.217 -9.118 -8.901 12.696 26.244  4.850  8.222 -8.831
  12.288  8.883 10.867  1.089  0.353-35.427-36.938 14.698  -0.14
 716531020 1 3 4 414076.568414077.5654
 15.126 -0.474 -9.374 -8.901 12.146 26.244  1.054  8.222 -8.831
  12.288  8.883 10.867  1.089  0.353-35.427-36.938 14.698  -0.14
 716531020 1 3 4 414076.568414077.5654
 14.346 -0.244 -8.544 -8.301 11.791 25.112  1.112  0.352 -8.831
  12.288  8.883 10.867  1.089  0.353-35.427-36.938 14.698  -0.14
 716531020 1 3 4 414076.568414077.5654
 14.374 -0.289 -7.952 -7.664 11.606 24.955  1.867  1.839 -8.831
  12.288  8.883 10.867  1.089  0.353-35.427-36.938 14.698  -0.14
 716531020 0 0 1 214076.568414077.5654
 14.656  0.439-10.338-10.776  5.731 19.361  1.192  0.569-10.338
   5.731  1.192  0.804  0.000  0.519  0.000-76.195 14.619   0.29
 717531026 1 3 4 414077.565414078.5654
 13.492  0.828 -8.901 -9.729 26.244 38.758  8.222  6.630 -8.690
  25.961 10.867  9.223  1.442  0.024-36.938-67.708 13.618   0.66
 717531026 1 3 4 414077.565414078.5654
 14.221  0.589 -7.664 -8.254 24.955 38.198  1.839  1.953 -8.690
  25.961 10.867  9.223  1.442  0.024-36.938-67.708 13.618   0.66
 8 85310 7 1 1 2 614099.578114100.5762
 14.272 -0.837 15.836 15.000 -0.045 13.221  2.495  1.319 15.797
  -0.962  4.156 19.095  2.211  0.288 -2.482 33.320 14.053  -0.42
 8 85310 7 1 1 2 114099.578114100.5762
 17.529 -0.012 15.495 15.484  5.790 22.306  0.228  1.079 15.569
   6.077  0.983  1.079  0.373 -0.373-15.023  0.000 17.242  -0.09
 8 85310 7 1 1 2 114099.578114100.5762
 17.155 -0.108 15.592 15.484  6.163 22.306  0.755  1.079 15.569
   6.077  0.983  1.079  0.373 -0.373-15.023  0.000 17.242  -0.09
 8 9531011 3 3 6 714100.576214101.5859
 15.232  0.334 16.911 17.248 10.848 25.249  3.665  2.011 15.374
  12.085 19.095 18.395  2.499  0.349 33.320 43.707 14.619  -0.22
 8 9531011 3 3 6 714100.576214101.5859
 14.623 -0.029 14.578 14.548 12.593 26.380  9.190 10.332 15.374
  12.085 19.095 18.395  2.499  0.349 33.320 43.707 14.619  -0.22
 8 9531011 0 0 1 814100.576214101.5859
 15.789  1.645 15.484 17.146 22.306 37.271  1.079  1.102 15.484
  22.306  1.079  7.542  0.000  2.716  0.000-10.690 13.458   1.07
 81053 956 0 0 1 114101.585914102.5996
 14.120 -0.133 10.476 10.342-56.932-43.617  8.443 12.950 10.476
 -56.932  8.443 12.950  0.000  0.000  0.000  0.000 14.120  -0.13
 81053 956 2 5 7 914101.585914102.5996
 14.027  0.510 15.637 16.153 22.794 36.015  1.303  0.314 15.151
  25.868 18.395 33.765  2.848  0.514 43.707 14.489 14.996   1.19
 81053 956 2 5 7 914101.585914102.5996
 14.494  0.521 16.391 16.919 24.499 38.192  2.087  5.843 15.151
  25.868 18.395 33.765  2.848  0.514 43.707 14.489 14.996   1.19
 81053 956 2 5 7 914101.585914102.5996
 14.988  0.255 14.548 14.806 26.380 40.574 10.332  0.798 15.151
  25.868 18.395 33.765  2.848  0.514 43.707 14.489 14.996   1.19
 81053 956 2 5 7 914101.585914102.5996
 14.362  0.186 14.618 14.806 27.014 40.574  2.561  0.798 15.151
  25.868 18.395 33.765  2.848  0.514 43.707 14.489 14.996   1.19
 81053 956 5 3 8 814101.585914102.5996
 16.737 -0.582 16.492 15.902 35.124 51.090  0.791  0.050 16.564
  34.915  7.542 15.491  2.716  2.315-10.690  9.472 15.627  -0.41
 81053 956 5 3 8 814101.585914102.5996
 16.444 -1.015 17.146 16.118 37.271 52.940  1.102  0.520 16.564
  34.915  7.542 15.491  2.716  2.315-10.690  9.472 15.627  -0.41
 81053 956 5 3 8 814101.585914102.5996
 16.122 -0.792 16.920 16.118 37.596 52.940  0.577  0.520 16.564
  34.915  7.542 15.491  2.716  2.315-10.690  9.472 15.627  -0.41
 81053 956 5 3 8 814101.585914102.5996
 16.280 -0.672 17.178 16.497 36.901 52.404  0.251  0.327 16.564
  34.915  7.542 15.491  2.716  2.315-10.690  9.472 15.627  -0.41
 81153 937 0 0 1 314102.599614103.7197
 14.148 -0.714 10.342  9.541-43.617-28.856 12.950  7.669 10.342
 -43.617 12.950 10.324  0.000  0.426  0.000-82.160 14.146  -0.73
 81853 948 1 1 2 114109.590814110.6201
 14.036  0.339 11.658 12.006 24.199 37.636 16.529 26.808 11.653
  24.194 16.681 26.808  0.695 -0.695-42.472  0.000 14.040   0.34
 81853 948 0 0 1 114109.590814110.6201
 14.771 -0.097 -4.598 -4.498 22.937 37.131  2.764  5.260 -4.598
  22.937  2.764  5.260  0.000  0.000  0.000  0.000 14.771  -0.10
 81953 9 7 0 0 1 214110.620114111.5801
 13.479 -0.823 12.006 11.217 37.636 49.632 26.808 16.045 12.006
  37.636 26.808 23.935  0.000  0.529  0.000-85.362 13.494  -0.64
 9 953 931 0 0 1 114131.602514132.6221
 13.631 -0.549 13.756 13.196-43.172-30.278 28.318  8.586 13.756
 -43.172 28.318  8.586  0.000  0.000  0.000  0.000 13.631  -0.55
 9 953 931 0 0 1 614131.602514132.6221
 16.082 -1.665 18.453 16.755-43.343-27.950  0.050  0.135 18.453
 -43.343  0.050  7.580  0.000  3.291  0.000 35.655 15.953  -1.68
 91153 4 0 1 1 2 114133.833014134.7676
 12.958 -0.771 13.429 12.709-13.070 -1.885  1.458  6.780 13.480
 -13.103  1.735  6.780  0.374 -0.374 58.238  0.000 12.992  -0.83
 91153 4 0 1 1 2 114133.833014134.7676
 13.174 -1.111 13.747 12.709-13.273 -1.885  0.277  6.780 13.480
 -13.103  1.735  6.780  0.374 -0.374 58.238  0.000 12.992  -0.83
 91153 4 0 0 0 1 414133.833014134.7676
 13.747 -0.574 13.179 12.642  5.588 17.510  0.153  2.252 13.179
   5.588  0.153  3.066  0.000  2.739  0.000  4.944 13.973  -0.67
 91253 534 0 0 1 414134.767614135.6992
 14.348  0.123 12.709 12.824 -1.885 10.570  6.780  9.761 12.709
  -1.885  6.780 10.843  0.000  2.672  0.000-41.435 14.485   0.39
 91353 712 4 1 5 914135.699214136.6162
 13.739  0.058 -9.677 -9.730-54.386-42.693  0.061  2.770-10.728
 -56.205  3.587 14.220  1.693  2.621 38.764  4.604 11.770  -0.69
 91353 712 4 1 5 914135.699214136.6162
 14.002 -0.166 -9.882 -9.730-54.627-42.693  0.050  2.770-10.728
 -56.205  3.587 14.220  1.693  2.621 38.764  4.604 11.770  -0.69
 91353 712 4 1 5 914135.699214136.6162
 13.485  0.051 -9.863 -9.910-55.483-44.022  0.050  0.050-10.728
 -56.205  3.587 14.220  1.693  2.621 38.764  4.604 11.770  -0.69
 91353 712 4 1 5 914135.699214136.6162
 14.028  0.068 -9.511 -9.573-55.393-43.436  0.050  0.050-10.728
 -56.205  3.587 14.220  1.693  2.621 38.764  4.604 11.770  -0.69
 91353 712 2 2 4 214135.699214136.6162
 13.708 -0.114 12.824 12.719 10.570 22.235  9.761  7.467 13.069
  10.698 10.843  9.667  2.672 -2.207-41.435 89.579 13.570  -0.50
 91453 912 4 5 9 614136.616214137.6064
 13.615  0.328 -9.730-10.054-42.693-30.184  2.770  0.861-10.091
 -46.316 14.220 12.533  4.313 -1.533  4.604 19.114 15.799   0.23
 91453 912 4 5 9 614136.616214137.6064
 14.107  0.295 -9.573 -9.865-43.436-30.439  0.050  5.800-10.091
 -46.316 14.220 12.533  4.313 -1.533  4.604 19.114 15.799   0.23
 91453 912 4 5 9 614136.616214137.6064
 13.537  0.054-10.213-10.266-44.324-31.893  0.784  3.697-10.091
 -46.316 14.220 12.533  4.313 -1.533  4.604 19.114 15.799   0.23
 91453 912 4 5 9 614136.616214137.6064
 13.232  0.359 -9.910-10.266-44.022-31.893  0.050  3.697-10.091
 -46.316 14.220 12.533  4.313 -1.533  4.604 19.114 15.799   0.23
 91453 912 4 5 9 614136.616214137.6064
 13.258  0.406-11.413-11.815-47.259-35.104  1.409  1.999-10.091
 -46.316 14.220 12.533  4.313 -1.533  4.604 19.114 15.799   0.23
 91453 912 1 1 2 114136.616214137.6064
 14.790  0.095 12.719 12.813 22.235 35.908  7.467 14.496 12.613
  22.236  9.667 14.496  0.465 -0.465 89.579  0.000 14.790   0.20
 91553 926 3 3 61014137.606414138.7373
 13.544  0.141 -9.963-10.123-29.186-14.976  0.032  3.036-10.314
 -31.645 12.533 11.417  2.781  2.575 19.114 25.115 13.566   0.47
 91553 926 3 3 61014137.606414138.7373
 14.427  0.060-10.054-10.123-30.184-14.976  0.861  3.036-10.314
 -31.645 12.533 11.417  2.781  2.575 19.114 25.115 13.566   0.47
 91553 926 3 3 61014137.606414138.7373
 13.773  0.283 -9.865-10.185-30.439-15.971  5.800  2.520-10.314
 -31.645 12.533 11.417  2.781  2.575 19.114 25.115 13.566   0.47
 91553 926 3 3 61014137.606414138.7373
 13.753  0.312-11.815-12.167-35.104-20.658  1.999  1.285-10.314
 -31.645 12.533 11.417  2.781  2.575 19.114 25.115 13.566   0.47
 91553 926 0 0 1 214137.606414138.7373
 13.642 -0.081 12.813 12.721 35.908 50.228 14.496  6.465 12.813
  35.908 14.496 12.698  0.000  0.379  0.000 70.017 13.699  -0.24
 91753 6 1 0 0 1 114139.749014140.6143
 15.812  0.480  6.568  6.983-55.795-42.964  6.505  4.710  6.568
 -55.795  6.505  4.710  0.000  0.000  0.000  0.000 15.812   0.48
 91853 915 0 0 1 114140.614314141.6133
 12.387 -0.342  6.983  6.642-42.964-31.568  4.710  8.287  6.983
 -42.964  4.710  8.287  0.000  0.000  0.000  0.000 12.387  -0.34
 91953 916 3 3 6 514141.613314142.6064
 14.555  0.076-10.283-10.359  9.402 22.879  0.166  0.980-12.295
   5.645  2.732  1.540  6.062 -0.521 30.447 27.028 16.495  -1.03
 91953 916 3 3 6 514141.613314142.6064
 14.237 -0.078-10.437-10.359  9.718 22.879  0.050  0.980-12.295
   5.645  2.732  1.540  6.062 -0.521 30.447 27.028 16.495  -1.03
 91953 916 3 3 6 514141.613314142.6064
 14.380 -0.096-13.144-13.049  4.562 17.865  0.557  0.304-12.295
   5.645  2.732  1.540  6.062 -0.521 30.447 27.028 16.495  -1.03
 91953 916 3 3 6 514141.613314142.6064
 14.692 -0.147-13.194-13.049  4.252 17.865  0.727  0.304-12.295
   5.645  2.732  1.540  6.062 -0.521 30.447 27.028 16.495  -1.03
 91953 916 3 3 6 514141.613314142.6064
 14.522 -0.035-12.955-12.920  4.025 17.468  0.737  0.155-12.295
   5.645  2.732  1.540  6.062 -0.521 30.447 27.028 16.495  -1.03
 91953 916 0 0 1 114141.613314142.6064
 14.643  0.371  6.642  7.010-31.568-18.004  8.287 12.265  6.642
 -31.568  8.287 12.265  0.000  0.000  0.000  0.000 14.643   0.37
 92053 926 0 0 1 214142.606414143.6045
 14.091  0.061  7.010  7.071-18.004 -4.924 12.265  0.727  7.010
 -18.004 12.265  2.457  0.000  0.443  0.000-32.058 13.824  -0.11
 92353 923 1 1 2 114145.608414146.6484
 13.565  0.340  6.474  6.828 21.945 35.033  0.069  6.462  6.439
  22.185  5.715  6.462  0.244 -0.244  8.363  0.000 13.334   0.37
 92353 923 1 1 2 114145.608414146.6484
 13.331  0.374  6.439  6.828 22.188 35.033  5.646  6.462  6.439
  22.185  5.715  6.462  0.244 -0.244  8.363  0.000 13.334   0.37
 92453 826 0 0 1 114146.648414147.6260
 15.407 -0.316  6.828  6.519 35.033 49.135  6.462  4.398  6.828
  35.033  6.462  4.398  0.000  0.000  0.000  0.000 15.407  -0.32
10 753 8 7 1 2 3 514159.662114160.7070
 15.670  0.978 -4.001 -5.023-15.082  0.265  1.120  0.573 -4.473
 -13.453 10.003 13.760  2.074  4.291-14.038 13.326 13.252   0.49
10 753 8 7 1 2 3 514159.662114160.7070
 15.120  0.747 -4.662 -5.443-18.678 -3.905  0.050  0.050 -4.473
 -13.453 10.003 13.760  2.074  4.291-14.038 13.326 13.252   0.49
10 853 7 1 3 2 5 114160.707014161.6162
 15.403 -0.731 -4.745 -4.080  0.784 13.900  0.050  1.802 -4.987
  -0.634 13.760  1.802  6.365 -6.365 13.326  0.000 16.962  -1.00
10 853 7 1 3 2 5 114160.707014161.6162
 15.973 -1.037 -5.023 -4.080  0.265 13.900  0.573  1.802 -4.987
  -0.634 13.760  1.802  6.365 -6.365 13.326  0.000 16.962  -1.00
101353 8 0 3 2 51914165.667014166.6104
 16.227 -0.396 -8.974 -8.600 23.811 38.195  2.035  0.204 -8.493
  23.958  2.899 32.825  1.947  1.816 12.373-16.425 15.626  -0.38
101353 8 0 3 2 51914165.667014166.6104
 15.689 -0.656 -6.875 -6.256 23.447 37.323  0.528  0.119 -8.493
  23.958  2.899 32.825  1.947  1.816 12.373-16.425 15.626  -0.38
101453 920 910191414166.610414167.6113
 13.959  0.259 -9.564 -9.823 41.916 54.906  1.302  0.950 -8.131
  37.774 32.825 22.462  3.763  2.254-16.425-18.113 13.211  -0.35
101453 920 910191414166.610414167.6113
 14.078  0.089 -8.318 -8.406 39.161 52.271  2.514  1.289 -8.131
  37.774 32.825 22.462  3.763  2.254-16.425-18.113 13.211  -0.35
101453 920 910191414166.610414167.6113
 13.891  0.115 -8.234 -8.349 38.541 51.464  6.002  0.496 -8.131
  37.774 32.825 22.462  3.763  2.254-16.425-18.113 13.211  -0.35
101453 920 910191414166.610414167.6113
 14.498  0.137 -8.212 -8.349 37.934 51.464  1.616  0.496 -8.131
  37.774 32.825 22.462  3.763  2.254-16.425-18.113 13.211  -0.35
101453 920 910191414166.610414167.6113
 13.756 -0.046 -8.574 -8.528 37.129 49.916  0.050  0.763 -8.131
  37.774 32.825 22.462  3.763  2.254-16.425-18.113 13.211  -0.35
101453 920 910191414166.610414167.6113
 14.656  0.269 -8.384 -8.654 35.156 48.844  7.064  0.214 -8.131
  37.774 32.825 22.462  3.763  2.254-16.425-18.113 13.211  -0.35
101453 920 910191414166.610414167.6113
 13.841  0.122 -7.878 -8.000 35.021 47.893  0.190  0.404 -8.131
  37.774 32.825 22.462  3.763  2.254-16.425-18.113 13.211  -0.35
101453 920 910191414166.610414167.6113
 14.183  0.353 -7.647 -8.000 34.678 47.893  0.118  0.404 -8.131
  37.774 32.825 22.462  3.763  2.254-16.425-18.113 13.211  -0.35
101453 920 910191414166.610414167.6113
 13.932  0.333 -7.045 -7.378 35.025 47.988  0.742  7.257 -8.131
  37.774 32.825 22.462  3.763  2.254-16.425-18.113 13.211  -0.35
101453 920 910191414166.610414167.6113
 14.031  0.296 -6.723 -7.020 35.817 48.879  1.983  7.975 -8.131
  37.774 32.825 22.462  3.763  2.254-16.425-18.113 13.211  -0.35
