 1 855 636 5 1 61314617.724614618.7178
 13.673 -0.279 36.654-56.299-43.702 55.751 62.396 29.318  0.226
 -54.416-57.529 35.806 37.208 22.039 33.713-41.481-44.865  -1.15
 1 855 636 1 3 4 414617.724614618.7178
 14.246 -0.299 18.631 -1.126 12.040  0.740  0.820 19.602 -0.100
  -0.888 -2.061 18.550 18.946  0.590  0.150 12.360 11.427  15.33
 1 855 636 2 2 4 414617.724614618.7178
 14.350 -0.390 20.170  7.488 20.757 29.550 35.659-17.544  0.548
   8.023  5.862 20.329 19.688 22.239  7.311 20.995 18.288  -0.30
 12255 621 0 0 1 114631.735414632.7705
 15.067  2.005-22.444-43.687-29.109  7.581  0.740  0.000  0.000
   0.000  0.000  0.000  0.000  0.000  0.000  0.000  0.000   0.00
 12655 624 0 0 1 214635.732414636.7109
 13.850 -0.103 29.514 29.150 41.745 10.969  1.449  0.000  0.000
   0.000  0.000  0.000  0.000  0.000  0.000  0.000 41.738   0.00
 12855 644 3 1 4 214637.719714638.8975
 13.931  0.640-21.599-47.191-31.936 10.297  1.182-20.912 -0.395
 -46.967-48.829-21.679-21.017  9.058  1.239-30.497-32.040  32.76
 12955 227 1 1 2 514638.897514639.6719
 13.671 -0.134-22.353-31.936-22.109  1.182 22.831 11.852  0.286
 -30.497-32.040-22.074-22.373  0.079  1.102-22.006-23.193 -62.82
 13055 753 1 4 5 214639.671914640.6836
 13.482  0.161-22.249-22.109 -9.458 22.831 35.968-50.972  1.391
 -22.006-23.193-22.366-21.011 20.858  1.973 -9.432-12.307  18.97
 13155 736 2 1 3 214640.683614641.9814
 15.618 -1.082-24.194-15.500  3.501  1.754 23.287-26.004  0.071
 -15.219-15.683-24.319-24.112  0.690  1.064  3.617  3.102  -2.74
 13155 736 1 1 2 114640.683614641.9814
 11.519 -0.799 21.342-55.364-41.684  1.909  6.224-87.532 -0.612
 -55.360-55.388 21.445 20.833  1.588  0.321  0.000  0.000   0.00
 2 255 5 2 1 1 2 214642.790014643.7070
 13.814  0.113-22.251 17.681 29.455 49.122 24.638 30.570  0.083
  17.740 17.079-22.219-22.581 44.695  4.427 29.680 28.916  -3.40
 2 255 5 2 0 0 1 114642.790014643.7070
 13.956 -0.493 20.989-27.569-15.664  3.320  6.479  0.000  0.000
   0.000  0.000  0.000  0.000  0.000  0.000  0.000  0.000   0.00
 2 355 7 1 1 1 2 214643.707014644.7334
 13.709  0.099-22.355 29.455 42.521 24.638 38.372 27.173  2.265
  29.680 28.916-22.248-22.611 17.374  7.264 42.578 39.297 -19.54
 2 455 623 1 1 2 314644.733414645.7881
 13.761 -0.029-22.456 42.521 56.004 38.372  5.593  7.632 -2.530
  42.578 39.297-22.449-22.856 37.702  0.670 56.292 55.885 -52.33
 2 855 721 6 6121114648.693414649.7275
 13.007 -0.688 39.124-40.732-28.295 17.097 21.136-21.374 -0.157
 -39.140-42.395 39.607 38.619  8.735  8.362-27.032-30.100   1.59
 2 955 631 4 711 914649.727514650.7383
 13.768 -1.088 38.412-28.295-15.374 21.136 23.118-19.787  1.309
 -27.032-30.100 38.768 37.903 12.433  8.703-14.766-16.874 -44.48
 2 955 631 1 2 3 314649.727514650.7383
 14.741 -0.812 26.737 38.509 52.413  3.219  5.896 29.575  0.053
  38.685 37.791 26.648 27.101  2.585  0.635 52.528 51.562  -3.05
 21055 616 5 4 92114650.738314651.7549
 12.159 -0.129 37.313-15.374 -4.008 23.118 20.896-64.271 -0.659
 -14.766-16.874 38.316 34.836 16.451  6.666 -2.888 -6.903  67.53
 21055 616 0 0 12114650.738314651.7549
 15.387 -1.792 39.004-18.656 -4.008 11.716 20.896  0.000  0.000
   0.000  0.000  0.000  0.000  0.000  0.000  0.000 -6.903   0.00
 21155 5521110211014651.754914652.6758
 13.618  0.159 37.181 -4.008  7.630 20.896 11.328  3.256  0.328
  -2.888 -6.903 37.131 37.313 15.067  5.829  8.875  4.511   7.46
 21255 746 2 1 3 414652.675814653.6631
 12.199  1.169 35.971-12.136 -1.056  3.613  4.617  8.563 -0.466
 -11.336-13.493 35.874 36.137  2.273  1.339 -0.592 -1.852 -47.84
 21255 746 6 410 514652.675814653.6631
 13.399  0.281 37.328  7.630 19.895 11.328  8.071 10.720  0.253
   8.875  4.511 37.140 37.797  8.096  3.232 20.793 16.121   1.36
 21355 8 4 3 2 5 414653.663114654.7031
 15.044 -0.050 37.606 19.895 34.516  8.071  6.848 12.083 -2.986
  20.793 16.121 37.453 38.246  6.519  1.552 34.974 34.289  35.05
 21455 7 8 2 2 4 114654.703114655.7012
 13.368 -0.788 37.553 34.516 46.887  6.848  1.046 47.133 -0.799
  34.974 34.289 37.162 37.748  2.271  4.577  0.000  0.000   0.00
 22455 7 8 1 1 2 114664.702114665.7295
 13.117  0.409-21.267-55.523-43.058  7.190  5.300-78.187 -0.405
 -55.488-55.577-21.424-21.027  4.345  2.845  0.000  0.000   0.00
 22455 7 8 5 611 514664.702114665.7295
 12.987 -0.954 19.796-30.723-18.392 18.217 17.930-10.727  0.094
 -29.693-32.696 19.979 19.444 11.968  6.249-17.067-19.881 -15.48
 3 155 732 1 3 4 214669.685514670.6680
 14.245  0.020-22.181 19.651 32.684  7.315  7.799-27.511  0.127
  19.862 19.518-22.283-22.117  2.822  4.493 32.941 32.455   5.27
 33155 931 1 1 2 214699.602514700.6045
 14.351  0.054-24.725-43.269-29.884  2.193  3.911-54.583 -0.342
 -43.063-43.539-24.988-24.380  1.245  0.948-29.766-29.888 -19.45
 33155 931 0 0 1 214699.602514700.6045
 13.406  0.496-24.325-50.401-37.963  7.561  2.098  0.000  0.000
   0.000  0.000  0.000  0.000  0.000  0.000  0.000-38.068   0.00
 4 655 918 1 8 91714705.611314706.6104
 14.874  1.035 20.169  9.671 23.540 31.500 36.475-28.212  1.623
  11.482  7.964 21.081 19.310 15.285 16.214 26.093 20.504  14.25
 4 655 918 6 7131014705.611314706.6104
 13.558  0.780 23.624 40.666 53.220  9.373  9.904 15.998  0.744
  43.592 37.793 22.856 24.379  4.643  4.730 56.001 49.202  -6.90
 4 855 934 2 3 5 714707.600614708.6133
 15.710  0.760 19.945 33.223 48.132  3.759  2.614 24.088  2.067
  33.849 32.901 19.682 20.080  1.279  2.480 49.785 46.549 -30.01
 4 855 934 0 0 1 114707.600614708.6133
 15.404 -0.805 21.443 40.763 55.362  4.018  6.355  0.000  0.000
   0.000  0.000  0.000  0.000  0.000  0.000  0.000  0.000   0.00
 4 955 916 1 6 7 114708.613314709.6699
 11.355  0.373 20.714 48.132 59.085  2.614  1.059 -5.922 -3.043
  49.785 46.549 20.874 20.561  1.279  1.335  0.000  0.000   0.00
 5 455 729 3 9121614733.688514734.5752
 13.727  2.432-32.077-57.217-45.919 18.871 21.840-19.510  0.337
 -56.194-59.354-32.384-31.435 12.759  6.112-43.355-46.899  -3.25
 5 455 729 1 1 2 114733.688514734.5752
 11.115  1.700 33.690 24.287 33.270  8.521  0.878  7.843 -0.728
  25.118 24.251 33.595 33.694  0.355  8.166  0.000  0.000   0.00
 5 5551011 31316 714734.575214735.8662
 14.516 -0.984-34.233-45.919-28.451 21.840  3.823-22.757 -1.431
 -43.355-46.899-35.122-33.893  6.043 15.796-27.733-29.705   3.99
 5 5551011 4 3 7 714734.575214735.8662
 13.114 -1.499-34.509-56.466-40.808 17.563  8.094  2.793 -0.394
 -55.815-57.266-34.482-34.541  9.691  7.872-40.708-41.079 -69.86
 51755 943 4 3 7 114746.594714747.5938
 12.243  0.683 25.986-55.115-43.864 23.843 12.030 12.512 -4.930
 -51.584-56.938 25.281 26.349  8.119 15.724  0.000  0.000   0.00
 51855 945 0 0 1 814747.593814748.5947
 15.195 -0.075 24.979-36.226-22.006  3.870  6.959  0.000  0.000
   0.000  0.000  0.000  0.000  0.000  0.000  0.000-24.192   0.00
 522551023 2 1 31514751.566414752.5586
 11.965  0.085 24.602-26.799-15.910 11.851 17.425-13.871  5.241
 -25.953-27.733 24.793 24.393  6.215  5.637-14.153-21.513  28.42
 5225510231218303214751.566414752.5586
 13.366  0.099 24.067 15.683 27.961 61.537 60.073 13.694  2.496
  19.409 11.561 23.238 24.984 32.316 29.221 33.372 22.837  -0.53
 6 555 9421010201614765.594714766.5781
 13.289  1.137 30.871-37.818-25.726 20.926 28.946 18.658  0.429
 -35.710-42.135 30.260 32.122 14.061  6.865-21.601-28.275   6.42
 6 65510 711 5161414766.578114767.5781
 15.619 -0.640 31.988-25.726-11.089 28.946  9.084 25.078 -0.170
 -21.601-28.275 30.351 33.000 11.058 17.887 -9.180-15.887  -5.52
 6 75510 7 7 7141114767.578114768.5713
 13.920 -0.237 31.348-11.089  1.759  9.084  6.605 19.562  1.689
  -9.180-15.887 30.768 32.804  6.499  2.585  5.572 -3.160  -3.79
 61055 950 4 711 114770.589814771.5918
 13.208  0.881 31.435 27.480 39.731 13.399  3.450 33.292 -7.107
  32.070 25.107 28.863 32.765  4.566  8.833  0.000  0.000   0.00
 61155 948 2 3 5 514771.591814772.5762
 14.142 -0.165-25.180-14.051 -1.102 14.400  6.536 13.378  0.702
 -12.303-15.664-24.803-25.527  6.910  7.490  0.152 -3.837   5.89
 61555 9531432464614775.587914776.5977
 14.797  0.239-21.457-18.559 -4.609 71.402 76.785-12.789 -1.400
 -13.904-23.402-22.441-20.434 36.410 34.992 -0.262 -7.906  -9.31
 61655 9391630465214776.597714777.5850
 13.107  0.339-21.698 -4.609  7.374 76.785 97.030-22.096  1.774
  -0.262 -7.906-23.338-20.455 33.121 43.663 11.745  1.689  13.07
 61755 9562032524014777.585014778.5801
 14.450  0.317-22.034  7.374 20.777 97.030 95.883 -9.023  0.422
  11.745  1.689-22.677-21.197 54.853 42.177 24.496 13.974  -0.23
 61755 956 2 1 3 414777.585014778.5801
 14.377  0.267 19.972-59.713-46.382  2.379  2.355 27.476 -0.077
 -59.503-60.047 19.870 20.136  1.460  0.919-46.290-46.755 -56.51
 6185510 31921405914778.580114779.5889
 13.571  0.075-22.349 20.777 33.472 95.883 85.980 -9.258 -0.312
  24.496 13.974-22.909-21.323 61.995 33.889 37.829 27.504   7.43
 6185510 3 2 2 4 214778.580114779.5889
 14.548 -0.071 20.238-46.382-32.701  2.355  4.542-29.037  0.408
 -46.290-46.755 20.286 20.043  1.890  0.466-32.532-33.384   0.90
 61955 952 1 1 2 314779.588914780.5781
 14.927  1.730 20.166-32.701-18.900  4.542  1.134-28.140  1.649
 -32.532-33.384 20.251 19.823  3.639  0.903-18.831-18.999 -58.36
 6205510 71413272014780.578114781.5547
 16.866  0.191-23.641 40.768 56.279 48.623 40.933 24.392  4.068
  42.928 38.773-22.744-24.470 23.348 25.275 60.751 52.220  -5.49
 6205510 7 1 2 3 414780.578114781.5547
 14.054 -0.563 21.878-18.900 -6.135  1.134  3.456-86.501 -1.110
 -18.831-18.999 22.925 20.373  0.669  0.465 -6.101 -6.196 173.00
 7 1551020 2 3 5 814791.568414792.6914
 12.934  0.711-31.000-40.877-27.461 26.421 32.657 14.798  1.733
 -40.739-41.713-30.969-31.189 22.697  3.724-26.908-29.567  14.70
 7 255 724 3 5 8 614792.691414793.6123
 12.934 -0.039-31.798-27.461-16.445 32.657 15.870 29.499 -0.774
 -26.908-29.567-31.532-32.811 25.868  6.789-16.257-18.083   2.08
 7 255 724 1 1 2 114792.691414793.6123
 14.613  0.349 17.384-51.374-38.811  3.756  2.710  1.325 -0.400
 -51.347-51.766 17.384 17.393  3.510  0.246  0.000  0.000   0.00
 7 255 724 3 5 8 714792.691414793.6123
 14.894  0.114 32.224-52.284-39.462 42.944 19.203 24.577 -2.862
 -51.849-56.096 32.055 33.698 38.538  4.406-38.645-39.797 -51.07
 7 355 918 4 2 61214793.612314794.5615
 14.015 -0.146-31.762-16.445 -4.079 15.870 26.217 31.575 -1.105
 -16.257-18.083-31.664-32.618 14.239  1.632 -3.455 -4.230  -8.55
 7 355 918 0 0 1 214793.612314794.5615
 13.741  0.039 17.705-38.811-26.705  2.710  2.235  0.000  0.000
   0.000  0.000  0.000  0.000  0.000  0.000  0.000-26.709   0.00
 7 355 918 4 3 7 914793.612314794.5615
 13.580 -0.542 32.329-39.462-27.508 19.203 49.569-26.495  0.448
 -38.645-39.797 32.673 32.187  5.589 13.614-26.082-27.869  35.12
 7 4551031 5 712 514794.561514795.5654
 12.629  0.585-31.623 -4.079  7.619 26.217 24.297 23.023  0.300
  -3.455 -4.230-31.398-31.678  5.106 21.111  8.398  7.276  -2.04
 7 4551031 5 4 9 714794.561514795.5654
 14.144 -0.393 31.814-27.508-14.289 49.569 18.070  8.627  0.647
 -26.082-27.869 31.630 31.861 10.004 39.564-13.135-15.403  18.92
 7 5551026 1 4 51014795.565414796.5596
 13.393  0.802-32.211  7.619 19.965 24.297 18.988 20.987  1.677
   8.398  7.276-31.958-32.322  7.439 16.858 20.842 18.079   9.67
 7 5551026 4 3 71614795.565414796.5596
 13.131 -0.450 31.420-14.289 -2.204 18.070 19.103 27.548  1.075
 -13.135-15.403 30.906 31.916  8.879  9.192 -0.160 -3.897 -17.19
 7 6551033 3 710 814796.559614797.5723
 13.378 -0.756-33.008 19.965 32.519 18.988 20.229 30.658 -1.121
  20.842 18.079-32.572-33.945 12.960  6.028 33.269 31.700   1.78
 7 655103310 6161314796.559614797.5723
 13.095  0.729 30.972 -2.204 10.063 19.103 33.016 10.361 -0.293
  -0.160 -3.897 30.651 31.237  8.653 10.451 11.029  7.609   0.65
 7 7551015 4 4 8 414797.572314798.5723
 14.764  0.320-32.242 32.519 46.304 20.229  6.238 32.442 -0.911
  33.269 31.700-31.839-32.683 10.558  9.672 46.516 46.042  20.43
 7 7551015 0 0 1 214797.572314798.5723
 13.641  0.981 24.276-57.183-44.521  1.373  0.836  0.000  0.000
   0.000  0.000  0.000  0.000  0.000  0.000  0.000-44.608   0.00
 7 7551015 0 0 1 614797.572314798.5723
 13.724 -1.621 26.844-42.890-30.146  0.392  2.928  0.000  0.000
   0.000  0.000  0.000  0.000  0.000  0.000  0.000-32.485   0.00
 7 8551015 1 1 2 214798.572314799.5596
 14.118 -1.578 25.257-44.521-31.546  0.836  1.746 83.962 -0.001
 -44.306-44.608 23.422 25.999  0.241  0.596-30.539-32.429 -35.87
 713551026 1 1 2 314803.565414804.6836
 12.629  2.526 25.038 -7.965  5.060  1.215  2.682 -9.314  0.210
  -7.933 -8.713 25.042 24.926  1.165  0.050  5.686  4.641  13.27
 71455 736 1 1 2 314804.683614805.5771
 12.651 -0.444-25.756-38.308-27.876  6.765  3.520 40.020 -1.463
 -36.762-38.564-24.587-25.950  0.961  5.804-27.448-28.169 -46.37
 71455 736 2 1 3 314804.683614805.5771
 14.234 -0.289 27.862  5.060 16.907  2.682  4.458  3.951 -0.681
   5.686  4.641 27.823 27.887  1.077  1.606 16.960 16.714 -31.36
 7155510 8 2 1 3 114805.577114806.5811
 14.067  0.661-25.360-27.876-14.733  3.520  3.894 -6.351 -0.655
 -27.448-28.169-25.403-25.331  1.429  2.091  0.000  0.000   0.00
 7215510 4 4 2 6 414811.580114812.5645
 12.753 -0.580-21.677 34.554 46.149 24.336 10.587 28.844  1.015
  36.535 33.680-20.663-22.125  7.451 16.885 47.104 43.123  -5.51
 8 2551018 5 9141214823.571314824.5762
 12.923  1.255 20.547-12.600 -0.598  9.714 15.511  9.405  1.151
 -10.527-13.982 20.226 20.761  3.884  5.830  3.098 -1.666  -6.36
 8 955 927 814222514830.605514831.5996
 11.533 -0.358-18.208-14.721 -4.232 41.353 61.647 -5.039  0.725
 -11.540-18.423-18.474-17.898 22.243 19.110 -0.468 -8.101   0.55
 8 955 927 612181814830.605514831.5996
 13.503 -0.083 14.650-10.786  1.660 45.090 30.192 -0.259 -1.964
  -9.012-15.219 14.658 14.631 32.205 12.885  2.744 -1.429  -1.56
 8 955 927 8 4121014830.605514831.5996
 12.827  0.067 28.842  5.717 17.492 14.827 17.063 36.846  2.329
   6.445  4.983 28.364 29.324  7.447  7.380 19.776 15.367 -47.70
 81055 937 817252514831.599614832.5947
 13.079 -0.326-17.852 -4.232  7.818 61.647 56.767 -4.491  0.583
  -0.468 -8.101-18.133-17.563 31.248 30.399 11.594  3.343   2.66
 81055 937 6 2 81214831.599614832.5947
 13.183 -1.486 22.524-43.905-31.752 12.732 14.635 29.938  1.402
 -41.596-44.902 21.296 23.055  3.841  8.891-30.226-35.299 -13.92
 81055 937 31518 414831.599614832.5947
 13.420  0.090 14.567  1.660 14.050 30.192 30.442 -1.822 -3.350
   2.744 -1.429 14.601 14.472 22.353  7.840 14.255 13.549  10.63
 81155 942 5 712 214832.594714833.5957
 11.420  0.867 21.045-31.752-21.304 14.635  5.503 16.020 -3.859
 -30.226-35.299 20.636 21.995 10.233  4.402-21.089-21.771 -69.65
 81155 942 1 3 4 314832.594714833.5957
 16.090  0.329 14.657 14.050 29.172 30.442 30.027  8.806  0.346
  14.255 13.549 14.626 14.732 21.608  8.834 29.327 28.332  13.33
 81155 942 4 1 5 114832.594714833.5957
 15.710  1.345 29.279 27.113 41.854 10.056  4.951-24.343 -3.643
  28.807 25.002 29.948 28.446  5.579  4.477  0.000  0.000   0.00
 81455 945 1 3 4 214835.592814836.5967
 14.697 -0.421-21.432 42.239 56.005 42.168 15.508 39.264 -1.551
  42.710 41.073-21.074-22.320 30.042 12.125 56.099 55.991  36.82
 81455 945 5 2 7 114835.592814836.5967
 15.923  0.616 21.211  5.901 20.896  6.296  3.380 14.766 -1.195
   6.602  5.362 21.039 21.343  2.737  3.559  0.000  0.000   0.00
 81955 938 4 8121314840.597714841.5938
 14.526 -0.106 19.478 24.746 38.236 10.907 17.215 11.855  0.891
  26.394 22.175 19.152 19.986  6.646  4.261 40.992 35.754  -7.65
 82055 945 5 8131514841.593814842.6152
 14.550 -0.319 19.372 38.236 52.098 17.215 27.324  4.209 -0.216
  40.992 35.754 19.181 19.544  8.159  9.056 54.193 49.244   4.96
 82155 913 2 3 5 614842.615214843.5928
 14.780 -0.292-26.860-26.477-12.983 11.615  4.467 43.427 -0.016
 -25.201-26.879-25.782-27.199  2.783  8.832-11.965-14.248 -47.06
 82455 748 1 5 61214845.673814846.6025
 12.108  1.196 41.746-37.926-27.595  3.636 23.322  1.987  3.440
 -36.595-38.801 41.712 41.769  1.443  2.194-23.028-29.884   6.91
 82655 919 3 3 61214847.611314848.5928
 13.881  0.017 20.142-32.005-19.337  5.557 10.818-22.231  0.675
 -31.655-34.052 20.276 19.356  4.747  0.810-17.711-21.012  18.24
 82655 919 5 8131814847.611314848.5928
 12.679 -0.528 42.774-11.412  0.075 12.951 38.779 -5.775  2.641
  -9.136-14.175 42.943 42.569  7.102  5.849  3.883 -4.693   2.40
 82755 945 6 6121014848.592814849.5996
 16.953 -1.479 20.159-19.337 -3.253 10.818  6.120 -3.991 -0.066
 -17.711-21.012 20.265 20.049  5.489  5.329 -1.078 -4.114 -14.88
 82955 922 0 0 1 114850.609414851.5918
 14.358 -2.351 28.153-15.398 -2.263  2.980  0.706  0.000  0.000
   0.000  0.000  0.000  0.000  0.000  0.000  0.000  0.000   0.00
 83155 913 4 812 614852.615214853.5928
 14.019 -2.874-18.925 -7.493  5.255 11.791  5.876-28.889  0.933
  -6.481 -8.649-19.453-18.322  6.286  5.505  5.630  2.231  24.71
 9 155 945 3 3 6 314853.592814854.7324
 15.741  2.058-16.115  5.255 22.065  5.876  3.177 -4.183 -2.411
   5.630  2.231-16.141-15.903  5.227  0.649 22.107 21.369  40.00
 9 255 625 2 1 3 214854.732414855.5996
 13.503  0.102-18.458 22.065 32.935  3.177  3.413 35.814 -0.379
  22.107 21.369-18.430-18.935  2.996  0.181 33.071 32.819 -96.34
 9 255 625 1 1 2 414854.732414855.5996
 13.277 -0.564-20.887-54.478-43.805 15.962  6.542 16.796  0.174
 -54.264-56.672-20.827-21.506 14.542  1.420-43.387-45.874   5.82
 9 255 625 1 1 2 214854.732414855.5996
 13.653  0.744 17.677-52.404-41.404  2.000  1.534 80.114 -0.169
 -52.339-52.419 17.325 17.764  0.394  1.606-41.353-41.422  -3.70
 9 255 625 0 0 1 114854.732414855.5996
 13.196  0.447 26.618-59.639-49.036 44.168 24.899  0.000  0.000
   0.000  0.000  0.000  0.000  0.000  0.000  0.000  0.000   0.00
 9 255 625 2 4 6 614854.732414855.5996
 11.991  1.037 30.171-38.064-28.507  6.646  5.896 16.099 -0.924
 -36.159-39.993 29.695 30.652  3.343  3.303-26.753-29.424   8.97
 9 255 625 2 3 5 514854.732414855.5996
 13.781  0.427 24.657-20.929 -9.818 12.441 14.846 77.085 -0.035
 -20.868-21.086 24.413 25.278  8.933  3.508 -9.347-10.157 -46.38
 9 355 935 2 3 5 414855.599614856.5938
 13.215 -2.398 25.028 -9.818  2.339 14.846  2.371 30.701 -0.053
  -9.347-10.157 24.774 25.210  6.206  8.641  3.110  2.251 -38.37
 9 455 945 5 3 8 914856.593814857.5928
 13.741 -0.223-18.188 22.334 35.085  6.326 12.331 -1.942  0.659
  24.077 21.417-18.244-18.158  2.182  4.145 35.765 32.416   3.53
 9 455 945 2 5 7 714856.593814857.5928
 12.162 -0.440-17.492-27.186-16.014  7.389  8.425 28.859  0.017
 -25.896-28.362-16.813-18.110  3.522  3.867-15.220-17.528   6.41
 9 455 945 0 0 1 114856.593814857.5928
 11.356  0.163 24.573-31.445-21.078 24.052 19.807  0.000  0.000
   0.000  0.000  0.000  0.000  0.000  0.000  0.000  0.000   0.00
 9 555 945 4 3 7 314857.592814858.5947
 12.473  0.270-17.052-16.014 -4.506  8.425  3.664 35.269  0.159
 -15.220-17.528-16.516-18.076  5.529  2.895 -3.453 -5.796   3.32
 9 555 945 2 2 4 214857.592814858.5947
 12.998  0.134 17.213-14.210 -2.178  9.123  3.434-17.896 -4.479
 -13.770-18.582 17.349 15.865  8.289  0.835 -2.029 -2.213  78.00
 9 555 945 0 0 1 114857.592814858.5947
 12.368 -0.015 24.736-21.078 -9.676 19.807 30.333  0.000  0.000
   0.000  0.000  0.000  0.000  0.000  0.000  0.000  0.000   0.00
 91155 945 1 2 3 114863.593814864.5938
 12.736  0.897-17.676  4.240 15.993  1.845  0.007 28.108 -4.897
   8.651  4.117-15.431-17.739  0.050  1.795  0.000  0.000   0.00
 91355 026 9 9181614865.981414866.9814
 14.407 -0.026 23.143-20.207 -6.782 21.451 21.832 15.050  0.216
 -17.594-22.743 22.497 23.770 10.566 10.885 -4.188 -9.462   3.58
 91555 946 41014 214867.592814868.6074
 11.571  2.934 21.112  4.509 15.259 13.171  1.126 19.397 -6.063
   7.069  0.688 20.272 22.368  7.887  5.284 15.466 15.249 -56.36
 92555 919 2 4 6 814877.611314878.6104
 12.108  0.882-22.272-50.204-39.088 16.605  3.930  9.264  2.874
 -49.807-50.276-22.212-22.282  2.545 14.060-36.820-40.409 -14.14
 92655 920 3 5 81514878.610414879.6055
 13.821 -0.528-23.153-39.088-26.315  3.930 13.390 -4.880 -1.006
 -36.820-40.409-23.332-23.050  1.446  2.483-24.596-27.087   0.35
 92755 927 8 715 714879.605514880.6719
 14.346  1.414-22.628-26.315-12.062 13.390  4.933 -4.527  2.379
 -24.596-27.087-22.754-22.572  4.152  9.238 -9.969-14.265 -28.69
10 755 740 0 0 1 114889.679714890.6045
 12.273 -0.985 19.268-51.225-40.792  3.425  0.050  0.000  0.000
   0.000  0.000  0.000  0.000  0.000  0.000  0.000  0.000   0.00
10 855 930 4 2 61014890.604514891.6045
 11.914 -0.043 26.924 -6.133  4.795  7.115  7.293-33.929  1.142
  -5.977 -7.126 27.018 26.329  6.151  0.965  5.493  2.831  36.61
10 855 930 7 4111314890.604514891.6045
 13.427 -0.122 20.722  7.631 20.072 14.321  7.035 -6.973  1.332
   8.217  7.404 20.789 20.696  3.998 10.323 21.364 19.347  32.89
10 855 930 1 1 2 114890.604514891.6045
 12.297 -0.271 20.356 17.623 28.934 33.887 30.275 44.541 -2.090
  17.633 16.045 20.346 21.811 33.656  0.231  0.000  0.000   0.00
10 955 930 0 0 1 414891.604514892.6143
 12.482 -0.243-18.988-44.042-32.434  3.632  2.144  0.000  0.000
   0.000  0.000  0.000  0.000  0.000  0.000  0.000-33.930   0.00
10 955 930 4 610 414891.604514892.6143
 15.271  2.401 26.881  4.795 19.220  7.293  6.190  2.679 -0.694
   5.493  2.831 26.852 26.963  5.382  1.911 19.469 17.953  35.55
102155 915 5 4 91314903.614314904.7451
 12.357  0.866 18.098-43.618-30.763 31.044 31.261 18.112  5.344
 -42.670-45.618 17.803 18.720 21.062  9.982-27.171-35.887 -11.52
102255 6 7 7 6131314904.745114905.8008
 13.937 -1.338 19.077-30.763-17.094 31.261 23.889  6.594  1.795
 -27.171-35.887 18.684 19.636 18.377 12.884-11.948-22.433   1.33
102255 6 7 0 0 1 114904.745114905.8008
 14.358 -1.091 24.563-52.308-38.193 10.606  6.671  0.000  0.000
   0.000  0.000  0.000  0.000  0.000  0.000  0.000  0.000   0.00
102355 446 0 0 1 214905.800814906.7129
 13.793  1.241 23.412-38.193-26.517  6.671  5.943  0.000  0.000
   0.000  0.000  0.000  0.000  0.000  0.000  0.000-26.521   0.00
102355 446 5 8131914905.800814906.7129
 15.938  0.818 17.665-17.094 -3.461 23.889 19.521  7.924 -0.763
 -11.948-22.433 16.982 18.373 12.165 11.724  1.235 -8.405   3.27
11 155 749 21012 614914.673814915.7168
 14.202 -0.256-23.558 27.391 41.176 53.456 76.256 36.018 -1.121
  30.362 27.148-21.578-23.720  4.044 49.412 41.589 39.157  -8.37
11 155 749 1 1 2 314914.673814915.7168
 14.745 -0.238 21.748-26.783-12.432 15.388 11.351 19.484 -1.729
 -26.373-28.735 21.613 22.389 12.717  2.672-12.163-12.762   1.78
11 155 749 0 0 1 614914.673814915.7168
 11.292  1.279 26.665 45.888 56.638 17.838 35.353  0.000  0.000
   0.000  0.000  0.000  0.000  0.000  0.000  0.000 53.038   0.00
11 255 647 2 4 61414915.716814916.6191
 13.834  0.411-23.291 41.176 52.775 76.256 44.879 27.644  0.611
  41.589 39.157-23.092-24.262 63.303 12.953 53.257 50.321   3.21
11 255 647 2 1 3 314915.716814916.6191
 13.713 -1.847-27.700-56.773-45.284  1.250  6.537 68.021  0.734
 -56.562-57.229-27.237-28.699  0.854  0.396-44.496-45.301-139.79
11 255 647 1 2 3 314915.716814916.6191
 13.373  0.349 21.499-12.432 -1.250 11.351 13.271 21.263  0.086
 -12.163-12.762 21.402 21.619  6.249  5.101 -1.222 -1.860   8.69
11 655 746 0 0 1 114919.676814920.6689
 13.391  0.176-26.800 -6.153  6.157 14.656  8.762  0.000  0.000
   0.000  0.000  0.000  0.000  0.000  0.000  0.000  0.000   0.00
11 655 746 0 0 1 114919.676814920.6689
 13.678 -1.074 22.413 38.165 50.760 10.018 28.785  0.000  0.000
   0.000  0.000  0.000  0.000  0.000  0.000  0.000  0.000   0.00
11 755 756 0 0 1 114920.668914921.6816
 13.930  0.082-26.975  6.157 19.272  8.762  0.357  0.000  0.000
   0.000  0.000  0.000  0.000  0.000  0.000  0.000  0.000   0.00
11 755 756 2 4 6 914920.668914921.6816
 14.861  0.272-16.914-22.351 -8.292  6.494 10.157-16.984  0.817
 -19.039-24.574-17.881-16.264  2.609  3.886 -4.669-11.187   5.55
11 855 737 0 0 1 214921.681614922.6719
 13.928  0.035-27.058 19.272 32.079  0.357  8.700  0.000  0.000
   0.000  0.000  0.000  0.000  0.000  0.000  0.000 30.443   0.00
11 855 737 4 5 9 914921.681614922.6719
 16.451  0.229-17.190 -8.292  7.012 10.157  8.644-11.434  0.667
  -4.669-11.187-17.890-16.630  4.511  5.645  9.120  1.865   1.86
11 855 737 1 2 3 414921.681614922.6719
 11.937 -0.758-28.366-52.210-41.374 11.134 16.564 -5.725  2.480
 -52.135-54.508-28.373-28.163 10.783  0.351-39.927-45.022  -3.88
11 855 737 4 3 7 714921.681614922.6719
 12.121  0.985 28.422-40.908-29.889 16.041 16.018 13.637  2.217
 -39.642-44.668 28.152 29.225 11.999  4.042-25.726-33.394  -4.57
11 955 753 1 1 2 314922.671914923.7295
 14.218 -0.223-27.092 32.079 46.074  8.700  5.648 15.581 -0.468
  32.190 30.443-27.064-27.498  8.150  0.550 46.100 45.157  27.22
11 955 753 5 4 9 214922.671914923.7295
 16.994  0.820-17.416  7.012 23.942  8.644  3.964 -9.571 -6.785
   9.120  1.865-17.755-16.588  6.133  2.512 24.035 23.904  67.48
11 955 753 1 3 4 514922.671914923.7295
 13.296  0.469-27.616-41.374-28.354 16.564  3.567 -9.601  0.486
 -39.927-45.022-27.833-27.069 11.860  4.704-26.520-32.237   4.17
11 955 753 3 1 41214922.671914923.7295
 14.397  0.433-28.009-56.584-42.400 31.041 35.287 39.303  2.823
 -56.017-56.934-27.599-28.261 11.842 19.199-39.658-44.058 -38.41
11 955 753 3 4 7 614922.671914923.7295
 14.711 -0.849 29.397-29.889-15.373 16.018 10.201  9.070 -1.965
 -25.726-33.394 28.818 29.885  7.323  8.695-12.533-17.987  -5.92
11 955 753 0 0 1 914922.671914923.7295
 12.132 -0.561 22.918 40.688 52.477  0.164  8.563  0.000  0.000
   0.000  0.000  0.000  0.000  0.000  0.000  0.000 50.414   0.00
111055 630 1 2 3 214923.729514924.7715
 13.019  0.270-26.855 46.074 58.618  5.648 15.423 42.798 -0.719
  46.100 45.157-26.835-27.613  5.496  0.152 58.818 58.614-107.68
111055 630 0 0 1 314923.729514924.7715
 15.504  1.501-16.073 15.516 30.650  3.933  1.226  0.000  0.000
   0.000  0.000  0.000  0.000  0.000  0.000  0.000 28.920   0.00
111055 630 2 3 5 514923.729514924.7715
 15.148 -0.033-28.111-28.354-13.592  3.567 12.087 -5.434 -4.300
 -26.520-32.237-28.265-27.786  2.423  1.144-13.252-14.076  23.54
111055 630 7 5121914923.729514924.7715
 11.812  0.478-28.467-42.400-31.116 35.287 52.287  0.892  1.122
 -39.658-44.058-28.429-28.489 13.294 21.993-26.933-32.584   6.85
111855 6 6 4 8121014931.746114932.6914
 13.276  0.438 21.708 -5.998  5.618 11.462  4.692 21.414 -1.372
  -4.357 -6.851 21.110 22.019  3.920  7.542  6.155  4.959 -29.05
111855 6 6 1 2 3 314931.746114932.6914
 14.493  0.264 19.048  7.644 20.411 18.346  3.552  9.875  0.115
   7.895  6.916 19.006 19.168 13.643  4.703 20.488 19.378  -3.37
111855 6 6 2 2 4 314931.746114932.6914
 12.650  0.463 16.768 35.582 46.607  7.629  3.982  6.902  0.835
  36.007 33.636 16.719 16.994  6.261  1.368 49.341 46.134   4.13
111855 6 6 2 1 3 614931.746114932.6914
 14.968  0.526 25.074 39.337 52.553 12.511 23.388-58.657  0.449
  39.522 39.122 25.348 24.753  6.740  5.770 53.073 51.824  48.35
111955 724 6 4101414932.691414933.7246
 17.069 -1.284 22.122  5.618 22.250  4.692 18.264 -7.641  4.092
   6.155  4.959 22.189 22.040  2.587  2.105 23.867 18.615  27.17
111955 724 1 2 3 414932.691414933.7246
 13.881 -0.477 19.297 20.411 33.746  3.552  3.268  6.509  1.311
  20.488 19.378 19.289 19.409  3.306  0.246 34.059 31.953 -39.09
111955 724 2 1 3 214932.691414933.7246
 13.100 -0.299 17.206 46.607 59.134  3.982  0.569 11.036 -2.717
  49.341 46.134 16.696 17.294  0.587  3.395 59.373 59.012 -42.24
112355 734 2 4 61914936.683614937.6865
 13.310  0.420-19.199-24.723-12.372 36.156 45.300-13.230  3.977
 -24.170-26.001-19.322-18.915 25.234 10.922-11.519-17.612   9.10
112355 734 0 0 1 314936.683614937.6865
 13.337 -0.106-24.167-50.804-38.426 10.966  2.368  0.000  0.000
   0.000  0.000  0.000  0.000  0.000  0.000  0.000-38.598   0.00
112355 734 2 1 3 514936.683614937.6865
 14.578 -0.526 28.047-53.080-39.458  9.574  6.711-75.278  0.331
 -52.747-53.409 29.164 26.941  4.760  4.814-37.382-40.032  48.65
112355 734 3 3 6 414936.683614937.6865
 14.114 -0.515 30.721-43.614-30.458  9.910  1.842 72.279 -1.502
 -43.168-43.875 29.521 31.422  3.657  6.253-30.204-30.677 -38.08
112355 734 1 3 4 514936.683614937.6865
 13.690 -0.025 27.426-34.442-21.709 46.020 22.875  2.677 -0.032
 -32.825-36.196 27.359 27.498 23.945 22.076-19.941-23.270   1.47
112455 731 415192414937.686514938.7354
 12.231  0.238-19.620-12.372 -0.571 45.300 39.154 -4.133  0.155
 -11.519-17.612-19.678-19.263 38.962  6.339  1.532 -4.748   5.56
112455 731 2 1 3 114937.686514938.7354
 13.364  0.403-24.061-38.426-25.436  2.368 10.928-26.763 -0.426
 -38.181-38.598-24.174-23.982  0.978  1.390  0.000  0.000   0.00
112555 621 618242014938.735414939.7158
 14.594  0.044-19.870 -0.571 12.774 39.154 51.645  1.422 -0.152
   1.532 -4.748-19.821-19.967 26.043 13.111 14.386  8.273  -4.54
112555 621 0 0 1 214938.735414939.7158
 13.789 -0.147-24.484-25.436-12.881 10.928  5.991  0.000  0.000
   0.000  0.000  0.000  0.000  0.000  0.000  0.000-13.220   0.00
112555 621 51520 914938.735414939.7158
 16.667 -0.144 27.277-12.712  2.666 43.009 32.689  4.482-11.076
  -8.247-24.392 26.966 28.091 31.114 11.895  5.136  1.417  -0.45
112555 621 3 3 6 914938.735414939.7158
 12.789  0.466 44.022-38.776-27.200 15.346  9.893 -0.814  2.662
 -34.160-39.955 44.069 44.010  3.123 12.222-21.655-31.115   9.59
112655 648 911201314939.715814940.6670
 14.718  0.219-19.913 12.774 25.831 51.645 52.275 -3.119 -1.724
  14.386  8.273-19.996-19.683 38.024 13.621 26.762 22.547  -7.94
112655 648 1 1 2 214939.715814940.6670
 13.957  0.275-24.340-12.881 -0.548  5.991 11.741 15.506 -0.102
 -12.784-13.220-24.315-24.426  4.656  1.335 -0.340 -0.674  -3.72
112655 648 3 5 8 814939.715814940.6670
 16.228 -0.719 27.669-13.232  1.260  9.280 11.818 13.307  0.035
 -11.792-15.460 27.368 28.136  5.637  3.643  3.405 -0.192 -31.43
112655 648 1 8 9 514939.715814940.6670
 14.621 -0.016 27.136  2.666 15.630 32.689 37.054  4.032  0.036
   5.136  1.417 26.981 27.214 10.975 21.714 17.395 13.665   4.15
112755 8 0 4 9131114940.667014941.6855
 13.756  0.273-20.121 25.831 38.842 52.275 56.955-11.063  0.178
  26.762 22.547-20.292-19.518 40.727 11.549 39.646 35.250  -0.84
112755 8 0 1 1 2 114940.667014941.6855
 13.340  0.024-24.601 -0.548 12.039 11.741  7.094 11.786 -0.310
  -0.340 -0.674-24.562-24.625  4.435  7.306  0.000  0.000   0.00
112755 8 0 5 510 914940.667014941.6855
 14.656 -0.465 44.013-12.793  1.135  6.714 10.945  5.301  0.958
 -10.147-16.172 43.836 44.238  3.765  2.949  3.315 -3.987  -0.74
112755 8 0 5 3 8 414940.667014941.6855
 12.294 -0.060 26.986  1.260 12.782 11.818  7.001-18.127 -0.766
   3.405 -0.192 27.612 26.562  4.772  7.046 13.807 10.984  33.21
112755 8 0 1 4 5 814940.667014941.6855
 13.740 -0.132 27.120 15.630 28.625 37.054 31.092  8.183 -0.091
  17.395 13.665 26.894 27.372 19.521 17.533 30.209 26.605   2.07
112855 732 3 811 814941.685514942.6816
 13.326  0.881-20.400 38.842 51.141 56.955 42.906-11.904  0.605
  39.646 35.250-20.558-19.690 46.543 10.412 52.649 47.481  12.39
112855 732 0 0 1 314941.685514942.6816
 13.647  0.697-24.625 12.039 24.658  7.094  4.975  0.000  0.000
   0.000  0.000  0.000  0.000  0.000  0.000  0.000 24.369   0.00
112855 732 1 2 3 314941.685514942.6816
 13.345 -0.511 23.219-58.916-46.597 13.830  9.194 -0.935 -2.102
 -56.850-59.595 23.250 23.209  3.419 10.410-46.327-46.712 -31.44
112855 732 5 4 9 514941.685514942.6816
 13.990 -1.592 43.539  1.135 14.097 10.945  2.573  4.558 -3.422
   3.315 -3.987 43.413 43.835  7.678  3.267 15.038 13.122 -45.52
112855 732 1 7 8 614941.685514942.6816
 13.116 -0.721 26.986 28.625 40.715 31.092 38.705 10.256 -0.077
  30.209 26.605 26.731 27.312 17.430 13.662 42.272 38.802   2.14
112955 737 1 2 3 114942.681614943.6699
 13.411  0.015-25.320 24.658 36.939  4.975  4.325 27.634 -0.416
  24.777 24.369-25.264-25.457  3.535  1.441  0.000  0.000   0.00
112955 737 2 1 3 214942.681614943.6699
 13.596 -0.215 22.709-46.597-34.134  9.194  7.586-32.371  1.143
 -46.327-46.712 22.867 22.642  2.732  6.462-33.730-34.176 -42.34
112955 737 4 4 81914942.681614943.6699
 11.498  0.660 21.934-57.513-47.123 24.357 50.056 32.525  2.251
 -56.861-58.832 21.548 22.714 16.292  8.065-45.853-50.640 -32.32
112955 737 4 1 5 114942.681614943.6699
 14.315  1.166 41.953 14.097 27.270  2.573  1.834-40.966 -1.887
  15.038 13.122 42.560 41.323  1.309  1.264  0.000  0.000   0.00
112955 737 1 5 6 414942.681614943.6699
 13.538 -0.007 26.268 40.715 53.122 38.705 17.039 12.396 -0.077
  42.272 38.802 25.961 26.645 21.338 17.368 54.182 50.789  -0.54
12 855 736 1 2 3 414951.683614952.9063
 13.426 -1.950-19.608  8.649 23.866  2.189  1.394-34.959  1.043
   8.874  7.443-19.756-18.813  1.845  0.344 26.036 23.289  47.66
12 855 736 2 2 4 314951.683614952.9063
 16.613  0.353-16.116 -7.522 11.593  5.595  7.251 -1.903 -4.155
  -4.892 -9.929-16.200-16.039  2.674  2.922 11.870 11.281  36.49
121155 627 4 3 7 414954.730514955.6807
 15.841  0.201-23.968 11.079 25.195  7.333  4.338 12.757 -3.735
  12.374  7.905-23.700-24.624  5.208  2.125 25.303 24.810  -7.50
121155 627 612182414954.730514955.6807
 15.540 -1.160 26.883 16.392 30.221 61.138 36.879 -1.373 -0.402
  19.292 14.266 26.945 26.838 25.854 35.284 31.830 27.393 -10.41
121255 739 3 1 4 314955.680714956.6875
 14.912  0.056-24.159 25.195 39.221  4.338  3.633  5.260 -0.270
  25.303 24.810-24.150-24.191  3.392  0.947 39.278 39.112 -38.64
121255 7391014242314955.680714956.6875
 13.403  0.263 25.781 30.221 42.728 36.879 76.847-11.784  0.338
  31.830 27.393 26.083 25.250 23.506 13.373 44.589 39.788  24.38
121355 730 3 3 6 614956.687514957.7246
 15.968  0.122 21.684-37.312-21.764  0.851  3.589 29.638  2.429
 -37.148-38.078 21.597 22.089  0.701  0.150-19.545-23.035 -10.84
121355 730 2 4 6 614956.687514957.7246
 14.004 -0.552 25.233-46.758-33.247 22.279 12.545-17.289 -1.080
 -45.841-48.592 25.492 24.717 14.850  7.429-32.464-34.057  -1.16
121355 730 32023 714956.687514957.7246
 12.198  0.810 26.046 42.728 54.365 76.847 19.322 12.595  0.502
  44.589 39.788 25.672 26.636 47.060 29.788 57.320 51.849  -5.17
121455 636 4 3 7 514957.724614958.7500
 13.863  0.138-29.837-56.642-43.439 57.082 20.429  5.761  0.030
 -55.999-57.250-29.781-29.891 27.747 29.335-43.109-44.070 -47.78
121455 636 4 1 51414957.724614958.7500
 16.750 -0.465 26.730-48.778-32.615 12.178 10.663  7.004 -1.283
 -45.506-48.906 26.371 26.744  0.458 11.720-31.904-33.733  15.60
121455 636 1 5 6 514957.724614958.7500
 14.144  0.228 24.661-33.247-19.756 12.545 14.160-18.453 -0.511
 -32.464-34.057 24.899 24.416  6.373  6.172-19.163-20.215  -1.69
121455 636 2 4 62114957.724614958.7500
 14.357 -0.649 21.810-21.764 -8.055  3.589 22.784 18.801  1.074
 -19.545-23.035 21.109 22.212  1.307  2.282 -5.354-10.037  -5.05
121555 6 0 2 3 51014958.750014959.6670
 13.835  0.099-29.979-43.439-31.657 20.429 23.101-42.018  0.036
 -43.109-44.070-30.237-29.486 13.410  7.019-31.169-32.489  33.32
121555 6 0 5 914 614958.750014959.6670
 13.218  0.849 26.253-32.615-21.399 10.663  2.241 22.607 -0.941
 -31.904-33.733 25.987 26.670  6.515  4.148-21.024-21.670 -69.05
121555 6 0 1 4 5 514958.750014959.6670
 13.438 -0.045 24.895-19.756 -8.339 14.160 16.935-20.141  0.271
 -19.163-20.215 25.092 24.742  6.173  7.987 -7.515 -8.798  -5.04
121555 6 0 714212314958.750014959.6670
 16.254  0.216 21.145 -8.055  5.945 22.784 36.175 13.753  0.722
  -5.354-10.037 20.528 21.597  9.644 13.140  8.312  3.099   7.77
121655 8 0 8 210 714959.667014960.6758
 14.023  0.787-30.069-31.657-18.498 23.101 21.356 -8.697 -0.220
 -31.169-32.489-30.134-29.959 14.559  8.542-17.796-18.874  -0.04
121655 8 0 3 3 6 614959.667014960.6758
 12.398 -0.591 27.031-21.399 -9.879  2.241  2.323-46.442  0.683
 -21.024-21.670 27.382 26.776  0.943  1.298 -9.383-10.829  77.98
121655 8 0 2 3 5 614959.667014960.6758
 14.005 -0.289 24.854 -8.339  4.803 16.935 12.215-25.179 -0.049
  -7.515 -8.798 25.205 24.658  6.066 10.869  5.326  4.106  -0.99
121655 8 01013232314959.667014960.6758
 15.107  0.174 21.342  5.945 20.199 36.175 51.562 21.526  1.499
   8.312  3.099 20.473 22.388 19.752 16.422 23.135 16.236  -4.37
121755 746 2 3 51014960.675814961.6729
 13.592  0.004-19.768  7.023 19.598  4.638  3.940  4.016  0.570
   8.118  6.012-19.696-19.835  2.226  2.413 21.208 18.553   8.13
121755 746 4 3 7 814960.675814961.6729
 12.905 -0.020-30.863-18.498 -6.607 21.356 26.032 -8.739  0.339
 -17.796-18.874-30.956-30.813  7.460 13.896 -5.790 -7.258   0.06
121755 746 4 2 6 414960.675814961.6729
 13.792 -0.730 26.434 -9.879  2.896  2.323  1.698 31.534 -1.193
  -9.383-10.829 26.162 26.957  1.527  0.796  3.122  2.760 -33.20
121755 746 3 3 6 714960.675814961.6729
 13.968  0.179 24.562  4.803 17.753 12.215 10.208-26.168  0.070
   5.326  4.106 24.796 24.250  6.974  5.241 18.453 17.120   3.94
121755 746 815232214960.675814961.6729
 13.886 -0.155 21.517 20.199 33.067 51.562 62.462 17.160  2.136
  23.135 16.236 20.674 22.656 29.618 21.944 37.304 28.009  -5.03
121855 751 6 410 914961.672914962.7178
 14.907 -0.122-19.772 19.598 34.143  3.940 12.401 12.147  0.181
  21.208 18.553-19.446-19.984  1.551  2.389 35.781 32.876 -11.78
121855 751 7 1 8 914961.672914962.7178
 13.182  0.533-30.843 -6.607  6.136 26.032 16.625 -8.682 -0.142
  -5.790 -7.258-30.950-30.758 11.546 14.486  6.979  5.651   7.45
121855 751 2 5 7 614961.672914962.7178
 13.306 -0.450 24.740 17.753 30.625 10.208 11.253-22.228  0.167
  18.453 17.120 25.000 24.506  4.844  5.364 31.627 30.159  -2.55
121855 751 517222514961.672914962.7178
 14.109  0.035 21.363 33.067 46.778 62.462 45.448 12.133 -2.056
  37.304 28.009 20.515 22.376 33.990 28.472 50.155 43.121   3.40
121955 647 3 6 9 314962.717814963.6748
 14.964  0.879-19.645 34.143 47.533 12.401  5.384  0.371  1.251
  35.781 32.876-19.635-19.653  5.408  6.993 48.698 44.442  -1.67
121955 647 4 5 9 814962.717814963.6748
 13.585 -0.148-31.399  6.136 18.206 16.625  6.820 -1.230 -0.413
   6.979  5.651-31.415-31.390  6.076 10.549 18.715 17.907  17.83
121955 647 2 4 6 814962.717814963.6748
 13.381 -0.735 24.271 30.625 42.500 11.253 14.773-24.782  0.218
  31.627 30.159 24.692 24.074  3.573  7.680 43.536 41.848   0.87
121955 647 817251614962.717814963.6748
 14.480 -0.410 21.400 46.778 59.705 45.448 35.424 15.536 -0.111
  50.155 43.121 20.526 22.347 23.628 21.820 61.974 55.355   6.94
122055 747 2 6 8 814963.674814964.6787
 13.261  1.000-31.257 18.206 30.537  6.820 17.542 16.596  0.848
  18.715 17.907-31.128-31.333  2.520  4.300 31.217 29.933  29.59
122055 747 1 2 3 314963.674814964.6787
 14.492 -0.108-18.950-36.621-23.054 30.446 16.146-31.412 -0.788
 -35.993-40.427-19.313-16.752 26.131  4.315-22.577-25.714 -12.57
122055 747 9 3121314963.674814964.6787
 14.882 -0.049-16.111-43.928-29.969 38.998 58.229 -3.304  1.920
 -40.569-45.331-16.297-16.033 11.485 27.513-25.557-32.293   8.70
122055 747 4 4 8 314963.674814964.6787
 14.514  0.685 23.567 42.500 56.089 14.773  3.145-23.916 -0.306
  43.536 41.848 23.989 23.302  5.700  9.072 56.945 55.427  27.56
122155 741 4 4 8 414964.678714965.6846
 13.256 -0.003-32.262 30.537 42.881 17.542 13.638 46.184 -0.641
  31.217 29.933-31.662-32.794  8.245  9.296 43.649 42.680 -18.24
122155 741 1 2 3 114964.678714965.6846
 14.177  0.320-18.842-23.054 -9.784 16.146  1.293-43.978 -4.126
 -22.577-25.714-19.277-16.412 13.691  2.455  0.000  0.000   0.00
122155 741 9 413 414964.678714965.6846
 11.407 -0.105-16.061-29.969-19.485 58.229 45.797  5.391 -4.838
 -25.557-32.293-15.661-16.272 20.090 38.139-19.367-19.500 -90.98
122155 741 2 1 3 214964.678714965.6846
 15.445 -0.372 22.288-33.888-19.342  9.656  8.669 -0.167  2.225
 -32.341-34.488 22.292 22.287  2.700  6.956-15.586-19.853  20.12
122655 441 1 1 2 214969.803714970.6914
 13.715  0.455 21.914-19.342 -8.040  8.669  2.026 19.954 -0.468
 -15.586-19.853 20.649 22.086  1.037  7.632 -5.100 -8.368  16.18
122755 723 0 0 1 414970.691414971.7412
 15.400 -0.577 20.429 -2.706 12.434  0.223  3.865  0.000  0.000
   0.000  0.000  0.000  0.000  0.000  0.000  0.000  8.330   0.00
