 1 522 748 2 1 3 3 2561.6743 2562.6875
 13.866 -0.313  7.447-57.568-44.511  4.878  1.708-39.313  3.667
 -57.541-58.567  7.469  6.636  4.749  0.129-43.877-48.893  41.58
 1 522 748 1 4 5 2 2561.6743 2562.6875
 12.201 -1.029 -7.158 43.783 55.153  7.833  1.561-17.894 -1.499
  46.306 40.444 -7.967 -6.089  4.461  3.371 55.479 50.841  16.35
 11522 642 0 0 1 3 2571.7202 2572.6702
 14.233  0.208 -5.321-25.227-12.635 11.269 13.041  0.000  0.000
   0.000  0.000  0.000  0.000  0.000  0.000  0.000-14.705   0.00
 11622 754 1 2 3 2 2572.6702 2573.6875
 13.250  0.051 -5.519-12.635 -0.151 13.041  1.636 46.902 -0.710
 -12.619-14.705 -5.502 -7.720 12.941  0.100  1.214 -1.090 -56.70
 21422 729 9 61510 2601.6882 2602.7458
 15.086 -0.034 -9.156 17.152 32.071 35.960 23.407-11.418  0.449
  19.017 14.730 -9.528 -8.673 20.315 15.645 33.682 29.009  -3.11
 21622 815 3 6 9 4 2603.6563 2604.6792
 13.961  1.617-12.681 43.888 57.165 37.338 18.179-34.220 -0.892
  45.346 41.472-13.648-11.078 23.281 14.057 57.988 55.140  -7.17
 22722 823 3 3 6 2 2614.6499 2615.6494
 16.989  0.581  6.752-15.654  0.344 11.697  6.255 -2.748 -0.183
 -12.502-16.852  6.902  6.695  3.223  8.475  0.654 -3.359 -13.25
 22722 823 1 1 2 7 2614.6499 2615.6494
 15.682 -2.638 14.592-31.561-16.870  3.525 13.095 17.188  4.932
 -31.337-31.831 14.525 14.673  1.928  1.597-13.434-18.668   2.37
 22722 823 2 2 4 9 2614.6499 2615.6494
 13.024 -0.272  7.916-37.585-25.550 26.273 40.008 22.456  2.672
 -36.898-40.841  7.635  9.248 21.699  4.575-21.618-28.385  -9.01
 22722 823 0 0 1 1 2614.6499 2615.6494
 14.746 -2.924 -6.761 38.749 52.504  6.354  9.636  0.000  0.000
   0.000  0.000  0.000  0.000  0.000  0.000  0.000  0.000   0.00
 22822 824 4 5 9 4 2615.6494 2616.6548
 13.532  0.224  7.643-25.550-12.930 40.008 41.546 13.451  1.196
 -21.618-28.385  6.711  8.315 16.760 23.247 -9.165-17.151  -1.27
 22822 824 3 4 7 2 2615.6494 2616.6548
 11.933 -0.557 11.956-16.870 -5.858 13.095  4.694 19.554 -1.265
 -13.434-18.668 10.762 12.581  4.498  8.598 -1.870 -6.122 -19.19
 22822 824 1 1 2 2 2615.6494 2616.6548
 13.734  0.438  7.333  0.344 13.167  6.255  5.375-15.995  0.580
   0.654 -3.359  7.421  6.280  5.770  0.484 13.873  9.318  -1.08
 3 122 816 1 1 2 2 2616.6548 2617.6479
 14.829  0.791 11.396 -5.858  7.894  4.694 10.211  0.364 -3.188
  -1.870 -6.122 11.371 11.398  0.292  4.403  7.928  7.713 -77.99
 3 122 816 1 1 2 1 2616.6548 2617.6479
 16.090  0.218 10.866  1.336 16.339 10.809  5.443 31.480 -0.165
   1.357  1.214 10.853 10.939  9.216  1.592  0.000  0.000   0.00
 3 122 816 1 1 2 1 2616.6548 2617.6479
 16.471 -0.416  7.773 13.167 28.549  5.375  4.326-17.077 -4.721
  13.873  9.318  7.988  6.602  4.542  0.833  0.000  0.000   0.00
 3 222 826 2 3 512 2617.6479 2618.6521
 13.102 -0.723 11.092-57.220-45.050 51.746 69.716 22.304 -0.846
 -54.294-58.607  9.914 11.650 16.639 35.107-43.021-45.931  17.58
 3 222 826 4 913 6 2617.6479 2618.6521
 16.976 -0.349  8.503  3.502 19.563 59.364 50.113  9.161 -7.008
   7.032 -1.860  7.939  9.358 35.796 23.568 20.540 18.636 -16.51
 3 222 826 1 1 2 6 2617.6479 2618.6521
 14.620 -0.563 12.182  7.894 21.590 10.211 26.462-77.627  6.412
   7.928  7.713 12.333 11.376  8.598  1.613 28.227 20.689  80.40
 3 322 820 8 41212 2618.6521 2619.6584
 14.685  0.650 10.366-45.050-31.260 69.716 70.917 39.884  0.464
 -43.021-45.931  8.699 11.090 21.114 48.603-28.389-32.374 -18.73
 3 322 820 3 2 5 5 2618.6521 2619.6584
 14.186  0.478 10.101  8.272 21.558 34.662 44.034-25.032  0.128
   8.874  7.913 10.379  9.936 12.935 21.727 22.384 21.209  35.26
 3 322 820 1 5 6 6 2618.6521 2619.6584
 15.351  1.013  8.152 19.563 34.023 50.113 70.544 -7.349 -0.452
  20.540 18.636  8.277  8.034 24.406 25.707 34.442 32.976   7.96
 3 322 820 4 2 6 6 2618.6521 2619.6584
 13.338 -2.430 11.617 21.590 34.023 26.462 70.544  2.771 -5.944
  28.227 20.689 11.302 11.660  3.162 23.301 34.442 32.976  -2.17
 3 422 811 8 412 3 2619.6584 2620.7056
 15.952 -1.853 11.020-31.260-15.583 70.917  8.578 21.158  0.471
 -28.389-32.374  9.929 11.443 19.821 51.096-12.650-17.372 -19.72
 3 422 811 1 4 5 4 2619.6584 2620.7056
 13.949 -0.244 10.582 21.558 35.138 44.034 29.828 10.223 -0.318
  22.384 21.209 10.436 10.644 13.091 30.943 35.283 34.854 -70.64
 3 422 811 2 4 6 7 2619.6584 2620.7056
 14.598 -0.203  9.172 34.023 48.282 70.544 56.164  0.606 -0.346
  34.442 32.976  9.167  9.182 50.390 20.155 48.769 47.683  12.22
 3 422 811 1 1 2 1 2619.6584 2620.7056
 14.688 -0.054 10.859 43.356 57.709  8.801  0.050 28.272 -2.172
  43.367 41.419 10.853 11.882  8.751  0.050  0.000  0.000   0.00
 3 522 7 3 1 3 4 2 2620.7056 2621.6736
 12.469 -0.757  6.815-26.234-15.114  8.863  1.087-10.791 -1.822
 -24.737-27.305  7.098  6.612  3.697  5.165-14.955-15.122 -66.83
 3 522 7 3 2 1 3 5 2620.7056 2621.6736
 11.905  0.217  9.080-15.583 -5.009  8.578  6.493  1.437 -2.755
 -12.650-17.372  9.007  9.124  3.250  5.328 -3.742 -5.676   0.92
 3 522 7 3 0 0 1 2 2620.7056 2621.6736
 15.098  0.798 12.207-17.687 -4.022 30.376 15.566  0.000  0.000
   0.000  0.000  0.000  0.000  0.000  0.000  0.000 -5.747   0.00
 3 522 7 3 0 0 1 1 2620.7056 2621.6736
 14.107  0.385  9.424-12.256  0.450  1.856  0.224  0.000  0.000
   0.000  0.000  0.000  0.000  0.000  0.000  0.000  0.000   0.00
 3 522 7 3 3 1 4 2 2620.7056 2621.6736
 13.995  0.766 10.327 35.138 47.736 29.828 32.527-60.413 -0.117
  35.283 34.854 10.578  9.834 19.767 10.061 47.772 47.629 139.45
 3 622 749 3 2 5 4 2621.6736 2622.7112
 13.700  2.696  9.290 -5.009  8.186  6.493 24.684  2.362  0.760
  -3.742 -5.676  9.239  9.317  2.240  4.253  8.666  8.109  75.88
 3 622 749 1 1 2 4 2621.6736 2622.7112
 12.749 -0.860 12.980 -4.022  8.186 15.566 24.684-17.813 -0.424
  -2.724 -5.747 13.386 12.440  8.880  6.685  8.666  8.109  96.06
 3 722 655 2 1 3 7 2622.7112 2623.9333
 14.067 -0.138 -5.551-58.169-42.177 10.762 33.128 11.529  1.221
 -56.734-59.206 -5.259 -5.761  4.513  6.249-39.715-43.393  -0.37
 3 722 655 3 1 4 4 2622.7112 2623.9333
 14.037  0.233 12.087  8.186 24.142 24.684 31.666 78.245 -1.749
   8.666  8.109  9.831 12.445  3.380 21.303 24.281 23.772 -20.93
 3 822 136 4 3 7 6 2623.9333 2624.6694
 14.919  0.913 -5.382-42.177-31.918 33.128 31.867 11.161 -0.492
 -39.715-43.393 -4.899 -5.621 10.955 22.173-30.463-33.638   1.86
 3 822 136 3 1 4 3 2623.9333 2624.6694
 14.402  1.863 12.372 24.142 34.020 31.666 38.467 57.314  3.564
  24.281 23.772 12.160 12.936 23.012  8.654 37.852 33.868 -26.94
 3 922 755 3 3 615 2624.6694 2625.7236
 14.062  0.324 -6.054-31.918-18.131 31.867 24.076 13.017  0.139
 -30.463-33.638 -5.720 -6.450 17.262 14.604-16.247-19.566  -0.39
 3 922 755 3 2 5 6 2624.6694 2625.7236
 14.472 -0.165  5.746-45.873-31.653 20.308 18.519-54.452 -0.008
 -45.694-46.805  5.994  4.447 17.047  3.261-31.266-32.843  20.43
 3 922 755 1 2 3 4 2624.6694 2625.7236
 13.162  0.866 13.743 34.020 46.858 38.467 38.838 30.374 -1.487
  37.852 33.868 11.562 13.830  1.475 36.991 47.407 46.685  46.17
 4 222 7 1 0 0 1 1 2648.7070 2649.6604
 13.507  0.302 10.731 -5.458  6.481  7.674 13.716  0.000  0.000
   0.000  0.000  0.000  0.000  0.000  0.000  0.000  0.000   0.00
 42622 852 2 1 3 1 2672.6306 2673.6389
 15.168 -0.709  5.888-47.485-33.185  8.016  2.109 -0.743 -3.746
 -47.036-50.803  5.893  5.845  7.061  0.954  0.000  0.000   0.00
 42722 839 0 0 1 2 2673.6389 2674.6318
 14.168 -0.318  5.173-33.185-20.095  2.109  1.715  0.000  0.000
   0.000  0.000  0.000  0.000  0.000  0.000  0.000-20.248   0.00
 5 122 854 8 311 7 2677.6284 2678.6494
 16.127 -0.956  9.144-25.279 -9.823 31.223 59.905  7.578  0.070
 -19.997-26.841  8.451  9.349  7.126 24.097 -6.462-13.381  -1.57
 5 122 854 0 0 1 7 2677.6284 2678.6494
 16.871  2.202  5.920-26.038 -9.823  0.050 59.905  0.000  0.000
   0.000  0.000  0.000  0.000  0.000  0.000  0.000-13.381   0.00
 5 222 824 3 4 713 2678.6494 2679.6035
 12.248  0.928  8.168 -9.823  0.923 59.905 24.809  6.013 -0.885
  -6.462-13.381  7.818  8.539 30.808 29.097  4.911 -1.155  -2.64
 5 422 926 3 2 5 2 2680.6069 2681.6187
 14.076 -0.164  8.809 11.170 24.414 13.920  5.634-35.986 -1.403
  12.309 10.958  9.627  8.657  2.179 11.740 24.517 24.382 -21.20
 5 422 926 0 0 1 2 2680.6069 2681.6187
 14.496 -0.071  8.415 19.918 33.588  8.100 23.819  0.000  0.000
   0.000  0.000  0.000  0.000  0.000  0.000  0.000 33.331   0.00
 52622 954 1 1 2 3 2702.5869 2703.5972
 14.217 -0.020  8.209-45.730-32.359  2.041  2.817 -7.968  0.258
 -45.502-45.933  8.241  8.181  0.961  1.080-31.838-32.533   9.49
 52722 939 2 1 3 2 2703.5972 2704.6355
 14.132 -0.288  8.188-32.359-18.708  2.817  1.780  1.518 -0.092
 -31.838-32.533  8.175  8.193  0.705  2.112-18.140-18.725 -15.16
 7 8221015 0 0 1 2 2745.5723 2746.5798
 15.272  0.307 -9.564-29.761-15.359  9.660  3.600  0.000  0.000
   0.000  0.000  0.000  0.000  0.000  0.000  0.000-15.516   0.00
 7222210 0 41115 1 2759.5833 2760.5764
 17.300  0.797 -5.343 -8.939  7.269 32.164 12.262 -2.499 -7.368
  -5.906-13.299 -5.475 -5.154 18.966 13.198  0.000  0.000   0.00
 7232210 9 0 0 1 3 2760.5764 2761.5742
 15.560 -1.151 -6.134  7.269 21.821 12.262  9.237  0.000  0.000
   0.000  0.000  0.000  0.000  0.000  0.000  0.000 20.598   0.00
 7232210 9 5 4 9 3 2760.5764 2761.5742
 15.562  0.009 -5.616 -0.733 13.820  8.996  5.077-37.585 -0.794
   0.023 -1.520 -6.195 -5.013  4.586  4.410 14.012 12.927  57.00
 724221012 1 2 3 7 2761.5742 2762.5757
 14.291  0.308 -4.986 21.821 35.153  9.237 10.399-20.291  0.594
  21.849 20.598 -4.996 -4.536  9.029  0.208 35.676 33.896  -2.53
 724221012 2 1 3 2 2761.5742 2762.5757
 14.651  0.692 -5.625 13.820 27.512  5.077  3.941 19.419 -0.737
  14.012 12.927 -5.557 -5.938  4.180  0.897 27.516 27.222 -63.67
 725221011 1 6 7 3 2762.5757 2763.5784
 14.301 -0.160 -5.295 35.153 48.513 10.399 20.924-22.823  0.164
  35.676 33.896 -5.514 -4.768  7.343  3.057 48.938 46.936   5.70
 82522 945 9112013 2793.5938 2794.6006
 14.407 -0.319-12.130 35.291 48.811 33.518 24.013 12.670  1.346
  38.461 33.019-11.434-12.630 13.992 19.526 51.974 45.156  -1.67
 82622 934 5 813 7 2794.6006 2795.5986
 11.907  1.005-11.809 48.811 59.714 24.013  4.633 10.999 -1.357
  51.974 45.156-11.207-12.504 12.870 11.143 62.526 57.776  20.67
 91722 939 0 0 1 2 2816.5972 2817.6160
 14.075 -2.033-12.998-12.226  1.111 20.830  9.471  0.000  0.000
   0.000  0.000  0.000  0.000  0.000  0.000  0.000  0.912   0.00
 91922 8 5 0 0 1 2 2818.6626 2819.6709
 15.229 -1.510-11.198 11.508 25.872 13.724 20.523  0.000  0.000
   0.000  0.000  0.000  0.000  0.000  0.000  0.000 25.707   0.00
 92122 8 0 0 0 1 2 2820.6667 2821.6091
 14.501  0.470-11.126 36.149 48.888  6.089  6.725  0.000  0.000
   0.000  0.000  0.000  0.000  0.000  0.000  0.000 48.856   0.00
111122 637 1 1 2 1 2871.7236 2872.7075
 13.837  0.097 -4.938  7.506 20.152 32.258 31.978  6.163 -2.728
   7.600  4.878 -4.928 -5.221 31.137  1.120  0.000  0.000   0.00
111222 7 1 0 0 1 1 2872.7075 2873.7153
 13.700  0.617 -5.034 20.152 32.964 31.978  8.472  0.000  0.000
   0.000  0.000  0.000  0.000  0.000  0.000  0.000  0.000   0.00
111322 649 0 0 1 1 2873.7153 2874.7048
 14.612 -0.332 -5.657 32.964 46.449  8.472  3.423  0.000  0.000
   0.000  0.000  0.000  0.000  0.000  0.000  0.000  0.000   0.00
111422 7 4 0 0 1 1 2874.7048 2875.7361
 13.397  0.684 -5.328 46.449 59.249  3.423 18.622  0.000  0.000
   0.000  0.000  0.000  0.000  0.000  0.000  0.000  0.000   0.00
