 1 522 748 2 1 3 3 2561.6743 2562.6875
 14.344  0.075  7.029  7.104-57.418-43.877  0.050  1.492  7.447
 -57.568  4.878  1.708  1.315  3.667-39.313  2.262 13.866  -0.31
 1 522 748 2 1 3 3 2561.6743 2562.6875
 14.467 -0.364  7.473  7.104-57.542-43.877  4.699  1.492  7.447
 -57.568  4.878  1.708  1.315  3.667-39.313  2.262 13.866  -0.31
 1 522 748 1 4 5 2 2561.6743 2562.6875
 13.964  0.080 -5.920 -6.000 37.684 50.841  0.974  0.110 -7.158
  43.783  7.833  1.561  6.112 -1.499-17.894 -1.540 12.201  -1.03
 1 522 748 1 4 5 2 2561.6743 2562.6875
 13.164  0.061 -5.939 -6.000 38.496 50.841  0.050  0.110 -7.158
  43.783  7.833  1.561  6.112 -1.499-17.894 -1.540 12.201  -1.03
 1 522 748 1 4 5 2 2561.6743 2562.6875
 13.015  0.266 -5.854 -6.124 43.284 55.479  0.937  1.451 -7.158
  43.783  7.833  1.561  6.112 -1.499-17.894 -1.540 12.201  -1.03
 11522 642 0 0 1 3 2571.7202 2572.6702
 14.250  0.190 -5.321 -5.502-25.227-12.619 11.269 12.941 -5.321
 -25.227 11.269 13.041  0.000  3.038  0.000 46.902 14.233   0.21
 11622 754 1 2 3 2 2572.6702 2573.6875
 12.311 -0.091 -5.502 -5.410-12.619 -1.090 12.941  0.969 -5.519
 -12.635 13.041  1.636  3.038 -0.710 46.902 -9.801 13.250   0.05
 21422 729 9 61510 2601.6882 2602.7458
 14.838  0.186 -9.779 -9.976 13.890 28.547  5.614  1.080 -9.156
  17.152 35.960 23.407  4.318  0.449-11.418-14.532 15.086  -0.03
 21422 729 9 61510 2601.6882 2602.7458
 14.703  0.162 -8.601 -8.772 13.954 28.469  1.765  2.918 -9.156
  17.152 35.960 23.407  4.318  0.449-11.418-14.532 15.086  -0.03
 21422 729 9 61510 2601.6882 2602.7458
 14.160  0.042 -7.404 -7.448 15.945 29.885  6.687  3.694 -9.156
  17.152 35.960 23.407  4.318  0.449-11.418-14.532 15.086  -0.03
 21422 729 9 61510 2601.6882 2602.7458
 14.404  0.028-10.005-10.034 18.981 33.179  2.092  0.517 -9.156
  17.152 35.960 23.407  4.318  0.449-11.418-14.532 15.086  -0.03
 21422 729 9 61510 2601.6882 2602.7458
 14.662  0.172 -9.852-10.034 18.708 33.179  4.244  0.517 -9.156
  17.152 35.960 23.407  4.318  0.449-11.418-14.532 15.086  -0.03
 21422 729 9 61510 2601.6882 2602.7458
 14.907  0.058 -9.460 -9.521 18.492 33.222  0.050  0.495 -9.156
  17.152 35.960 23.407  4.318  0.449-11.418-14.532 15.086  -0.03
 21422 729 9 61510 2601.6882 2602.7458
 14.552  0.110 -9.404 -9.521 18.867 33.222  2.555  0.495 -9.156
  17.152 35.960 23.407  4.318  0.449-11.418-14.532 15.086  -0.03
 21422 729 9 61510 2601.6882 2602.7458
 14.142  0.217 -8.997 -9.226 19.029 32.951  8.290  0.620 -9.156
  17.152 35.960 23.407  4.318  0.449-11.418-14.532 15.086  -0.03
 21422 729 9 61510 2601.6882 2602.7458
 14.231  0.228-10.033-10.275 19.514 33.529  1.493  1.261 -9.156
  17.152 35.960 23.407  4.318  0.449-11.418-14.532 15.086  -0.03
 21422 729 9 61510 2601.6882 2602.7458
 14.400 -0.124-10.184-10.053 19.815 34.009  1.075  4.478 -9.156
  17.152 35.960 23.407  4.318  0.449-11.418-14.532 15.086  -0.03
 21622 815 3 6 9 4 2603.6563 2604.6792
 14.267  1.494-14.066-15.594 45.632 59.223 12.423  0.052-12.681
  43.888 37.338 18.179  4.570 -0.892-34.220-41.394 13.961   1.62
 21622 815 3 6 9 4 2603.6563 2604.6792
 13.650  1.823-13.168-15.033 45.022 57.982 10.809 12.825-12.681
  43.888 37.338 18.179  4.570 -0.892-34.220-41.394 13.961   1.62
 21622 815 3 6 9 4 2603.6563 2604.6792
 13.925  1.874-10.688-12.606 41.899 55.140 11.511  5.253-12.681
  43.888 37.338 18.179  4.570 -0.892-34.220-41.394 13.961   1.62
 22722 823 3 3 6 2 2614.6499 2615.6494
 14.499  0.790  6.632  7.421-12.854  0.654  1.516  5.770  6.752
 -15.654 11.697  6.255  4.324 -0.183 -2.748-15.995 16.989   0.58
 22722 823 3 3 6 2 2614.6499 2615.6494
 14.189  0.479  5.801  6.280-16.558 -3.359  3.045  0.484  6.752
 -15.654 11.697  6.255  4.324 -0.183 -2.748-15.995 16.989   0.58
 22722 823 2 2 4 9 2614.6499 2615.6494
 14.785 -1.128  7.666  6.539-35.712-21.918  5.963  8.328  7.916
 -37.585 26.273 40.008  4.225  2.672 22.456 13.451 13.024  -0.27
 22722 823 2 2 4 9 2614.6499 2615.6494
 14.532 -1.387  7.622  6.237-37.348-23.807 15.736  0.050  7.916
 -37.585 26.273 40.008  4.225  2.672 22.456 13.451 13.024  -0.27
 22722 823 2 2 4 9 2614.6499 2615.6494
 14.308 -1.523  8.462  6.941-39.087-25.770  1.417  1.958  7.916
 -37.585 26.273 40.008  4.225  2.672 22.456 13.451 13.024  -0.27
 22722 823 2 2 4 9 2614.6499 2615.6494
 14.821 -1.067  9.601  8.534-41.628-27.797  3.158  0.454  7.916
 -37.585 26.273 40.008  4.225  2.672 22.456 13.451 13.024  -0.27
 22822 824 4 5 9 4 2615.6494 2616.6548
 14.863  0.652  8.520  9.176-29.762-15.803 13.229  9.035  7.643
 -25.550 40.008 41.546  6.897  1.196 13.451 12.183 13.532   0.22
 22822 824 4 5 9 4 2615.6494 2616.6548
 15.198  0.510  6.539  7.053-21.918 -7.622  8.328 13.895  7.643
 -25.550 40.008 41.546  6.897  1.196 13.451 12.183 13.532   0.22
 22822 824 4 5 9 4 2615.6494 2616.6548
 14.408  0.295  6.756  7.053-21.123 -7.622  5.898 13.895  7.643
 -25.550 40.008 41.546  6.897  1.196 13.451 12.183 13.532   0.22
 22822 824 3 4 7 2 2615.6494 2616.6548
 13.471  0.506 10.889 11.398-18.681 -6.122  2.433  4.403 11.956
 -16.870 13.095  4.694  5.433 -1.265 19.554  0.364 11.933  -0.56
 22822 824 3 4 7 2 2615.6494 2616.6548
 13.025  0.592 10.802 11.398-18.232 -6.122  0.683  4.403 11.956
 -16.870 13.095  4.694  5.433 -1.265 19.554  0.364 11.933  -0.56
 22822 824 3 4 7 2 2615.6494 2616.6548
 12.860  0.354 11.015 11.371-13.814 -1.870  2.216  0.292 11.956
 -16.870 13.095  4.694  5.433 -1.265 19.554  0.364 11.933  -0.56
 22822 824 1 1 2 2 2615.6494 2616.6548
 13.588  0.320  6.280  6.602 -3.359  9.318  0.484  0.833  7.333
   0.344  6.255  5.375  4.141  0.580-15.995-17.077 13.734   0.44
 22822 824 1 1 2 2 2615.6494 2616.6548
 14.127  0.564  7.421  7.988  0.654 13.873  5.770  4.542  7.333
   0.344  6.255  5.375  4.141  0.580-15.995-17.077 13.734   0.44
 3 122 816 1 1 2 2 2616.6548 2617.6479
 15.129  0.942 11.398 12.333 -6.122  7.928  4.403  8.598 11.396
  -5.858  4.694 10.211  4.168 -3.188  0.364-77.627 14.829   0.79
 3 122 816 1 1 2 1 2616.6548 2617.6479
 16.068  0.230 10.853 11.082  1.357 16.339  9.216  5.443 10.866
   1.336 10.809  5.443  0.165 -0.165 31.480  0.000 16.090   0.22
 3 122 816 1 1 2 1 2616.6548 2617.6479
 16.212  0.144 10.939 11.082  1.214 16.339  1.592  5.443 10.866
   1.336 10.809  5.443  0.165 -0.165 31.480  0.000 16.090   0.22
 3 122 816 1 1 2 1 2616.6548 2617.6479
 15.760 -0.632  7.988  7.360 13.873 28.549  4.542  4.326  7.773
  13.167  5.375  4.326  4.721 -4.721-17.077  0.000 16.471  -0.42
 3 222 826 2 3 512 2617.6479 2618.6521
 13.207  0.135  9.493  9.628-53.811-41.535  6.719  0.866 11.092
 -57.220 51.746 69.716  4.576 -0.846 22.304 39.884 13.102  -0.72
 3 222 826 2 3 512 2617.6479 2618.6521
 14.110 -0.262 10.199  9.936-54.620-41.437  9.920  2.462 11.092
 -57.220 51.746 69.716  4.576 -0.846 22.304 39.884 13.102  -0.72
 3 222 826 2 3 512 2617.6479 2618.6521
 13.562  0.044 12.112 12.156-58.539-45.907 29.254 29.088 11.092
 -57.220 51.746 69.716  4.576 -0.846 22.304 39.884 13.102  -0.72
 3 222 826 2 3 512 2617.6479 2618.6521
 13.900 -0.075  9.193  9.117-59.068-46.096  4.144  9.917 11.092
 -57.220 51.746 69.716  4.576 -0.846 22.304 39.884 13.102  -0.72
 3 222 826 2 3 512 2617.6479 2618.6521
 13.733 -0.245  9.707  9.461-58.658-45.853  1.709  8.633 11.092
 -57.220 51.746 69.716  4.576 -0.846 22.304 39.884 13.102  -0.72
 3 222 826 4 913 6 2617.6479 2618.6521
 16.267  0.143  7.860  8.003  3.468 18.817  3.093 13.559  8.503
   3.502 59.364 50.113  8.908 -7.008  9.161 -7.349 16.976  -0.35
 3 222 826 4 913 6 2617.6479 2618.6521
 16.097  0.071  7.613  7.684  4.275 19.453  0.811  3.308  8.503
   3.502 59.364 50.113  8.908 -7.008  9.161 -7.349 16.976  -0.35
 3 222 826 4 913 6 2617.6479 2618.6521
 15.541  0.158  7.526  7.684  4.833 19.453  4.477  3.308  8.503
   3.502 59.364 50.113  8.908 -7.008  9.161 -7.349 16.976  -0.35
 3 222 826 1 1 2 6 2617.6479 2618.6521
 13.928  0.077 11.376 11.454  7.713 20.714  1.613 19.379 12.182
   7.894 10.211 26.462  0.980  6.412-77.627  2.771 14.620  -0.56
 3 222 826 1 1 2 6 2617.6479 2618.6521
 13.569  0.343 12.333 12.677  7.928 20.568  8.598  3.922 12.182
   7.894 10.211 26.462  0.980  6.412-77.627  2.771 14.620  -0.56
 3 322 820 8 41212 2618.6521 2619.6584
 14.537  0.344  9.031  9.378-40.714-27.074  4.374  5.650 10.366
 -45.050 69.716 70.917  3.730  0.464 39.884 21.158 14.685   0.65
 3 322 820 8 41212 2618.6521 2619.6584
 14.841  0.137  9.628  9.767-41.535-27.588  0.866  1.751 10.366
 -45.050 69.716 70.917  3.730  0.464 39.884 21.158 14.685   0.65
 3 322 820 8 41212 2618.6521 2619.6584
 15.338  0.592  7.738  8.334-41.858-27.412  1.894  3.043 10.366
 -45.050 69.716 70.917  3.730  0.464 39.884 21.158 14.685   0.65
 3 322 820 8 41212 2618.6521 2619.6584
 14.500  0.405  8.773  9.181-44.750-31.147  4.155  1.543 10.366
 -45.050 69.716 70.917  3.730  0.464 39.884 21.158 14.685   0.65
 3 322 820 8 41212 2618.6521 2619.6584
 14.520  0.391  9.117  9.510-46.096-32.472  9.917 13.749 10.366
 -45.050 69.716 70.917  3.730  0.464 39.884 21.158 14.685   0.65
 3 322 820 8 41212 2618.6521 2619.6584
 14.470  0.327 12.156 12.485-45.907-32.334 29.088 30.680 10.366
 -45.050 69.716 70.917  3.730  0.464 39.884 21.158 14.685   0.65
 3 322 820 8 41212 2618.6521 2619.6584
 15.291  0.380 13.815 14.197-45.655-31.257  0.965  1.544 10.366
 -45.050 69.716 70.917  3.730  0.464 39.884 21.158 14.685   0.65
 3 322 820 8 41212 2618.6521 2619.6584
 14.618  0.366 13.829 14.197-44.978-31.257  0.050  1.544 10.366
 -45.050 69.716 70.917  3.730  0.464 39.884 21.158 14.685   0.65
 3 322 820 3 2 5 5 2618.6521 2619.6584
 14.631  0.678 10.419 11.101  7.669 21.403  6.139 16.251 10.101
   8.272 34.662 44.034  1.045  0.128-25.032 10.223 14.186   0.48
 3 322 820 3 2 5 5 2618.6521 2619.6584
 14.345  0.239  9.746  9.987  8.009 21.456 15.587  6.465 10.101
   8.272 34.662 44.034  1.045  0.128-25.032 10.223 14.186   0.48
 3 322 820 3 2 5 5 2618.6521 2619.6584
 14.547  0.424 10.010 10.436  8.734 22.384  2.516 13.091 10.101
   8.272 34.662 44.034  1.045  0.128-25.032 10.223 14.186   0.48
 3 322 820 3 2 5 5 2618.6521 2619.6584
 13.823  0.416 10.683 11.101  8.481 21.403  6.024 16.251 10.101
   8.272 34.662 44.034  1.045  0.128-25.032 10.223 14.186   0.48
 3 322 820 3 2 5 5 2618.6521 2619.6584
 13.792  0.262 10.172 10.436  9.493 22.384  4.396 13.091 10.101
   8.272 34.662 44.034  1.045  0.128-25.032 10.223 14.186   0.48
 3 322 820 1 5 6 6 2618.6521 2619.6584
 15.115 -0.063  8.405  8.341 18.256 32.477  6.192 10.494  8.152
  19.563 50.113 70.544  1.900 -0.452 -7.349  0.606 15.351   1.01
 3 322 820 1 5 6 6 2618.6521 2619.6584
 15.308 -0.191  8.003  7.811 18.817 33.233 13.559  3.769  8.152
  19.563 50.113 70.544  1.900 -0.452 -7.349  0.606 15.351   1.01
 3 322 820 1 5 6 6 2618.6521 2619.6584
 14.953 -0.316  7.684  7.366 19.453 33.512  3.308  1.134  8.152
  19.563 50.113 70.544  1.900 -0.452 -7.349  0.606 15.351   1.01
 3 322 820 1 5 6 6 2618.6521 2619.6584
 14.846  0.152  8.277  8.430 20.540 34.491 24.406 37.969  8.152
  19.563 50.113 70.544  1.900 -0.452 -7.349  0.606 15.351   1.01
 3 422 811 8 412 3 2619.6584 2620.7056
 15.224 -0.358  9.767  9.391-27.588-12.674  1.751  2.189 11.020
 -31.260 70.917  8.578  4.194  0.471 21.158  1.437 15.952  -1.85
 3 422 811 8 412 3 2619.6584 2620.7056
 15.733 -0.381  9.790  9.391-28.121-12.674  0.050  2.189 11.020
 -31.260 70.917  8.578  4.194  0.471 21.158  1.437 15.952  -1.85
 3 422 811 8 412 3 2619.6584 2620.7056
 15.401 -0.369  9.510  9.124-32.472-17.372 13.749  5.328 11.020
 -31.260 70.917  8.578  4.194  0.471 21.158  1.437 15.952  -1.85
 3 422 811 1 4 5 4 2619.6584 2620.7056
 14.565 -0.386 10.238  9.834 20.629 34.854  8.106 10.061 10.582
  21.558 44.034 29.828  1.173 -0.318 10.223-60.413 13.949  -0.24
 3 422 811 1 4 5 4 2619.6584 2620.7056
 14.331 -0.095  9.987  9.887 21.456 35.435  6.465  7.898 10.582
  21.558 44.034 29.828  1.173 -0.318 10.223-60.413 13.949  -0.24
 3 422 811 1 4 5 4 2619.6584 2620.7056
 13.986 -0.082 10.436 10.350 22.384 36.002 13.091  0.571 10.582
  21.558 44.034 29.828  1.173 -0.318 10.223-60.413 13.949  -0.24
 3 422 811 1 4 5 4 2619.6584 2620.7056
 14.099 -0.028 11.101 11.072 21.403 35.140 16.251 11.298 10.582
  21.558 44.034 29.828  1.173 -0.318 10.223-60.413 13.949  -0.24
 3 422 811 2 4 6 7 2619.6584 2620.7056
 14.497  0.108  8.341  8.455 32.477 46.631 10.494  2.956  9.172
  34.023 70.544 56.164  1.448 -0.346  0.606 12.829 14.598  -0.20
 3 422 811 2 4 6 7 2619.6584 2620.7056
 14.507  0.131  8.430  8.567 34.491 48.654 37.969 18.549  9.172
  34.023 70.544 56.164  1.448 -0.346  0.606 12.829 14.598  -0.20
 3 422 811 2 4 6 7 2619.6584 2620.7056
 14.756 -0.298 11.422 11.110 34.293 48.718 12.420  5.155  9.172
  34.023 70.544 56.164  1.448 -0.346  0.606 12.829 14.598  -0.20
 3 422 811 2 4 6 7 2619.6584 2620.7056
 14.500 -0.310 12.557 12.232 33.743 47.899  4.758  6.023  9.172
  34.023 70.544 56.164  1.448 -0.346  0.606 12.829 14.598  -0.20
 3 422 811 1 1 2 1 2619.6584 2620.7056
 16.538 -1.031 11.882 10.802 41.419 57.709  0.050  0.050 10.859
  43.356  8.801  0.050  2.172 -2.172 28.272  0.000 14.688  -0.05
 3 522 7 3 1 3 4 2 2620.7056 2621.6736
 13.296 -0.310  6.348  6.048-27.042-15.122  0.987  1.037  6.815
 -26.234  8.863  1.087  2.595 -1.822-10.791-77.617 12.469  -0.76
 3 522 7 3 1 3 4 2 2620.7056 2621.6736
 13.614 -0.633  6.661  6.048-27.350-15.122  4.048  1.037  6.815
 -26.234  8.863  1.087  2.595 -1.822-10.791-77.617 12.469  -0.76
 3 522 7 3 0 0 1 2 2620.7056 2621.6736
 16.439  1.218 12.207 13.386-17.687 -2.724 30.376  8.880 12.207
 -17.687 30.376 15.566  0.000  3.095  0.000-17.813 15.098   0.80
 3 522 7 3 0 0 1 1 2620.7056 2621.6736
 14.107  0.385  9.424  9.796-12.256  0.450  1.856  0.224  9.424
 -12.256  1.856  0.224  0.000  0.000  0.000  0.000 14.107   0.38
 3 522 7 3 3 1 4 2 2620.7056 2621.6736
 14.178  1.836  9.834 11.611 34.854 47.629 10.061  8.187 10.327
  35.138 29.828 32.527  0.855 -0.117-60.413 79.038 13.995   0.77
 3 522 7 3 3 1 4 2 2620.7056 2621.6736
 13.578  1.781  9.887 11.611 35.435 47.629  7.898  8.187 10.327
  35.138 29.828 32.527  0.855 -0.117-60.413 79.038 13.995   0.77
 3 622 749 3 2 5 4 2621.6736 2622.7112
 14.690  1.280  8.908 10.235 -3.976 10.246  1.546  0.111  9.290
  -5.009  6.493 24.684  1.910  0.760  2.362 78.245 13.700   2.70
 3 622 749 1 1 2 4 2621.6736 2622.7112
 11.423 -0.907 13.386 12.445 -2.724  8.109  8.880 21.303 12.980
  -4.022 15.566 24.684  3.095 -0.424-17.813 78.245 12.749  -0.86
 3 722 655 2 1 3 7 2622.7112 2623.9333
 13.903 -0.149 -5.761 -5.580-59.206-43.414  6.249 18.545 -5.551
 -58.169 10.762 33.128  2.511  1.221 11.529 11.161 14.067  -0.14
 3 722 655 2 1 3 7 2622.7112 2623.9333
 13.614  0.250 -4.142 -4.447-56.952-41.514  0.050  0.898 -5.551
 -58.169 10.762 33.128  2.511  1.221 11.529 11.161 14.067  -0.14
 3 722 655 3 1 4 4 2622.7112 2623.9333
 14.450 -0.258  9.775  9.460  8.472 24.933  3.084  1.056 12.087
   8.186 24.684 31.666  2.671 -1.749 78.245 57.314 14.037   0.23
 3 722 655 3 1 4 4 2622.7112 2623.9333
 14.181 -0.124 12.445 12.294  8.109 24.242 21.303 21.906 12.087
   8.186 24.684 31.666  2.671 -1.749 78.245 57.314 14.037   0.23
 3 722 655 3 1 4 4 2622.7112 2623.9333
 14.775 -0.003 10.520 10.516 10.939 27.797  0.186  0.050 12.087
   8.186 24.684 31.666  2.671 -1.749 78.245 57.314 14.037   0.23
 3 822 136 4 3 7 6 2623.9333 2624.6694
 15.012  1.708 -4.639 -5.897-39.852-29.525  5.127  9.564 -5.382
 -42.177 33.128 31.867  3.732 -0.492 11.161 13.017 14.919   0.91
 3 822 136 4 3 7 6 2623.9333 2624.6694
 15.558  1.392 -4.447 -5.472-41.514-30.785  0.898  0.726 -5.382
 -42.177 33.128 31.867  3.732 -0.492 11.161 13.017 14.919   0.91
 3 822 136 4 3 7 6 2623.9333 2624.6694
 14.810  1.585 -5.825 -6.992-42.869-32.690  3.205  0.807 -5.382
 -42.177 33.128 31.867  3.732 -0.492 11.161 13.017 14.919   0.91
 3 822 136 3 1 4 3 2623.9333 2624.6694
 13.655  1.777 12.936 14.243 23.772 33.100  8.654  0.374 12.372
  24.142 31.666 38.467  0.921  3.564 57.314 30.374 14.402   1.86
 3 922 755 3 3 615 2624.6694 2625.7236
 14.517  0.410 -5.897 -6.329-29.525-15.257  9.564  1.200 -6.054
 -31.918 31.867 24.076  3.241  0.139 13.017 12.628 14.062   0.32
 3 922 755 3 3 615 2624.6694 2625.7236
 14.535  0.067 -5.472 -5.542-30.785-16.499  0.726  0.916 -6.054
 -31.918 31.867 24.076  3.241  0.139 13.017 12.628 14.062   0.32
 3 922 755 3 3 615 2624.6694 2625.7236
 14.851  0.356 -5.503 -5.879-31.716-17.097  6.972  4.014 -6.054
 -31.918 31.867 24.076  3.241  0.139 13.017 12.628 14.062   0.32
 3 922 755 3 3 615 2624.6694 2625.7236
 14.638  0.444 -6.992 -7.460-32.690-18.296  0.807  0.696 -6.054
 -31.918 31.867 24.076  3.241  0.139 13.017 12.628 14.062   0.32
 3 922 755 3 3 615 2624.6694 2625.7236
 14.370  0.312 -6.459 -6.788-33.499-19.387 11.350  6.789 -6.054
 -31.918 31.867 24.076  3.241  0.139 13.017 12.628 14.062   0.32
 3 922 755 3 2 5 6 2624.6694 2625.7236
 14.681 -0.166  6.007  5.832-45.705-31.266 16.764 13.971  5.746
 -45.873 20.308 18.519  1.901 -0.008-54.452-34.024 14.472  -0.17
 3 922 755 3 2 5 6 2624.6694 2625.7236
 14.344 -0.433  5.387  4.931-46.207-32.122  0.895  3.560  5.746
 -45.873 20.308 18.519  1.901 -0.008-54.452-34.024 14.472  -0.17
 3 922 755 3 2 5 6 2624.6694 2625.7236
 15.006 -0.015  4.092  4.077-47.031-32.249  2.367  0.208  5.746
 -45.873 20.308 18.519  1.901 -0.008-54.452-34.024 14.472  -0.17
 3 922 755 1 2 3 4 2624.6694 2625.7236
 12.949  1.723 14.243 16.059 33.100 45.714  0.374  0.444 13.743
  34.020 38.467 38.838  4.486 -1.487 30.374 76.540 13.162   0.87
 3 922 755 1 2 3 4 2624.6694 2625.7236
 13.149  1.440 13.826 15.344 33.875 46.700 36.617 29.082 13.743
  34.020 38.467 38.838  4.486 -1.487 30.374 76.540 13.162   0.87
 4 222 7 1 0 0 1 1 2648.7070 2649.6604
 13.507  0.302 10.731 11.019 -5.458  6.481  7.674 13.716 10.731
  -5.458  7.674 13.716  0.000  0.000  0.000  0.000 13.507   0.30
 42622 852 2 1 3 1 2672.6306 2673.6389
 14.980 -0.881  6.061  5.173-47.296-33.185  5.554  2.109  5.888
 -47.485  8.016  2.109  3.746 -3.746 -0.743  0.000 15.168  -0.71
 42722 839 0 0 1 2 2673.6389 2674.6318
 14.238 -0.399  5.173  4.776-33.185-20.025  2.109  1.177  5.173
 -33.185  2.109  1.715  0.000  0.340  0.000 49.296 14.168  -0.32
 5 122 854 8 311 7 2677.6284 2678.6494
 14.152 -0.672  7.952  7.267-19.308 -5.868  2.456  9.238  9.144
 -25.279 31.223 59.905  6.816  0.070  7.578  6.013 16.127  -0.96
 5 122 854 8 311 7 2677.6284 2678.6494
 13.969 -0.736  8.486  7.734-19.281 -6.027  1.794 17.341  9.144
 -25.279 31.223 59.905  6.816  0.070  7.578  6.013 16.127  -0.96
 5 122 854 8 311 7 2677.6284 2678.6494
 14.644 -1.040  8.328  7.267-19.811 -5.868  1.483  9.238  9.144
 -25.279 31.223 59.905  6.816  0.070  7.578  6.013 16.127  -0.96
 5 122 854 8 311 7 2677.6284 2678.6494
 13.736 -1.042 10.003  8.940-23.657-10.642  0.199  0.050  9.144
 -25.279 31.223 59.905  6.816  0.070  7.578  6.013 16.127  -0.96
 5 122 854 8 311 7 2677.6284 2678.6494
 13.883 -0.837  9.794  8.940-23.808-10.642  0.547  0.050  9.144
 -25.279 31.223 59.905  6.816  0.070  7.578  6.013 16.127  -0.96
 5 122 854 8 311 7 2677.6284 2678.6494
 13.825 -0.902  9.059  8.138-26.819-13.713 12.569 15.227  9.144
 -25.279 31.223 59.905  6.816  0.070  7.578  6.013 16.127  -0.96
 5 122 854 8 311 7 2677.6284 2678.6494
 14.553 -0.720  9.481  8.746-27.243-13.394  2.655  6.416  9.144
 -25.279 31.223 59.905  6.816  0.070  7.578  6.013 16.127  -0.96
 5 122 854 8 311 7 2677.6284 2678.6494
 14.071 -0.956  9.722  8.746-26.751-13.394  8.873  6.416  9.144
 -25.279 31.223 59.905  6.816  0.070  7.578  6.013 16.127  -0.96
 5 222 824 3 4 713 2678.6494 2679.6035
 13.677  0.548  7.267  7.790 -5.868  6.241  9.238  2.404  8.168
  -9.823 59.905 24.809  6.886 -0.885  6.013  3.376 12.248   0.93
 5 222 824 3 4 713 2678.6494 2679.6035
 13.735  0.494  7.734  8.205 -6.027  6.137 17.341  2.761  8.168
  -9.823 59.905 24.809  6.886 -0.885  6.013  3.376 12.248   0.93
 5 222 824 3 4 713 2678.6494 2679.6035
 13.883  0.821  9.364 10.147 -9.542  2.763  4.230  0.176  8.168
  -9.823 59.905 24.809  6.886 -0.885  6.013  3.376 12.248   0.93
 5 222 824 3 4 713 2678.6494 2679.6035
 13.922  0.422  9.180  9.583-12.704 -0.361  7.405  2.609  8.168
  -9.823 59.905 24.809  6.886 -0.885  6.013  3.376 12.248   0.93
 5 222 824 3 4 713 2678.6494 2679.6035
 13.399  0.483  8.746  9.207-13.394 -1.550  6.416  5.887  8.168
  -9.823 59.905 24.809  6.886 -0.885  6.013  3.376 12.248   0.93
 5 222 824 3 4 713 2678.6494 2679.6035
 13.213  0.423  8.138  8.542-13.713 -2.047 15.227  3.269  8.168
  -9.823 59.905 24.809  6.886 -0.885  6.013  3.376 12.248   0.93
 5 422 926 3 2 5 2 2680.6069 2681.6187
 14.239 -0.038  8.633  8.594 10.972 24.382 10.803  4.302  8.809
  11.170 13.920  5.634  1.650 -1.403-35.986-57.187 14.076  -0.16
 5 422 926 3 2 5 2 2680.6069 2681.6187
 14.418 -0.339  8.937  8.594 10.792 24.382  0.937  4.302  8.809
  11.170 13.920  5.634  1.650 -1.403-35.986-57.187 14.076  -0.16
 5 422 926 3 2 5 2 2680.6069 2681.6187
 13.771 -0.490  9.298  8.802 11.581 24.517  0.869  1.331  8.809
  11.170 13.920  5.634  1.650 -1.403-35.986-57.187 14.076  -0.16
 5 422 926 0 0 1 2 2680.6069 2681.6187
 14.623 -0.176  8.415  8.238 19.918 33.716  8.100 15.889  8.415
  19.918  8.100 23.819  0.000  0.496  0.000 39.643 14.496  -0.07
 52622 954 1 1 2 3 2702.5869 2703.5972
 14.497 -0.064  8.241  8.176-45.502-31.847  0.961  0.701  8.209
 -45.730  2.041  2.817  0.431  0.258 -7.968  1.518 14.217  -0.02
 52622 954 1 1 2 3 2702.5869 2703.5972
 14.245  0.012  8.181  8.193-45.933-32.533  1.080  2.112  8.209
 -45.730  2.041  2.817  0.431  0.258 -7.968  1.518 14.217  -0.02
 52722 939 2 1 3 2 2703.5972 2704.6355
 14.187 -0.145  8.176  8.026-31.847-18.140  0.701  0.050  8.188
 -32.359  2.817  1.780  0.689 -0.092  1.518-13.642 14.132  -0.29
 52722 939 2 1 3 2 2703.5972 2704.6355
 14.284 -0.297  8.193  7.885-32.533-18.725  2.112  1.730  8.188
 -32.359  2.817  1.780  0.689 -0.092  1.518-13.642 14.132  -0.29
 7 8221015 0 0 1 2 2745.5723 2746.5798
 15.309  0.310 -9.564 -9.876-29.761-15.321  9.660  2.905 -9.564
 -29.761  9.660  3.600  0.000  0.193  0.000 -4.141 15.272   0.31
 7222210 0 41115 1 2759.5833 2760.5764
 15.722  0.856 -5.285 -6.134 -7.373  7.269  0.818 12.262 -5.343
  -8.939 32.164 12.262  7.368 -7.368 -2.499  0.000 17.300   0.80
 7222210 0 41115 1 2759.5833 2760.5764
 16.383  0.446 -5.691 -6.134 -8.029  7.269  2.156 12.262 -5.343
  -8.939 32.164 12.262  7.368 -7.368 -2.499  0.000 17.300   0.80
 7232210 9 0 0 1 3 2760.5764 2761.5742
 15.589 -1.140 -6.134 -4.996  7.269 21.849 12.262  9.029 -6.134
   7.269 12.262  9.237  0.000  1.329  0.000-20.291 15.560  -1.15
 7232210 9 5 4 9 3 2760.5764 2761.5742
 15.390 -0.747 -6.326 -5.580 -0.378 14.004  2.806  4.130 -5.616
  -0.733  8.996  5.077  1.938 -0.794-37.585 19.419 15.562   0.01
 7232210 9 5 4 9 3 2760.5764 2761.5742
 15.398 -0.431 -6.010 -5.580 -0.386 14.004  0.347  4.130 -5.616
  -0.733  8.996  5.077  1.938 -0.794-37.585 19.419 15.562   0.01
 7232210 9 5 4 9 3 2760.5764 2761.5742
 15.200 -0.355 -6.292 -5.938 -1.265 12.927  0.050  0.897 -5.616
  -0.733  8.996  5.077  1.938 -0.794-37.585 19.419 15.562   0.01
 7232210 9 5 4 9 3 2760.5764 2761.5742
 15.792 -0.707 -6.643 -5.938 -1.855 12.927  1.425  0.897 -5.616
  -0.733  8.996  5.077  1.938 -0.794-37.585 19.419 15.562   0.01
 724221012 1 2 3 7 2761.5742 2762.5757
 14.786  0.517 -4.996 -5.514 21.849 35.676  9.029  7.343 -4.986
  21.821  9.237 10.399  1.329  0.594-20.291-22.823 14.291   0.31
 724221012 1 2 3 7 2761.5742 2762.5757
 14.383  0.746 -4.799 -5.545 20.800 34.224  0.158  0.122 -4.986
  21.821  9.237 10.399  1.329  0.594-20.291-22.823 14.291   0.31
 724221012 1 2 3 7 2761.5742 2762.5757
 14.935  0.496 -3.705 -4.201 19.960 33.937  0.050  1.226 -4.986
  21.821  9.237 10.399  1.329  0.594-20.291-22.823 14.291   0.31
 724221012 2 1 3 2 2761.5742 2762.5757
 14.471  0.740 -5.580 -6.322 14.004 27.516  4.130  3.891 -5.625
  13.820  5.077  3.941  1.144 -0.737 19.419-44.250 14.651   0.69
 725221011 1 6 7 3 2762.5757 2763.5784
 14.211 -0.235 -5.514 -5.278 35.676 48.946  7.343 16.189 -5.295
  35.153 10.399 20.924  1.922  0.164-22.823-17.124 14.301  -0.16
 725221011 1 6 7 3 2762.5757 2763.5784
 14.736  0.070 -4.446 -4.517 34.732 48.528  0.050  0.283 -5.295
  35.153 10.399 20.924  1.922  0.164-22.823-17.124 14.301  -0.16
 725221011 1 6 7 3 2762.5757 2763.5784
 14.825 -0.129 -4.780 -4.651 33.051 46.936  0.975  4.451 -5.295
  35.153 10.399 20.924  1.922  0.164-22.823-17.124 14.301  -0.16
 82522 945 9112013 2793.5938 2794.6006
 13.073 -0.075-11.407-11.332 39.428 51.605  4.666  2.235-12.130
  35.291 33.518 24.013  5.453  1.346 12.670 10.999 14.407  -0.32
 82522 945 9112013 2793.5938 2794.6006
 13.658 -0.157-11.490-11.332 38.839 51.605  0.858  2.235-12.130
  35.291 33.518 24.013  5.453  1.346 12.670 10.999 14.407  -0.32
 82522 945 9112013 2793.5938 2794.6006
 13.122 -0.175-11.110-10.934 37.888 50.114  4.811  0.050-12.130
  35.291 33.518 24.013  5.453  1.346 12.670 10.999 14.407  -0.32
 82522 945 9112013 2793.5938 2794.6006
 13.038 -0.566-11.034-10.465 36.782 48.923  0.329  0.367-12.130
  35.291 33.518 24.013  5.453  1.346 12.670 10.999 14.407  -0.32
 82522 945 9112013 2793.5938 2794.6006
 13.611 -0.430-13.587-13.155 35.361 48.080  0.050  0.137-12.130
  35.291 33.518 24.013  5.453  1.346 12.670 10.999 14.407  -0.32
 82522 945 9112013 2793.5938 2794.6006
 13.634 -0.164-14.095-13.929 33.547 46.289  0.906  2.676-12.130
  35.291 33.518 24.013  5.453  1.346 12.670 10.999 14.407  -0.32
 82522 945 9112013 2793.5938 2794.6006
 13.629 -0.462-13.997-13.532 33.929 46.666  1.645  0.306-12.130
  35.291 33.518 24.013  5.453  1.346 12.670 10.999 14.407  -0.32
 82522 945 9112013 2793.5938 2794.6006
 13.486 -0.569-13.518-12.945 32.644 45.237  5.396  0.050-12.130
  35.291 33.518 24.013  5.453  1.346 12.670 10.999 14.407  -0.32
 82522 945 9112013 2793.5938 2794.6006
 13.228 -0.313-11.873-11.558 32.150 44.483  0.050  6.214-12.130
  35.291 33.518 24.013  5.453  1.346 12.670 10.999 14.407  -0.32
 82522 945 9112013 2793.5938 2794.6006
 13.513 -0.452-11.572-11.117 31.704 44.323  0.798  0.129-12.130
  35.291 33.518 24.013  5.453  1.346 12.670 10.999 14.407  -0.32
 82622 934 5 813 7 2794.6006 2795.5986
 11.042  0.226-10.934-11.159 50.114 60.154  0.050  0.050-11.809
  48.811 24.013  4.633  6.799 -1.357 10.999 31.668 11.907   1.01
 82622 934 5 813 7 2794.6006 2795.5986
 11.457  0.478-13.155-13.632 48.080 58.534  0.137  0.266-11.809
  48.811 24.013  4.633  6.799 -1.357 10.999 31.668 11.907   1.01
 82622 934 5 813 7 2794.6006 2795.5986
 11.288  0.262-13.130-13.392 47.724 58.009  0.127  0.050-11.809
  48.811 24.013  4.633  6.799 -1.357 10.999 31.668 11.907   1.01
 91722 939 0 0 1 2 2816.5972 2817.6160
 14.248 -1.980-12.998-10.981-12.226  1.287 20.830  5.016-12.998
 -12.226 20.830  9.471  0.000  0.385  0.000-17.102 14.075  -2.03
 91922 8 5 0 0 1 2 2818.6626 2819.6709
 15.451 -1.429-11.198 -9.756 11.508 26.095 13.724  8.712-11.198
  11.508 13.724 20.523  0.000  0.407  0.000-20.328 15.229  -1.51
 92122 8 0 0 0 1 2 2820.6667 2821.6091
 14.570  0.722-11.126-11.806 36.149 48.953  6.089  2.231-11.126
  36.149  6.089  6.725  0.000  0.367  0.000-75.055 14.501   0.47
111122 637 1 1 2 1 2871.7236 2872.7075
 13.741  0.108 -4.928 -5.034  7.600 20.152 31.137 31.978 -4.938
   7.506 32.258 31.978  2.728 -2.728  6.163  0.000 13.837   0.10
111222 7 1 0 0 1 1 2872.7075 2873.7153
 13.700  0.617 -5.034 -5.657 20.152 32.964 31.978  8.472 -5.034
  20.152 31.978  8.472  0.000  0.000  0.000  0.000 13.700   0.62
111322 649 0 0 1 1 2873.7153 2874.7048
 14.612 -0.332 -5.657 -5.328 32.964 46.449  8.472  3.423 -5.657
  32.964  8.472  3.423  0.000  0.000  0.000  0.000 14.612  -0.33
111422 7 4 0 0 1 1 2874.7048 2875.7361
 13.397  0.684 -5.328 -6.033 46.449 59.249  3.423 18.622 -5.328
  46.449  3.423 18.622  0.000  0.000  0.000  0.000 13.397   0.68
