 81054 956 1 6 7 914466.585014467.5811
 14.180 -0.005-21.878-21.873  8.544 21.690 14.007  0.391-22.148
   6.901 23.795  9.111  3.756 -0.147 10.073  8.730 14.975  -0.20
 81054 956 1 6 7 914466.585014467.5811
 13.793  0.266-22.136-22.400  5.534 18.295  1.666  0.481-22.148
   6.901 23.795  9.111  3.756 -0.147 10.073  8.730 14.975  -0.20
 81054 956 1 6 7 914466.585014467.5811
 14.440  0.081-22.320-22.400  4.890 18.295  4.303  0.481-22.148
   6.901 23.795  9.111  3.756 -0.147 10.073  8.730 14.975  -0.20
 81054 956 1 6 7 914466.585014467.5811
 14.218  0.192-22.240-22.431  4.367 17.551  0.585  1.047-22.148
   6.901 23.795  9.111  3.756 -0.147 10.073  8.730 14.975  -0.20
 81054 956 1 6 7 914466.585014467.5811
 13.880  0.239-21.929-22.167  4.449 17.296  0.050  0.209-22.148
   6.901 23.795  9.111  3.756 -0.147 10.073  8.730 14.975  -0.20
 8115410 3 6 3 9 914467.581114468.5771
 13.668  0.011-21.838-21.849 22.185 34.821  0.466  0.133-21.948
  20.839  9.111  7.188  3.609  0.250  8.730  3.662 12.608  -0.16
 8115410 3 6 3 9 914467.581114468.5771
 13.380 -0.247-21.873-21.627 21.690 34.039  0.391  2.156-21.948
  20.839  9.111  7.188  3.609  0.250  8.730  3.662 12.608  -0.16
 8115410 3 6 3 9 914467.581114468.5771
 13.449  0.067-21.560-21.627 21.622 34.039  3.482  2.156-21.948
  20.839  9.111  7.188  3.609  0.250  8.730  3.662 12.608  -0.16
 8115410 3 6 3 9 914467.581114468.5771
 13.504 -0.108-21.566-21.458 21.984 34.457  0.050  0.471-21.948
  20.839  9.111  7.188  3.609  0.250  8.730  3.662 12.608  -0.16
 8115410 3 6 3 9 914467.581114468.5771
 13.649 -0.205-22.400-22.196 18.295 30.911  0.481  0.050-21.948
  20.839  9.111  7.188  3.609  0.250  8.730  3.662 12.608  -0.16
 8115410 3 6 3 9 914467.581114468.5771
 13.727 -0.352-22.431-22.081 17.551 30.245  1.047  1.854-21.948
  20.839  9.111  7.188  3.609  0.250  8.730  3.662 12.608  -0.16
 8115410 3 6 3 9 914467.581114468.5771
 13.982 -0.087-22.167-22.081 17.296 30.245  0.209  1.854-21.948
  20.839  9.111  7.188  3.609  0.250  8.730  3.662 12.608  -0.16
102454 8 3 0 0 1 114541.665014542.6191
 11.995  0.070 31.477 31.544 -3.983  6.528  0.617  4.808 31.477
  -3.983  0.617  4.808  0.000  0.000  0.000  0.000 11.995   0.07
121654 8 5 11011 914594.662114595.6768
 13.158  0.287 35.167 35.457 12.917 25.262  0.619  1.947 33.609
  16.891 29.490 21.561  4.605  1.377 16.464 23.683 14.671  -0.50
121654 8 5 11011 914594.662114595.6768
 13.131  0.289 34.309 34.602 12.069 24.387  1.023  0.075 33.609
  16.891 29.490 21.561  4.605  1.377 16.464 23.683 14.671  -0.50
121654 8 5 11011 914594.662114595.6768
 12.933  0.369 34.404 34.778 12.743 24.861  4.101  0.880 33.609
  16.891 29.490 21.561  4.605  1.377 16.464 23.683 14.671  -0.50
121654 8 5 11011 914594.662114595.6768
 13.151  0.267 34.386 34.656 13.108 25.446  0.050  0.147 33.609
  16.891 29.490 21.561  4.605  1.377 16.464 23.683 14.671  -0.50
121654 8 5 11011 914594.662114595.6768
 13.263  0.270 34.379 34.653 13.535 25.988  0.721  0.050 33.609
  16.891 29.490 21.561  4.605  1.377 16.464 23.683 14.671  -0.50
121754 746 3 6 91214595.676814596.6738
 15.071 -1.382 34.602 33.224 24.387 38.438  0.075  0.132 33.098
  30.770 21.561 29.523  5.982 -3.865 23.683 -1.248 13.366  -0.16
121754 746 3 6 91214595.676814596.6738
 14.597 -1.559 34.778 33.224 24.861 38.438  0.880  0.132 33.098
  30.770 21.561 29.523  5.982 -3.865 23.683 -1.248 13.366  -0.16
121754 746 3 6 91214595.676814596.6738
 14.946 -1.812 34.656 32.849 25.446 39.372  0.147  0.311 33.098
  30.770 21.561 29.523  5.982 -3.865 23.683 -1.248 13.366  -0.16
121754 746 3 6 91214595.676814596.6738
 14.403 -1.809 34.653 32.849 25.988 39.372  0.050  0.311 33.098
  30.770 21.561 29.523  5.982 -3.865 23.683 -1.248 13.366  -0.16
121754 746 3 6 91214595.676814596.6738
 15.025 -1.522 35.457 33.940 25.262 39.267  1.947  0.050 33.098
  30.770 21.561 29.523  5.982 -3.865 23.683 -1.248 13.366  -0.16
121854 749 3 912 214596.673814597.6738
 13.260 -0.333 32.982 32.648 43.620 55.908 20.766 35.997 32.934
  43.120 29.523 37.662  2.117 -1.289 -1.248 76.864 13.769  -0.32
121854 749 3 912 214596.673814597.6738
 12.813  0.028 32.620 32.648 44.067 55.908  2.320 35.997 32.934
  43.120 29.523 37.662  2.117 -1.289 -1.248 76.864 13.769  -0.32
121854 749 3 912 214596.673814597.6738
 13.047 -0.370 32.212 31.842 44.057 56.131  0.050  1.665 32.934
  43.120 29.523 37.662  2.117 -1.289 -1.248 76.864 13.769  -0.32
122354 751 0 0 1 114601.672914602.6885
 14.477 -0.101 22.715 22.612  6.870 20.573  3.238  4.125 22.715
   6.870  3.238  4.125  0.000  0.000  0.000  0.000 14.477  -0.10
