3.300000000000000000e+03 2.309791259302273829e+02
3.326565656565656354e+03 2.561136034474875487e+02
3.353131313131313163e+03 2.809713452967325793e+02
3.379696969696969518e+03 3.055523514779606558e+02
3.406262626262626327e+03 3.298566219911726876e+02
3.432828282828282681e+03 3.538841568363686747e+02
3.459393939393939490e+03 3.776349560135477077e+02
3.485959595959595845e+03 4.011090195227125150e+02
3.512525252525252654e+03 4.243063473638594587e+02
3.539090909090909008e+03 4.472269395369903577e+02
3.565656565656565817e+03 4.698707960421052121e+02
3.592222222222222172e+03 4.922379168792040218e+02
3.618787878787878981e+03 5.143283020482876964e+02
3.645353535353535335e+03 5.361419515493544168e+02
3.671919191919191690e+03 5.576788653824050925e+02
3.698484848484848499e+03 5.789390435474397236e+02
3.725050505050504853e+03 5.999224860444583101e+02
3.751616161616161662e+03 6.206291928734608518e+02
3.778181818181818016e+03 6.410591640344464395e+02
3.804747474747474826e+03 6.612123995274159824e+02
3.831313131313131180e+03 6.810888993523703903e+02
3.857878787878787989e+03 7.006886635093087534e+02
3.884444444444444343e+03 7.200116919982301624e+02
3.911010101010100698e+03 7.390579848191355268e+02
3.937575757575757507e+03 7.578275419720239370e+02
3.964141414141414316e+03 7.763203634568981215e+02
3.990707070707070670e+03 7.945364492737544424e+02
4.017272727272727025e+03 8.124757994225956281e+02
4.043838383838383834e+03 8.301384139034207692e+02
4.070404040404040188e+03 8.475242927162289561e+02
4.096969696969696997e+03 8.646334358610220079e+02
4.123535353535353352e+03 8.814658433377990150e+02
4.150101010101009706e+03 8.980215151465590679e+02
4.176666666666666970e+03 9.143004512873030762e+02
4.203232323232323324e+03 9.303026517600310399e+02
4.229797979797979679e+03 9.460281165647429589e+02
4.256363636363636033e+03 9.614768457014379237e+02
4.282929292929293297e+03 9.766488391701177534e+02
4.309494949494949651e+03 9.915440969707815384e+02
4.336060606060606005e+03 1.006162619103428369e+03
4.362626262626262360e+03 1.020504405568060065e+03
4.389191919191918714e+03 1.034569456364674807e+03
4.415757575757575978e+03 1.048357771493274413e+03
4.442323232323232332e+03 1.061869350953857065e+03
4.468888888888888687e+03 1.075104194746423673e+03
4.495454545454545041e+03 1.088062302870974236e+03
4.522020202020201395e+03 1.100743675327508754e+03
4.548585858585858659e+03 1.113148312116027228e+03
4.575151515151515014e+03 1.125276213236529657e+03
4.601717171717171368e+03 1.137127378689015131e+03
4.628282828282828632e+03 1.148701808473485471e+03
4.654848484848484986e+03 1.159999502589938857e+03
4.681414141414141341e+03 1.171020461038376197e+03
4.707979797979797695e+03 1.181764683818797494e+03
4.734545454545454049e+03 1.192232170931202745e+03
4.761111111111111313e+03 1.202422922375592861e+03
4.787676767676767668e+03 1.212336938151966024e+03
4.814242424242424022e+03 1.221974218260323141e+03
4.840808080808080376e+03 1.231334762700664214e+03
4.867373737373736731e+03 1.240418571472988333e+03
4.893939393939393995e+03 1.249225644577297317e+03
4.920505050505050349e+03 1.257755982013589346e+03
4.947070707070706703e+03 1.266009583781865331e+03
4.973636363636363967e+03 1.273986449882125271e+03
5.000202020202020321e+03 1.281686580314370076e+03
5.026767676767676676e+03 1.289109975078597927e+03
5.053333333333333030e+03 1.296256634174808823e+03
5.079898989898989385e+03 1.303126557603004585e+03
5.106464646464646648e+03 1.309719745363184302e+03
5.133030303030303003e+03 1.316036197455347065e+03
5.159595959595959357e+03 1.322075913879494692e+03
5.186161616161615711e+03 1.327838894635625365e+03
5.212727272727272066e+03 1.333325139723741813e+03
5.239292929292929330e+03 1.338534649143840397e+03
5.265858585858585684e+03 1.343467422895922937e+03
5.292424242424242038e+03 1.348123460979989432e+03
5.318989898989899302e+03 1.352502763396039882e+03
5.345555555555555657e+03 1.356605330144074287e+03
5.372121212121212011e+03 1.360431161224092648e+03
5.398686868686868365e+03 1.363980256636094055e+03
5.425252525252524720e+03 1.367252616380080326e+03
5.451818181818181984e+03 1.370248240456049643e+03
5.478383838383838338e+03 1.372967128864002916e+03
5.504949494949494692e+03 1.375409281603941054e+03
5.531515151515151956e+03 1.377574698675863146e+03
5.558080808080807401e+03 1.379463380079767376e+03
5.584646464646464665e+03 1.381075325815657379e+03
5.611212121212121019e+03 1.382410535883530429e+03
5.637777777777777374e+03 1.383469010283387433e+03
5.664343434343434637e+03 1.384250749015227484e+03
5.690909090909090082e+03 1.384755752079052399e+03
5.717474747474747346e+03 1.384984019474860361e+03
5.744040404040403700e+03 1.384935551202653187e+03
5.770606060606060055e+03 1.384610347262429059e+03
5.797171717171717319e+03 1.384008407654188886e+03
5.823737373737373673e+03 1.383129732377932669e+03
5.850303030303030027e+03 1.381974321433660407e+03
5.876868686868687291e+03 1.380542174821373010e+03
5.903434343434342736e+03 1.378833292541067749e+03
5.930000000000000000e+03 1.376847674592748263e+03
