 1 662 5 4 1 1 2 217172.789117173.8184
 13.415  0.387 16.037-17.167 -4.360  3.284  2.001 20.701  0.700
 -16.798-17.445 15.904 16.138  1.413  1.871 -3.635 -4.587  27.29
 12962 7331221332117195.685517196.6699
 12.483  0.668  9.830  2.358 13.686 55.637 58.875  4.107 -1.828
   7.305 -1.994  9.480 10.138 26.036 29.601 17.452 10.017   2.43
 13062 755 912212317196.669917197.6836
 13.704 -0.645 10.488 13.686 26.579 58.875 75.212  6.534 -0.715
  17.452 10.017 10.063 10.901 29.055 29.820 30.665 23.932  -3.66
 13162 737 2 4 61117197.683617198.6895
 13.385  0.442  5.787-55.213-42.730 17.845 11.777 -3.950 -0.075
 -54.054-57.290  5.866  5.644 11.449  6.396-41.072-44.206  12.74
 13162 73715 8231617197.683617198.6895
 12.889  0.389  9.834 26.579 38.564 75.212 62.493  2.875 -1.536
  30.665 23.932  9.632  9.965 29.569 45.643 41.535 36.391   4.76
 2 162 727 6 5111017198.689517199.6875
 13.330 -0.168  6.231-42.730-30.396 11.777 12.369  8.791  1.680
 -41.072-44.206  5.977  6.458  5.545  6.232-28.112-32.940  -2.29
 2 162 727 0 0 1 117198.689517199.6875
 14.055  0.139  8.297-55.493-42.435  2.209 23.778  0.000  0.000
   0.000  0.000  0.000  0.000  0.000  0.000  0.000  0.000   0.00
 2 162 72711 516 717198.689517199.6875
 12.711  0.596 10.225 38.564 50.280 62.493 63.862  7.632 -0.859
  41.535 36.391  9.834 10.512 26.403 36.090 53.694 49.563   9.54
 2 262 730 0 0 1 117199.687517200.6895
 14.311  0.411  8.436-42.435-29.085 23.778  1.854  0.000  0.000
   0.000  0.000  0.000  0.000  0.000  0.000  0.000  0.000   0.00
 2 262 730 5 510 617199.687517200.6895
 15.986  0.781  6.064-30.396-15.368 12.369  8.623  6.499 -0.920
 -28.112-32.940  5.805  6.352  6.518  5.852-14.248-18.158   0.56
 2 362 727 0 0 1 217200.689517201.6758
 13.808 -0.090  8.848-29.085-16.416  1.854  1.350  0.000  0.000
   0.000  0.000  0.000  0.000  0.000  0.000  0.000-16.613   0.00
 2 362 727 2 4 6 717200.689517201.6758
 15.054 -0.431  6.846-15.368 -1.469  8.623  5.766  7.062 -3.019
 -14.248-18.158  6.708  7.189  6.152  2.471 -1.338 -2.229 -14.73
 2 462 746 1 1 2 517201.675817202.6855
 14.246 -1.725  8.759-16.416 -3.020  1.350  8.071 27.899  2.337
 -16.408-16.613  8.755  8.862  1.300  0.050 -1.292 -3.597  -1.01
 2 562 731 2 3 5 217202.685517203.8008
 16.186 -1.007  7.017 -3.020 13.929  8.071  9.742 26.891  1.075
  -1.292 -3.597  6.147  7.307  2.019  6.053 14.771 11.153 -35.52
 2 562 731 3 4 7 117202.685517203.8008
 16.015  1.951  4.500  8.129 24.888  3.421  2.498-16.008 -7.541
  11.910  4.638  5.581  3.502  1.643  1.779  0.000  0.000   0.00
 22862 8 010 5151717225.666017226.6855
 15.184 -0.283-10.496 42.058 56.538 45.207 41.121  2.672 -2.493
  43.609 36.039-10.425-10.772 35.946  9.261 58.862 53.824  -1.59
 22862 8 0 0 0 1 117225.666017226.6855
 14.003 -0.262  7.546-52.836-39.562  6.032  5.285  0.000  0.000
   0.000  0.000  0.000  0.000  0.000  0.000  0.000  0.000   0.00
 22862 8 0 0 0 1 217225.666017226.6855
 14.101 -0.102  7.956-41.685-28.310  1.505  4.334  0.000  0.000
   0.000  0.000  0.000  0.000  0.000  0.000  0.000-28.312   0.00
 22862 8 0 1 3 4 417225.666017226.6855
 13.619  0.281 10.357 32.745 45.629 46.887 48.349 33.369  0.218
  32.908 32.129 10.252 10.756 37.081  9.806 45.776 44.814   0.19
 3 162 731 1 3 4 217226.685517227.7109
 12.025 -0.880 -8.638 39.499 50.819  4.001  0.100 -3.965 -1.144
  41.005 38.914 -8.741 -8.597  1.119  2.882 50.950 50.687 -69.77
 3 162 731 1 1 2 117226.685517227.7109
 14.952  0.177  7.852-28.310-13.990  4.334  8.323-89.876 -1.357
 -28.309-28.312  8.183  6.825  3.279  1.055  0.000  0.000   0.00
 3 162 731 0 0 1 117226.685517227.7109
 14.777 -0.408  7.279-39.562-25.421  5.285 11.493  0.000  0.000
   0.000  0.000  0.000  0.000  0.000  0.000  0.000  0.000   0.00
 3 162 731 1 1 2 117226.685517227.7109
 14.339 -0.291  7.281-46.272-32.581  4.229  0.801-63.583 -0.236
 -46.256-46.362  7.312  7.101  3.607  0.622  0.000  0.000   0.00
 3 162 731 1 3 4 117226.685517227.7109
 14.460 -0.215 10.644 45.629 59.444 48.349 52.489 33.554 -1.135
  45.776 44.814 10.548 11.175 40.951  7.397  0.000  0.000   0.00
 32462 9 0 3 5 8 417249.625017250.7441
 13.960  0.764  9.283 -3.589 10.937 17.345 16.836  6.678 -0.345
  -2.264 -5.193  9.130  9.469  9.501  7.844 12.590 10.051   6.47
 32462 9 0 2 3 5 617249.625017250.7441
 14.300 -0.004  9.973-13.765  1.141 76.611 32.540 11.642 -0.029
 -12.867-14.311  9.790 10.083 28.987 47.624  2.043  0.620 -21.54
 32462 9 0 3 4 7 317249.625017250.7441
 16.487  1.040  9.536 22.487 39.841  8.834  3.078 -5.400 -0.253
  23.263 21.732  9.608  9.465  4.357  4.478 40.260 39.005  -7.27
 32562 6 9 1 2 3 417250.744117251.6797
 15.374  0.101 10.700 39.841 53.321  3.078  5.652-12.665  0.900
  40.260 39.005 10.792 10.515  2.050  1.028 53.672 51.508   2.05
 32662 739 6 814 717251.679717252.7402
 11.678  0.072  9.796 18.908 30.240 59.361 61.763  3.639 -0.427
  23.819 13.620  9.489 10.128 30.780 28.581 36.776 27.015   0.75
 32762 614 4 3 71517252.740217253.6406
 17.221 -0.590  9.873 30.240 44.852 61.763 56.614  4.387  1.755
  36.776 27.015  9.379 10.117 20.405 41.358 50.737 39.223   0.26
 4 162 4 9 2 2 4 417257.826217258.6113
 14.210 -0.006 -6.698-18.598 -8.230  1.841  8.034  9.687  0.612
 -18.195-19.898 -6.630 -6.918  1.405  0.436 -7.433 -9.611 -31.28
 4 262 920 2 2 4 417258.611317259.6875
 15.554  0.260 -6.694 -8.230  7.472  8.034 11.967-21.596  0.819
  -7.433 -9.611 -7.007 -6.151  5.094  2.940  8.144  5.085   6.45
 4 262 920 6 1 7 217258.611317259.6875
 13.178  0.187  6.235 25.805 38.946 15.982  5.021 15.914 -3.295
  28.659 24.999  5.426  6.463  3.519 12.463 39.071 38.911  54.98
 4 362 729 1 3 4 617259.687517260.6074
 15.402  0.457 -6.974  7.472 20.737 11.967  5.758-15.150  1.140
   8.144  5.085 -7.155 -6.333  9.336  2.632 21.378 17.079   9.23
 4 362 729 1 1 2 217259.687517260.6074
 14.481 -0.703  6.436 38.946 51.364  5.021  1.815 70.895 -0.039
  39.071 38.911  6.078  6.539  1.114  3.907 51.711 51.299 -46.71
 4 362 729 1 1 2 117259.687517260.6074
 15.350 -0.408  5.646 45.866 59.084  5.213  0.814-69.092 -0.466
  45.887 45.720  5.700  5.264  4.568  0.645  0.000  0.000   0.00
 4 462 923 3 3 6 217260.607417261.6094
 15.272  0.805 -7.394 20.737 35.033  5.758  6.473 -5.919 -3.719
  21.378 17.079 -7.460 -7.018  4.900  0.858 35.479 34.907   4.66
 4 562 922 1 1 2 117261.609417262.8105
 14.471 -0.587 -8.200 35.033 51.245  6.473  2.052 -1.263 -0.566
  35.479 34.907 -8.210 -8.197  1.432  5.041  0.000  0.000   0.00
 4 662 431 1 2 3 817262.810517263.9043
 11.862  1.208  9.867 32.522 44.411  4.610 10.553 51.320 -0.554
  32.669 30.912  9.686 11.849  4.225  0.385 45.504 43.571 -20.15
 4 762 217 6 2 8 617263.904317264.6855
 14.010 -0.015 11.188 44.411 54.577 10.553 12.422 31.172  3.128
  45.504 43.571 10.539 11.686  4.587  5.966 58.835 53.763  -9.80
 41262 926 5 4 92017268.605517269.6035
 13.852  0.752 10.036-23.001-10.179 16.726 20.499-10.586 -0.313
 -21.965-25.892 10.227  9.504 12.315  4.412 -7.923-11.400  29.99
 41662 7 6 1 1 2 117272.705117273.6133
 14.237 -1.643 -7.471-10.924  1.131  0.887  0.217 40.660 -1.202
 -10.872-11.791 -7.427 -8.210  0.837  0.050  0.000  0.000   0.00
 41662 7 6 2 2 4 217272.705117273.6133
 14.147  0.272  5.903-22.139-10.167 11.956  1.219 23.171  0.068
 -21.713-22.579  5.721  6.090  6.073  5.883-10.155-10.449 -96.24
 41662 7 6 8 6142617272.705117273.6133
 16.412 -0.966  8.940-32.147-18.114 28.550 52.488  9.116  1.877
 -30.557-34.277  8.688  9.278 16.342 12.208-13.800-19.393  -0.59
 41662 7 6 1 3 4 617272.705117273.6133
 13.204 -0.152  9.635-54.224-43.110  3.748 12.919 18.266  0.232
 -53.969-54.716  9.552  9.795  2.464  1.284-42.607-43.560 -39.38
 41662 7 6 6 9151817272.705117273.6133
 15.596 -0.026 10.566 31.334 44.625 26.482 39.686  1.416  1.262
  35.629 28.945 10.462 10.624  9.463 17.019 48.565 40.599   0.14
 41762 915 1 5 6 317273.613317274.6172
 13.851 -0.027  9.497-43.110-30.200 12.919  5.729-21.117  0.159
 -42.607-43.560  9.688  9.325  6.109  6.810-29.430-30.540   0.80
 41762 9151016262817273.613317274.6172
 16.385 -0.645  8.061-18.114 -2.662 52.488 32.935  8.524  3.045
 -13.800-19.393  7.421  8.251 11.997 40.491  2.138 -6.272   6.71
 41862 911 1 2 3 217274.617217275.6250
 14.650  0.818  9.470-30.200-16.423  5.729  5.143-20.321 -0.360
 -29.430-30.540  9.751  9.346  1.755  3.974-15.898-16.652  43.54
 41862 911 721282717274.617217275.6250
 14.280 -0.003  7.414 -2.662 10.743 32.935 62.662 15.238 -1.122
   2.138 -6.272  6.118  8.389 14.138 18.797 15.302  8.077   2.50
 41962 858 1 1 2 117275.625017276.8223
 14.502  0.098 10.295-16.423 -0.260  5.143  4.849 23.223 -0.807
 -15.898-16.652 10.074 10.392  1.563  3.580  0.000  0.000   0.00
 41962 858 81927 617275.625017276.8223
 15.852 -0.396  7.411 10.743 28.520 62.662 15.595 17.736 -0.213
  15.302  8.077  5.965  8.257 23.126 39.536 31.147 23.853  -9.91
 42062 416 2 1 3 517276.822317277.7266
 14.880  0.110-11.481-18.741 -6.179  0.110 11.299-67.406  0.624
 -18.503-19.028-12.043-10.805  0.060  0.050 -5.363 -6.767  21.82
 42062 416 0 0 1 117276.822317277.7266
 13.971 -0.086 10.412 -0.260 11.480  4.849  0.050  0.000  0.000
   0.000  0.000  0.000  0.000  0.000  0.000  0.000  0.000   0.00
 42062 416 3 1 4 217276.822317277.7266
 14.406  0.564  9.759 22.931 35.064 26.352  0.803 35.256  0.739
  23.802 21.237  9.152 10.939 17.401  8.951 36.925 33.262 -15.31
 42062 416 3 3 6 617276.822317277.7266
 13.997  0.279  6.938 28.520 40.285 15.595 40.095  7.826 -0.566
  31.147 23.853  6.580  7.575  9.978  5.617 43.351 36.656   2.07
 42162 634 3 2 5 617277.726617278.8926
 14.368 -0.191-11.580 -6.179  9.423 11.299  3.561-45.588 -0.099
  -5.363 -6.767-12.396-10.993  4.732  6.567 10.003  8.265  21.46
 42162 634 4 2 6 817277.726617278.8926
 14.756  2.386  7.190 40.285 56.340 40.095 41.534  9.897 -0.921
  43.351 36.656  6.659  7.818 21.731 18.364 58.952 53.061  -5.17
 42262 236 5 1 61117278.892617279.7363
 14.623 -0.527-11.358  9.423 20.948  3.561 20.593-24.132  1.999
  10.003  8.265-11.612-10.849  2.374  1.187 22.444 18.547  16.06
 42762 815 8 7151917283.656317284.6035
 13.928 -0.792  9.296-43.904-31.627 59.559 73.400  4.818  0.083
 -42.267-48.416  9.160  9.671 43.701 15.859-30.087-36.328  -5.93
 42862 930 811191217284.603517285.6094
 13.259 -0.010  8.544-31.627-19.286 73.400 57.160 -1.114  0.074
 -30.087-36.328  8.574  8.454 55.286 18.114-17.066-23.375   4.05
 42962 922 4 8121217285.609417286.6094
 13.616  0.433  8.534-19.286 -6.665 57.160 25.559  2.939 -0.351
 -17.066-23.375  8.422  8.742 37.047 20.113 -3.804 -9.713   5.26
 43062 922 11112 817286.609417287.6035
 16.492 -0.023  8.967 -6.665  8.755 25.559 36.133  8.197 -0.212
  -3.804 -9.713  8.560  9.400 13.185 12.374  9.165  3.415 -10.58
 43062 922 2 1 3 817286.609417287.6035
 12.124 -0.202  9.145 -2.321  8.755 10.715 36.133-26.597  4.474
  -1.542 -2.638  9.530  8.988  3.102  7.613  9.165  3.415  24.21
 5 462 740 4 4 8 317290.679717291.6602
 16.456 -0.579 19.605-17.888 -2.730 11.920  2.649 12.254 -3.222
 -15.637-19.601 19.145 19.956  5.152  6.768 -2.445 -2.759  48.09
 5 562 8 9 2 1 3 417291.660217292.7109
 13.929 -0.188 19.039 -2.730 10.879  2.649  8.540 60.344  0.230
  -2.445 -2.759 18.566 19.087  0.246  2.404 11.093 10.366 -26.43
 5 662 655 0 0 1 117292.710917293.9785
 15.002  0.020 14.981-54.536-36.782  3.936  3.001  0.000  0.000
   0.000  0.000  0.000  0.000  0.000  0.000  0.000  0.000   0.00
 5 762 031 0 0 1 217293.978517294.5938
 13.780  0.457 15.006-36.782-28.901  3.001  2.301  0.000  0.000
   0.000  0.000  0.000  0.000  0.000  0.000  0.000-29.115   0.00
 51262 9 0 1 1 2 417298.625017299.6016
 14.200  0.065 -8.292-26.259-13.357 11.179 17.289  1.129  0.131
 -26.144-27.019 -8.289 -8.306  9.702  1.478-13.288-14.146 -32.67
 51862 948 0 0 1 317304.591817305.6016
 12.088  0.168  5.744-48.868-37.657  7.609  4.372  0.000  0.000
   0.000  0.000  0.000  0.000  0.000  0.000  0.000-38.022   0.00
 52262 911 7 815 817308.617217309.6699
 13.436 -0.918 16.816-46.633-33.507 35.138 23.278  1.294  0.012
 -45.443-47.516 16.790 16.835 14.964 20.173-32.512-34.589  -0.85
 53062 731 1 2 3 717316.685517317.6758
 13.866 -0.442 -7.656 39.627 52.375 34.851 50.267 -9.711 -1.432
  40.418 38.164 -7.790 -7.408 22.614 12.237 52.524 51.749 -13.30
 6 162 039 0 0 1 317318.972717319.7285
 13.884  0.119-16.926-17.491 -7.725  0.093  0.350  0.000  0.000
   0.000  0.000  0.000  0.000  0.000  0.000  0.000 -8.179   0.00
 6 162 039 2 3 5 317318.972717319.7285
 15.030 -0.620 10.321-49.791-39.159  4.657  3.535 52.362  0.975
 -49.339-50.448  9.745 11.159  2.760  1.897-38.788-40.867 -10.23
 6 262 630 1 2 3 117319.728517320.6055
 15.368 -1.349  9.851-39.159-26.542  3.535  3.848 42.136 -2.762
 -38.788-40.867  9.521 11.374  2.905  0.630  0.000  0.000   0.00
 6 662 933 2 6 8 517323.601617324.7402
 11.736  0.676 -7.075-56.139-43.892 11.324 22.628 20.355 -4.426
 -53.017-58.353 -5.926 -7.891  4.699  6.625-43.184-44.416 -17.64
 6 662 933 3 4 7 317323.601617324.7402
 12.306  0.952  8.493 12.167 25.063 11.449  3.872 20.798 -1.972
  13.288 10.159  8.072  9.248  7.347  4.102 26.128 25.005  13.45
 6 762 614 2 1 3 117324.740217325.6602
 14.174  0.512  9.578 25.063 37.192  3.872  0.738 34.246 -1.340
  26.128 25.005  8.863  9.616  0.199  3.674  0.000  0.000   0.00
 6 862 8 9 910191417325.660217326.6563
 13.405  0.399 -6.343-28.375-15.987 25.484  9.131 12.906 -0.308
 -24.784-29.936 -5.525 -6.699  7.720 17.764-12.710-17.519   2.15
 6 962 813 6 8141617326.656317327.9219
 12.971 -0.051 -6.741-15.987 -0.826  9.131  8.184 15.059  0.116
 -12.710-17.519 -5.866 -7.151  2.909  6.222  1.820 -3.104  -0.11
 61062 15310 616 617327.921917329.0117
 15.158  0.401 -6.677 -0.826 14.631  8.184 16.731 14.947  0.058
   1.820 -3.104 -5.975 -7.281  3.786  4.397 16.831 11.993   5.39
 61062 153 0 0 1 117327.921917329.0117
 14.011  0.278-12.292-45.728-31.523  4.881  3.626  0.000  0.000
   0.000  0.000  0.000  0.000  0.000  0.000  0.000  0.000   0.00
 61062 153 1 1 2 117327.921917329.0117
 12.153 -2.799-12.656-51.126-38.947  0.203  0.050 54.422 -0.681
 -50.820-51.226-12.238-12.792  0.050  0.153  0.000  0.000   0.00
 612622343 0 0 1 517329.011717329.7559
 15.991  0.261 -9.604-38.947-27.773  0.050  8.795  0.000  0.000
   0.000  0.000  0.000  0.000  0.000  0.000  0.000-30.464   0.00
 61262 551 1 1 2 117329.755917330.5840
 14.199 -0.048 -8.000 22.121 33.071  6.387  2.792-82.731 -0.828
  22.121 22.016 -8.006 -7.185  6.337  0.050  0.000  0.000   0.00
 61262 551 2 3 5 817329.755917330.5840
 13.504  0.097 -9.798-27.773-17.399  8.795  7.810-27.761 -0.378
 -27.316-30.464-10.035 -8.403  7.518  1.277-16.073-18.833  -1.86
 61262 551 1 1 2 117329.755917330.5840
 14.455 -0.341  5.876-55.193-44.030  1.320  0.543-14.736 -0.698
 -54.812-55.491  5.975  5.798  0.581  0.739  0.000  0.000   0.00
 61762 931 1 6 7 517334.603517335.6699
 11.781  2.549-14.299  6.978 18.498  9.344 19.210 19.597  3.203
   7.533  6.688-14.108-14.399  3.202  6.142 19.965 15.715 -23.34
 61962 540 1 1 2 217336.763717337.6191
 13.999  0.446 -7.659-53.007-41.869  1.939  1.649-45.262  1.313
 -52.508-53.020 -8.159 -7.646  0.050  1.889-41.807-43.850  51.45
 61962 540 3 7101517336.763717337.6191
 12.454 -0.524 16.329-41.092-31.275 19.026 19.504  7.383  1.216
 -39.613-44.048 16.145 16.697 12.681  6.345-29.139-34.860  -4.73
 61962 540 3 2 5 317336.763717337.6191
 14.079  1.122 11.087 39.714 50.921  7.199  1.516  1.717  0.161
  41.167 39.132 11.045 11.105  2.059  5.140 52.126 49.950 -11.43
 62062 9 8 1 1 2 117337.619117338.7617
 14.165 -0.184 -8.041-41.869-26.807  1.649  2.446  6.193 -2.035
 -41.807-43.850 -8.034 -8.254  1.599  0.050  0.000  0.000   0.00
 62062 9 8 8 715 717337.619117338.7617
 13.773  0.177 15.881-31.275-16.662 19.504 39.917  2.651  1.911
 -29.139-34.860 15.786 16.040 12.221  7.283-13.745-21.459   0.00
 62162 544 4 3 71417338.761717339.9023
 16.675 -0.211 16.083-16.662  1.235 39.917 15.460  2.650 -5.908
 -13.745-21.459 15.954 16.297 24.825 15.093  1.825  0.425  24.27
 62262 222 41014 717339.902317340.7813
 13.781  0.287 15.843  1.235 12.489 15.460 22.572 26.924  1.112
   1.825  0.425 15.554 16.238  8.942  6.518 13.803 11.105 -18.05
 62362 515 3 4 7 617340.781317341.7617
 14.247  0.415 16.095 12.489 25.497 22.572  6.099  8.870 -1.036
  13.803 11.105 15.898 16.303 11.575 10.996 26.385 24.961  21.79
 62462 544 2 4 6 317341.761717342.6133
 13.233  0.582 16.502 25.497 35.930  6.099  1.480 30.656 -0.291
  26.385 24.961 15.998 16.807  2.299  3.799 36.012 34.797  -4.37
 62562 918 2 3 5 517342.613317343.8242
 12.231  0.742 -0.061-59.235-45.609 26.038 37.757 30.197  3.649
 -59.085-59.775  0.026 -0.375 20.371  5.666-44.139-48.389 -13.08
 62662 414 3 4 7 517343.824217344.8145
 16.837  0.603-18.436-57.874-42.171  7.597  9.105 19.931 -4.700
 -55.737-60.929-17.700-19.486  4.470  3.127-42.001-42.423 -62.36
 62662 414 3 2 5 917343.824217344.8145
 14.041 -0.776  0.959-45.609-32.675 37.757 42.495 17.116  0.411
 -44.139-48.389  0.507  1.815 24.693 13.063-31.339-35.859   4.36
 62762 427 3 2 5 417344.814517345.6133
 14.433  0.053-19.033-42.171-31.418  9.105  9.467-42.431  0.057
 -42.001-42.423-19.180-18.816  5.436  3.669-31.186-31.575  -9.44
 62762 427 2 2 4 217344.814517345.6133
 14.251  0.107-21.305-48.981-38.373  1.353  1.559-18.741  0.633
 -48.817-49.282-21.357-21.210  0.875  0.477-37.883-38.799  57.33
 62762 427 5 4 91317344.814517345.6133
 13.628  0.457  0.190-32.675-22.565 42.495 31.649 21.479  0.218
 -31.339-35.859 -0.336  1.443 29.927 12.568-20.582-25.259   1.37
 62862 916 1 1 2 217345.613317346.5957
 13.122 -0.264-21.391-38.373-26.433  1.559  0.587 38.588 -0.160
 -37.883-38.799-21.027-21.707  0.725  0.834-26.401-26.545  43.17
 62862 916 1 3 4 517345.613317346.5957
 13.859 -0.449-19.075-31.418-18.753  9.467 13.921-51.874  0.294
 -31.186-31.575-19.355-18.886  3.820  5.647-18.437-19.020   0.22
 62862 916 7 6132217345.613317346.5957
 13.452  0.670  0.556-22.565-10.301 31.649 31.123 22.845 -0.373
 -20.582-25.259 -0.280  1.691 18.227 13.423 -7.947-12.309  -0.90
 62962 941 2 3 5 117346.595717347.8906
 14.328  0.596-18.634-18.753 -1.474 13.921  6.936-51.658 -0.891
 -18.437-19.020-19.014-18.315  6.358  7.563  0.000  0.000   0.00
 62962 941 71522 817346.595717347.8906
 15.626 -0.473  1.215-10.301  8.658 31.123 35.257 21.944 -0.112
  -7.947-12.309  0.266  2.024 14.328 16.795  9.681  5.200  -9.43
 63062 237 0 0 1 217347.890617348.8867
 12.947  0.163-19.406 -1.474 10.435  6.936  6.302  0.000  0.000
   0.000  0.000  0.000  0.000  0.000  0.000  0.000 10.422   0.00
 63062 237 2 6 8 717347.890617348.8867
 14.108 -0.148  0.603  8.658 21.724 35.257 42.316 12.517 -2.999
   9.681  5.200  0.376  1.371 27.209  8.049 22.387 20.797 -11.48
 7 162 244 2 5 7 317348.886717349.8926
 14.686  0.001  0.456 21.724 35.516 42.316 26.249  1.041 -1.028
  22.387 20.797  0.444  0.472 24.651 17.664 35.639 35.144  27.53
 7 162 244 1 1 2 317348.886717349.8926
 13.838 -0.127-19.568 10.435 23.374  6.302  7.638 82.322 -0.036
  10.492 10.422-19.170-19.660  1.189  5.113 23.443 23.127-131.87
 7 162 244 0 0 1 117348.886717349.8926
 13.929 -0.324-23.457  2.243 15.274  0.050  1.323  0.000  0.000
   0.000  0.000  0.000  0.000  0.000  0.000  0.000  0.000   0.00
 7 262 234 1 2 3 217349.892617350.7852
 13.626  0.122-19.440 23.374 34.677  7.638  2.760-49.549  0.317
  23.443 23.127-19.515-19.167  5.986  1.652 34.683 34.609 -35.28
 7 262 234 2 1 3 717349.892617350.7852
 12.177  1.013  0.457 35.516 45.523 26.249 44.335 28.574  5.758
  35.639 35.144  0.389  0.659 19.713  6.537 47.341 41.159 -16.41
 7 962 747 1 2 3 317356.675817357.6953
 14.355 -0.083  9.865-38.621-24.984 18.300 35.275  8.660 -0.882
 -38.465-40.038  9.841 10.077 16.486  1.814-24.728-25.418  -1.13
 71062 719 1 2 3 317357.695317358.6719
 13.909  0.244  9.780-24.984-12.350 35.275 26.053  7.530  2.474
 -24.728-25.418  9.746  9.836 22.218 13.056-12.146-15.350 -10.51
 71162 753 1 2 3 117358.671917359.6777
 14.385  0.124 10.018-12.350  1.131 26.053 51.556 -2.975 -3.160
 -12.146-15.350 10.028  9.864 24.392  1.661  0.000  0.000   0.00
 71462 950 1 3 4 517361.589817362.9551
 14.558 -0.240 10.298 25.401 43.951 40.408 14.791 25.957 -5.235
  25.988 20.206 10.017 12.786 36.310  4.098 44.368 43.476  10.46
 71562 1 3 2 3 5 317362.955117363.6855
 14.398 -0.480  9.970 43.951 53.737 14.791 13.732 36.415  0.434
  44.368 43.476  9.668 10.316  7.882  6.909 54.475 53.231   0.09
 71762 733 0 0 1 417364.685517365.7324
 12.114  1.131  4.660-56.944-45.275  0.575  3.828  0.000  0.000
   0.000  0.000  0.000  0.000  0.000  0.000  0.000-45.330   0.00
 71862 624 1 3 4 217365.732417366.9922
 15.012  0.752  5.845-45.275-27.597  3.828  8.303 28.352 -1.765
 -42.894-45.330  4.567  5.875  0.086  3.742-26.769-27.647 -56.55
 71962 010 1 1 2 117366.992217368.7188
 15.055 -0.422  6.792-27.597 -3.285  8.303  0.445-28.197 -0.989
 -26.769-27.647  7.233  6.766  0.470  7.833  0.000  0.000   0.00
 72262 654 0 0 1 317369.710917370.7207
 13.684 -0.862  1.969-58.039-45.218 11.112  6.451  0.000  0.000
   0.000  0.000  0.000  0.000  0.000  0.000  0.000-45.230   0.00
 72362 641 1 2 3 217370.720717371.7168
 14.128  0.245  1.099-45.218-32.132  6.451  9.691-75.467  0.123
 -45.119-45.230  1.483  1.053  0.691  5.760-32.125-32.170  -9.96
 72462 648 1 1 2 517371.716817372.6602
 12.527 -0.599  1.343-32.132-21.217  9.691  3.104-85.427  2.817
 -32.125-32.170  1.441  0.875  8.013  1.678-19.562-22.450  53.99
 72562 8 7 3 2 5 317372.660217373.7031
 14.224 -0.566  0.776-21.217 -7.419  3.104  1.766-31.440 -2.074
 -19.562-22.450  1.788  0.023  1.325  1.779 -7.379 -7.538 114.48
 72662 7 8 2 1 3 517373.703117374.6680
 13.432  0.676 -0.187 -7.419  4.611  1.766  1.821 83.039  3.884
  -7.379 -7.538  0.147 -1.154  1.313  0.453  5.015  0.169 -61.93
 72762 756 4 1 5 517374.668017375.5957
 13.661 -0.008  0.840  4.611 16.378  1.821  1.639 21.106  0.074
   5.015  0.169  0.684  2.554  1.669  0.152 17.124 12.720  12.22
 72862 941 2 3 5 117375.595717376.9141
 15.008  0.302  0.832 16.378 34.870  1.639  0.002 33.325 -5.269
  17.124 12.720  0.342  3.237  1.361  0.278  0.000  0.000   0.00
 72862 941 1 1 2 117375.595717376.9141
 14.135  0.840  0.122 17.528 34.870  0.227  0.002-41.643 -0.874
  18.037 17.384  0.575 -0.006  0.050  0.177  0.000  0.000   0.00
 81262 722 1 4 5 517390.693417391.7656
 13.384 -0.180  6.744 -7.301  6.009  6.599 12.926 -1.273 -0.383
  -6.565-10.679  6.761  6.670  5.419  1.180  8.620  4.917   7.95
 81362 537 2 3 51517391.765617392.7617
 14.195 -0.153  6.551  6.009 19.160 12.926 20.042  6.676  0.124
   8.620  4.917  6.248  6.678  3.810  9.116 21.501 17.680 -13.94
 81462 544 7 8151517392.761717393.7031
 14.469 -0.578  6.399 19.160 31.873 20.042 25.071 -7.263  1.835
  21.501 17.680  6.696  6.212  7.766 12.276 35.143 29.474  12.46
 81562 7 7 5 4 91517393.703117394.8730
 14.896  0.309  2.628-50.778-34.493 15.084 10.355-21.841  1.009
 -47.717-51.858  3.854  2.195  3.935 11.150-31.512-36.616   0.65
 81562 7 7 8 7151517393.703117394.8730
 14.122  0.524  5.855 31.873 47.252 25.071 26.366  5.197  0.504
  35.143 29.474  5.559  6.072 10.610 14.461 51.052 44.868  -0.35
 81662 3 1 7 815 917394.873017395.7910
 14.386 -0.370  6.468 47.252 59.542 26.366 32.352  4.852  0.081
  51.052 44.868  6.148  6.669 10.163 16.203 63.175 56.997   5.69
 81762 5 1 6 2 8 317395.791017396.7988
 14.319 -0.553  2.510-25.080-11.639 15.447 12.553 45.317 -0.118
 -24.743-25.307  2.170  2.740  6.231  9.216-11.487-12.043  -9.78
 81762 5 1 1 1 2 717395.791017396.7988
 14.389 -0.044  2.768-33.069-19.557  1.854  7.746  3.362 -0.369
 -32.598-35.326  2.740  2.900  1.534  0.320-18.375-20.186 -43.35
 81862 451 1 2 3 317396.798817397.6660
 14.187  0.056  1.952-11.639 -0.183 12.553  1.985 35.539  0.838
 -11.487-12.043  1.844  2.241  9.128  3.425  0.024 -0.757  23.61
 81862 451 3 4 71117396.798817397.6660
 13.839 -0.064  2.724-19.557 -8.403  7.746 20.486-39.990 -0.222
 -18.375-20.186  3.714  2.197  2.692  5.054 -7.512 -9.651  37.10
 81962 8 1 5 6111517397.666017398.9082
 14.919 -0.127  2.668 -8.403  8.925 20.486 14.061 -2.886  4.335
  -7.512 -9.651  2.713  2.605 11.958  8.528 12.243  5.777  -0.82
 82062 211 6 9151217398.908217399.8555
 13.334  0.295  2.510  8.925 20.635 14.061  6.426 -3.709 -3.230
  12.243  5.777  2.725  2.306  6.845  7.216 22.186 18.957  -2.42
 82162 326 2 1 3 117399.855517400.9492
 14.004  0.131  1.252 28.689 42.925 14.331  2.095-31.426 -0.813
  28.808 28.114  1.324  0.901 11.877  2.454  0.000  0.000   0.00
 82162 326 4 812 417399.855517400.9492
 12.054 -0.661  2.790 20.635 32.740  6.426  4.629 -6.133  1.564
  22.186 18.957  2.956  2.610  3.339  3.087 36.139 31.435  -5.96
 83062 719 1 2 3 117408.695317409.7207
 15.116  0.421 -4.982-36.387-21.869  1.150  1.877-21.923 -1.893
 -36.082-37.845 -5.104 -4.397  0.951  0.199  0.000  0.000   0.00
 83062 719 2 1 3 717408.695317409.7207
 14.674  0.432  9.917-39.771-25.707  8.413 11.038  0.358  1.467
 -38.489-41.684  9.910  9.929  5.038  3.375-23.285-27.968   3.12
 83162 640 0 0 1 817409.720717410.6855
 16.403 -0.749 -5.414-21.869 -7.014  1.877  9.339  0.000  0.000
   0.000  0.000  0.000  0.000  0.000  0.000  0.000 -8.888   0.00
 83162 640 3 4 71617409.720717410.6855
 14.073  0.741 10.361-25.707-13.097 11.038 40.976  3.481 -0.068
 -23.285-27.968 10.216 10.497  5.330  5.708-10.091-14.718  -0.85
 9 162 733 2 6 81217410.685517411.6855
 14.080  0.597 -4.693 -7.014  6.085  9.339 14.808 12.901 -0.238
  -6.332 -8.888 -4.537 -5.121  6.847  2.492  7.699  5.387   1.34
 9 162 733 8 8161917410.685517411.6855
 16.019 -0.913 11.075-13.097  1.941 40.976 33.324  2.632  0.693
 -10.091-14.718 10.939 11.148 14.358 26.618  3.705 -1.613  -0.07
 9 262 733 6 612 617411.685517412.8926
 14.433 -0.261 -5.290  6.085 22.320 14.808 15.600 14.237  1.679
   7.699  5.387 -4.882 -5.466  4.470 10.338 24.106 20.132  -1.78
 9 262 733 613191217411.685517412.8926
 13.986  0.286 10.163  1.941 17.637 33.324 22.772  2.559  0.040
   3.705 -1.613 10.085 10.319 22.270 11.054 19.698 14.350   2.58
 9 362 236 2 4 6 317412.892617413.8906
 12.864  0.619 -4.975 22.320 34.186 15.600  2.626 12.455 -1.045
  24.106 20.132 -4.582 -5.456  8.589  7.011 36.909 34.079   8.18
 9 362 236 1 1 2 217412.892617413.8906
 13.561  0.326  5.749-50.595-38.034 46.055 13.869-89.446 -0.080
 -50.594-50.601  5.875  5.129 38.262  7.794-37.840-38.070 159.36
 9 362 236 5 7121217412.892617413.8906
 15.143 -0.112 10.508 17.637 31.780 22.772 40.367  5.136  1.128
  19.698 14.350 10.326 10.799 13.998  8.773 33.421 26.906  -5.96
 9 462 237 1 1 2 217413.890617414.6328
 14.116 -0.345-11.787-56.864-47.123 13.916 10.286 -5.494  1.247
 -56.855-59.457-11.788-11.543 13.866  0.050-47.104-50.987   3.46
 9 462 237 1 1 2 417413.890617414.6328
 14.225  0.400  6.074-38.034-28.211 13.869 47.994 69.915  0.335
 -37.840-38.070  5.549  6.174  2.213 11.656-28.011-29.011 -63.11
 9 862 852 3 710 817417.628917418.6816
 13.617  0.003-11.855-10.092  3.201 25.455 25.953  2.198 -0.108
  -8.801-12.745-11.806-11.954 17.122  8.333  4.585  0.850  11.01
 9 862 852 1 7 8 417417.628917418.6816
 13.857  0.431  6.327 11.235 24.781 20.509 18.673-40.007 -0.696
  11.520 10.340  6.564  5.580 15.562  4.946 25.193 24.442  13.29
 9 962 737 2 6 8 617418.681617419.7305
 15.024  0.164-11.858  3.201 17.934 25.953 12.025 13.205  1.215
   4.585  0.850-11.540-12.398 16.335  9.619 18.365 13.517   4.22
 9 962 737 2 2 4 317418.681617419.7305
 14.358 -0.220  6.780 24.781 38.816 18.673 24.871-26.715 -0.131
  25.193 24.442  6.986  6.611  8.429 10.244 39.011 38.380  -0.41
 91062 626 2 1 3 317419.730517420.6406
 14.195  0.385  6.549 38.816 50.836 24.871 22.972-27.120  0.038
  39.011 38.380  6.648  6.327 17.209  7.661 51.135 50.611 -18.35
 91062 626 1 5 6 317419.730517420.6406
 14.920 -0.596-12.030 17.934 30.613 12.025  7.904 17.426 -4.436
  18.365 13.517-11.898-13.386 10.955  1.069 30.707 30.356  32.53
 91062 626 0 0 1 217419.730517420.6406
 13.809 -0.053 24.257-54.239-42.571  2.881  3.967  0.000  0.000
   0.000  0.000  0.000  0.000  0.000  0.000  0.000-43.243   0.00
 91162 837 1 2 3 217420.640617421.6738
 14.224  0.134-11.488 30.613 44.296  7.904 12.142 49.960  0.050
  30.707 30.356-11.379-11.788  5.799  2.105 44.562 44.165  -1.60
 91162 837 1 1 2 617420.640617421.6738
 16.588 -0.497 24.209-42.571-26.446  3.967 11.338 24.068  1.793
 -41.842-43.243 23.912 24.483  1.904  2.063-25.811-29.265 -31.86
 91262 748 4 5 91117421.673817422.9688
 12.944 -0.043 21.839-55.841-40.358 32.911 37.019  6.005  0.233
 -53.716-59.152 21.632 22.162 20.045 12.867-36.033-41.730  -1.43
 91362 045 6 5111317422.968817423.9688
 16.227  0.425 21.783-40.358-25.125 37.019 39.716  4.579  1.509
 -36.033-41.730 21.462 21.885  8.914 28.105-21.683-29.045  -3.67
 91462 045 6 7131717423.968817424.7617
 16.179  0.966 22.208-25.125-13.053 39.716 28.123  0.913  0.209
 -21.683-29.045 22.157 22.266 21.149 18.567-11.114-18.744  -0.07
 91662 252 813212917425.880917426.6152
 14.212  0.354 22.226 -2.632  7.078 48.655 25.520  6.872  0.627
   0.801 -6.233 21.843 22.628 24.905 23.750 11.448  3.698  -2.13
 91762 9151217291617426.615217427.7227
 15.478 -0.032 22.486  7.078 23.152 25.520 26.508  4.744 -1.204
  11.448  3.698 22.151 22.745 11.129 14.391 24.888 18.555   7.12
 91862 637 8 8161617427.722717428.6270
 13.327  0.310 22.451 23.152 34.313 26.508 14.350 11.867  0.460
  24.888 18.555 22.114 23.344 19.243  7.265 36.369 29.464  -3.24
 91962 85611 516 817428.627017429.6152
 16.358 -0.378 22.731 34.313 49.484 14.350 11.218  8.625 -4.544
  36.369 29.464 22.443 23.409 10.077  4.273 50.308 48.258  -9.59
 92162 924 3 3 6 317430.607417431.5938
 15.675  0.289-15.186  7.182 21.680  6.643  1.520-26.449  0.279
   8.162  6.199-15.656-14.714  3.328  3.314 21.975 19.967  62.55
 92262 943 1 2 3 617431.593817432.7461
 13.443  1.023  8.769-54.211-39.874  9.016 31.586 -8.653  0.238
 -52.257-57.048  9.063  8.342  5.338  3.678-36.876-41.919  -0.27
 92362 6 7 4 2 61717432.746117433.6230
 16.182 -0.739  9.946-39.874-26.535 31.586 31.133 -8.922  1.508
 -36.876-41.919 10.410  9.630 12.804 18.782-23.799-30.254  -4.03
 92962 426 0 0 1 217438.814517439.6875
 13.522 -0.851  9.074 46.824 57.776  5.545  5.839  0.000  0.000
   0.000  0.000  0.000  0.000  0.000  0.000  0.000 57.670   0.00
 93062 729 1 1 2 117439.687517440.6172
 15.708  0.202 -9.896-24.410-10.740  0.799  1.315-86.070 -0.604
 -24.373-24.415-10.426 -9.824  0.095  0.703  0.000  0.000   0.00
 93062 729 3 8111717439.687517440.6172
 13.034 -0.974  8.899-54.163-42.975 35.281 37.850-11.047 -0.192
 -50.568-55.211  9.592  8.697  7.966 27.316-39.202-43.440  -9.48
10 162 911 8 9171517440.617217441.6211
 14.315  0.346  7.995-42.975-29.599 37.850 37.808-20.529  2.330
 -39.202-43.440  9.394  7.822  4.152 33.697-24.036-30.827  11.05
10 262 9 7 9 615 417441.621117442.8945
 12.862 -0.895  8.341-29.599-14.473 37.808 13.208 -9.475 -4.369
 -24.036-30.827  9.260  8.139  6.839 30.969-14.346-15.320  76.17
10 362 232 1 3 4 217442.894517444.6250
 14.071 -0.293  7.202-14.473  8.172 13.208  3.801 66.699 -2.063
 -14.346-15.320  6.909  9.153 11.482  1.725  8.254  8.136-138.70
10 562 9 0 1 1 2 217444.625017445.6211
 13.959 -0.088  6.695  8.172 21.110  3.801  7.653-71.998 -0.076
   8.254  8.136  6.946  6.584  1.167  2.634 21.174 21.044   7.11
10 662 9 4 1 1 2 317445.621117446.7051
 13.916  0.056  6.608 21.110 35.127  7.653  6.836-64.890  1.752
  21.174 21.044  6.745  6.468  3.869  3.785 37.072 35.002  63.05
10 762 7 3 1 1 2 517446.705117447.6172
 14.741  0.386  3.043-50.151-37.598  2.976  4.160 -2.354 -1.256
 -50.108-52.661  3.045  2.940  2.926  0.050-37.410-38.700   8.80
10 762 7 3 1 2 3 317446.705117447.6172
 14.197 -0.541  6.669 35.127 47.182  6.836  6.202 -1.837 -1.579
  37.072 35.002  6.731  6.665  0.412  6.423 47.334 47.163 -67.30
10 862 9 9 2 3 5 417447.617217448.9375
 15.170 -0.724  3.395-37.598-18.873  4.160  3.443  6.442  3.307
 -37.410-38.700  3.374  3.519  3.553  0.607-18.208-22.782 -13.29
10 862 9 9 0 0 1 417447.617217448.9375
 13.994 -0.874  5.811-48.159-30.986  0.762 13.650  0.000  0.000
   0.000  0.000  0.000  0.000  0.000  0.000  0.000-31.146   0.00
101062 9151213251517449.615217450.6250
 13.042  1.189  4.439-18.810 -6.620 32.711  8.528  5.591 -3.996
 -13.398-22.983  3.911  4.846 14.240 18.471 -3.996 -9.605 -10.85
101062 915 2 9111217449.615217450.6250
 13.222  0.261-11.422-51.549-39.177 15.433 23.296-27.660  0.158
 -51.214-52.302-11.594-11.035 10.681  4.751-38.838-40.184  13.28
101162 858 3 3 6 917450.625017451.6172
 13.038  0.061  1.997  4.248 16.208 14.002 15.439-29.619  2.620
   4.608  3.993  2.202  1.853  5.806  8.196 17.595 14.265  28.96
101162 858 41115 917450.625017451.6172
 15.232  0.099  5.641 -6.620  7.517  8.528 11.825 -5.260 -0.405
  -3.996 -9.605  5.882  5.368  4.538  3.990  8.572  3.348   3.27
101162 858 21012 817450.625017451.6172
 13.472  0.519-11.686-39.177-26.786 23.296 12.418-14.384  1.563
 -38.838-40.184-11.771-11.433 17.442  5.854-25.830-28.773  24.69
101262 9 9 3 6 9 317451.617217452.7793
 14.201 -0.244  2.058 16.208 31.552 15.439  7.134 -0.657 -0.246
  17.595 14.265  2.074  2.036  9.010  6.429 32.154 29.093  -6.19
101262 9 9 3 6 9 417451.617217452.7793
 15.575 -0.448  5.740  7.517 24.457 11.825  5.512 -1.993 -4.351
   8.572  3.348  5.776  5.595  9.437  2.387 24.796 24.126  40.23
101262 9 9 2 6 82317451.617217452.7793
 14.451 -0.135-12.201-26.786-11.152 12.418 60.298 10.310 -1.294
 -25.830-28.773-12.031-12.554  8.385  4.033-10.301-11.965 -13.60
102162 8 3 0 0 1 217460.664117461.7266
 13.776 -0.654 10.858-40.376-26.796 11.184  4.451  0.000  0.000
   0.000  0.000  0.000  0.000  0.000  0.000  0.000-27.680   0.00
102162 8 3 2 3 5 317460.664117461.7266
 14.221 -0.365 10.085-56.200-42.148 14.535  7.813 78.521  3.566
 -56.160-56.244  9.889 10.297  7.550  6.985-42.123-46.022 -63.31
102262 633 1 1 2 217461.726617462.6953
 14.225  0.734 10.164-26.796-13.981  4.451  5.546 -7.344  0.074
 -26.562-27.680 10.194 10.052  3.518  0.933-13.877-15.079   2.57
102262 633 2 1 3 217461.726617462.6953
 13.742  0.684  9.698-42.148-29.800  7.813 14.003 15.207 -3.176
 -42.123-46.022  9.691 10.736  7.763  0.050-29.518-29.994  39.34
102262 633 1 1 2 417461.726617462.6953
 12.285  1.669 11.120-49.192-38.254  2.596  5.565  1.580  1.429
 -47.771-49.219 11.081 11.120  0.050  2.546-36.711-39.163  31.37
102362 719 1 1 2 217462.695317463.6934
 14.214 -0.236 10.874-13.981 -0.763  5.546  6.455 -4.775  1.114
 -13.877-15.079 10.883 10.784  5.067  0.479 -0.710 -1.966 -52.73
102362 719 0 0 1 817462.695317463.6934
 15.017  0.420-12.625 31.509 45.530  1.598 19.201  0.000  0.000
   0.000  0.000  0.000  0.000  0.000  0.000  0.000 43.526   0.00
102462 721 3 5 8 917463.693417464.6914
 14.681 -0.163-13.045 45.530 59.205 19.201 15.063 -1.156  1.048
  48.173 43.526-13.097-13.006  8.279 10.922 61.960 56.254   5.12
102462 721 3 6 9 617463.693417464.6914
 16.433 -1.088 11.677-19.667 -4.242  5.184  8.702 15.922 -3.274
 -16.917-24.354 10.908 12.986  3.267  1.917 -3.586 -7.737   2.49
102462 721 1 1 2 117463.693417464.6914
 13.884 -0.042 10.638 -0.763 12.117  6.455  2.514-57.504 -2.298
  -0.710 -1.966 10.719  8.781  6.184  0.270  0.000  0.000   0.00
102562 722 2 4 6 417464.691417465.8242
 14.638 -0.326 10.590 -4.242 11.201  8.702 16.038 18.407 -2.877
  -3.586 -7.737 10.376 11.734  7.326  1.375 11.445 10.808  45.43
102562 722 0 0 1 417464.691417465.8242
 13.125 -1.121 11.489 -2.530 11.201  0.156 16.038  0.000  0.000
   0.000  0.000  0.000  0.000  0.000  0.000  0.000 10.808   0.00
102562 722 0 0 1 417464.691417465.8242
 13.926  2.705  7.162 -3.437 11.201  0.189 16.038  0.000  0.000
   0.000  0.000  0.000  0.000  0.000  0.000  0.000 10.808   0.00
102662 414 2 2 4 917465.824217466.9141
 13.966  0.032 10.221 11.201 25.352 16.038 14.418 63.841  3.752
  11.445 10.808  9.732 11.010  9.899  6.139 25.844 20.678 -53.00
102762 2 3 2 7 9 717466.914117467.6758
 14.506  0.047 10.256 25.352 35.643 14.418 15.323 10.843 -3.588
  25.844 20.678 10.164 11.137 13.047  1.371 35.978 35.400 -79.85
102762 2 3 4 3 7 217466.914117467.6758
 13.908  0.132 17.530-50.866-41.031  3.811  0.353 19.736 -0.301
 -49.576-51.084 17.088 17.604  0.553  3.258-40.418-41.132 -76.04
102862 747 4 3 7 317467.675817468.7188
 14.489 -0.068 10.292 35.643 49.736 15.323 14.848-69.012  0.263
  35.978 35.400 11.151  9.669  6.440  8.884 50.418 49.244  17.64
11 362 637 2 2 4 117473.724617474.7402
 12.526  0.321-14.124 29.926 41.642 16.138  0.385  4.876 -4.907
  32.830 27.788-13.884-14.301  6.842  9.297  0.000  0.000   0.00
11 862 716 0 0 1 217478.697317479.7500
 13.895  0.002-12.864-46.813-33.214 37.914 27.963  0.000  0.000
   0.000  0.000  0.000  0.000  0.000  0.000  0.000-34.834   0.00
11 962 6 0 1 1 2 117479.750017480.8965
 13.924 -0.042-12.867-33.214-18.371 27.963 53.747-24.645 -1.746
 -33.206-34.834-12.870-12.142 27.827  0.136  0.000  0.000   0.00
111062 227 0 0 1 117480.896517481.8203
 13.849  0.336-12.819-18.371 -6.490 53.747 34.305  0.000  0.000
   0.000  0.000  0.000  0.000  0.000  0.000  0.000  0.000   0.00
111162 417 0 0 1 117481.820317482.9863
 15.058 -0.594-13.129 -6.490  9.908 34.305 32.181  0.000  0.000
   0.000  0.000  0.000  0.000  0.000  0.000  0.000  0.000   0.00
111562 626 0 0 1 117485.730517486.8984
 14.515 -2.856-12.437  9.908 25.693 32.181  0.219  0.000  0.000
   0.000  0.000  0.000  0.000  0.000  0.000  0.000  0.000   0.00
111662 226 8 412 517486.898417487.8906
 12.742  0.610-15.061 -1.546 10.129 14.882  8.383 18.984 -2.093
   0.904 -3.904-14.247-15.844  7.297  7.585 11.582  8.656 -18.61
111662 226 31013 517486.898417487.8906
 15.422  0.204 12.865 -3.313 11.024 17.607 21.029 -6.696  0.669
  -0.631 -5.374 13.172 12.629  7.653  9.955 12.919  7.640  -8.36
111762 237 3 2 51217487.890617488.7168
 15.412 -0.015-15.667 10.129 22.031  8.383 11.542  0.377  0.671
  11.582  8.656-15.657-15.676  4.219  4.164 23.852 20.331  13.19
111762 237 2 3 51017487.890617488.7168
 16.164  0.470 13.067 11.024 23.546 21.029 24.187-15.058 -0.189
  12.919  7.640 13.564 12.181 13.478  7.551 24.223 19.239  -4.24
111862 648 6 612 717488.716817489.7324
 13.390 -0.275-15.654 22.031 34.642 11.542  5.772 13.563  0.272
  23.852 20.331-15.231-16.049  5.571  5.971 36.301 32.404 -11.38
111862 648 4 610 217488.716817489.7324
 15.038  0.523 13.455 23.546 37.833 24.187  6.546-19.297 -4.805
  24.223 19.239 13.685 11.988 20.900  3.288 37.886 37.751  86.14
111962 624 1 1 2 217489.732417490.7480
 14.939 -0.362 13.987 37.833 51.991  6.546  9.962 66.838  0.111
  37.886 37.751 13.867 14.172  3.981  2.565 52.084 51.953   6.47
112762 552 0 0 1 317497.755917498.7051
 14.278 -0.721  1.955-45.616-32.996 14.687 16.321  0.000  0.000
   0.000  0.000  0.000  0.000  0.000  0.000  0.000-37.007   0.00
112862 7 4 1 2 3 117498.705117499.7949
 14.335  0.038  1.270-32.996-18.440 16.321 20.784 -7.048 -4.065
 -32.972-37.007  1.273  0.775 16.221  0.100  0.000  0.000   0.00
112962 454 0 0 1 117499.794917500.9121
 14.002 -0.020  1.312-18.440 -3.895 20.784  8.746  0.000  0.000
   0.000  0.000  0.000  0.000  0.000  0.000  0.000  0.000   0.00
113062 2 6 0 0 1 117500.912117501.6895
 14.162 -0.162  1.290 -3.895  6.337  8.746 11.955  0.000  0.000
   0.000  0.000  0.000  0.000  0.000  0.000  0.000  0.000   0.00
113062 2 6 4 2 6 317500.912117501.6895
 16.077 -0.306 16.844-29.268-17.550  8.916 13.052 -0.849  1.362
 -27.291-29.857 16.872 16.836  2.046  6.871-15.997-19.950  -6.39
12 362 714 2 810 817503.699217504.7188
 13.402 -0.725 16.734  8.927 21.588 12.397  9.642-25.528 -0.208
  11.460  6.610 17.892 15.674  5.923  6.474 24.161 19.498   0.71
12 362 714 1 1 2 217503.699217504.7188
 13.575 -0.715  1.828 33.439 46.276 14.117 10.349-79.172 -0.036
  33.490 33.387  2.094  1.555  7.153  6.964 46.353 46.232   2.82
12 462 645 5 4 9 317504.718817505.6953
 12.175 -0.119 18.542-17.667 -6.732  3.941  3.190 -1.490  0.903
 -15.691-19.452 18.591 18.498  1.870  2.071 -2.094 -6.806   1.01
12 462 645 2 6 8 217504.718817505.6953
 16.591  1.158 15.994 21.588 36.838  9.642  8.452-24.815 -0.171
  24.161 19.498 17.138 15.065  4.321  5.321 36.977 32.260   5.78
12 462 645 1 1 2 217504.718817505.6953
 14.778  0.331  1.099 46.276 59.755 10.349  5.271-76.355  0.085
  46.353 46.232  1.417  0.918  3.762  6.587 59.761 59.743 164.60
12 562 718 1 2 3 117505.695317506.9824
 15.165  2.556 18.426 -6.732 11.517  3.190  0.180 -0.477 -4.470
  -2.094 -6.806 18.462 18.425  0.050  3.140  0.000  0.000   0.00
12 762 624 1 4 5 317507.732417508.8887
 13.718  0.291-12.099-24.136 -9.420 11.518  8.521-58.624  0.424
 -24.056-24.428-12.228-11.631  9.034  2.484 -9.300-10.201  97.05
12 862 240 2 1 3 817508.888717509.7227
 14.153 -0.197-12.436 -9.420  1.565  8.521  6.536 38.423 -0.352
  -9.300-10.201-12.343-13.041  7.387  1.134  1.782  1.149  -1.74
121262 232 2 1 3 317512.894517513.6719
 15.710  0.281 -4.162-43.860-32.405  0.814  0.792  6.048  0.378
 -41.488-45.017 -3.911 -4.284  0.267  0.547-30.806-34.645   6.32
122062 439 2 9111017520.804717521.7520
 12.854 -0.193  9.492 28.673 39.903 18.400 32.107 27.010  0.943
  31.172 26.437  8.236 10.617  8.690  9.710 43.287 37.440  -5.89
