 11141 73015 520 4 9507.6865 9508.6768
 11.596  1.055 -0.594-18.093 -7.579 79.410  0.942-29.495-28.814
  -6.009-31.670 -9.074  5.440 12.525 14.244 -7.140 -7.805  31.91
 11341 753 1 1 2 2 9509.6709 9510.7090
 14.017  0.115 11.229 -1.515 12.021 11.774  6.391-83.415 -0.309
  -1.514 -1.578 11.235 10.693 11.642  0.132 12.022 11.960   8.14
 11441 659 1 1 2 2 9510.7090 9511.6816
 14.609 -0.601 11.348 12.021 25.282  6.391  5.543-75.278  0.278
  12.022 11.960 11.350 11.121  6.348  0.043 25.554 25.039  64.75
 11541 737 1 1 2 1 9511.6816 9512.6787
 14.896 -2.462 10.764 25.282 39.151  5.543  9.632-10.528 -0.515
  25.554 25.039 10.814 10.720  2.615  2.928  0.000  0.000   0.00
 11641 742 0 0 1 1 9512.6787 9513.6836
 13.223  2.979  8.311 39.151 51.455  9.632  6.105  0.000  0.000
   0.000  0.000  0.000  0.000  0.000  0.000  0.000  0.000   0.00
 11841 754 4 2 6 6 9514.6699 9515.7900
 15.808  0.173 -5.171-39.517-22.917  4.333  3.853 -4.290 -0.790
 -38.148-40.757 -5.273 -5.079  2.060  2.273-22.652-23.951 -40.27
 11841 754 0 0 1 1 9514.6699 9515.7900
 14.406 -0.219 12.437-48.203-33.172 12.366 14.310  0.000  0.000
   0.000  0.000  0.000  0.000  0.000  0.000  0.000  0.000   0.00
 13041 746 0 6 6 2 9526.6758 9527.6699
 11.559  1.151 -5.365-22.917-12.403  3.853  8.582 11.982-53.028
   0.000-52.470  0.000-11.087  1.000 24.244-12.184-12.535   9.82
 2 341 8 5 1 1 2 4 9530.6621 9531.6650
 14.705  0.063 -1.022 28.337 42.092 18.307  1.293-44.702  0.125
  28.416 28.273 -1.100 -0.959  8.193 10.114 42.185 41.906  13.44
 2 341 8 5 5 611 9 9530.6621 9531.6650
 14.967  0.276 -9.986 -1.015 13.003  8.699 36.844-24.289 -0.587
  -0.153 -2.317-10.369 -9.408  5.236  3.463 13.199 11.843 -16.07
 2 341 8 5 1 1 2 2 9530.6621 9531.6650
 14.354 -0.543-11.268-14.132 -0.729  5.295  3.250 66.682 -0.034
 -13.776-14.271-10.458-11.585  1.490  3.805 -0.724 -0.827  18.46
 2 341 8 5 0 0 1 3 9530.6621 9531.6650
 14.455 -0.385  9.301 -4.972  8.531  0.145  3.317  0.000  0.000
   0.000  0.000  0.000  0.000  0.000  0.000  0.000  7.905   0.00
 2 341 8 5 1 1 2 1 9530.6621 9531.6650
 14.796 -0.787 13.586 41.029 54.875  3.600  0.701-82.825 -0.942
  41.119 40.998 14.276 13.341  0.943  2.657  0.000  0.000   0.00
 2 441 8 3 2 7 9 5 9531.6650 9532.6904
 14.657  0.651-10.263 13.003 27.032 36.844 24.839-40.357 -0.849
  13.199 11.843-10.427 -9.293 31.518  5.326 27.455 26.676  72.38
 2 441 8 3 1 1 2 2 9531.6650 9532.6904
 14.167  0.788-10.723 -0.729 12.798  3.250 10.462 85.139  0.188
  -0.724 -0.827-10.671-11.859  3.107  0.143 12.905 12.406 -15.90
 2 441 8 3 1 2 3 7 9531.6650 9532.6904
 15.762 -0.619 -8.701-27.799-12.636  1.490 12.046-13.899  0.471
 -26.260-28.826 -9.077 -8.450  0.596  0.893-11.441-14.470  27.31
 2 441 8 3 0 0 1 7 9531.6650 9532.6904
 15.895 -1.477  4.363 23.649 38.948  0.991  7.398  0.000  0.000
   0.000  0.000  0.000  0.000  0.000  0.000  0.000 37.257   0.00
 2 441 8 3 3 1 4 3 9531.6650 9532.6904
 14.693  0.158 -1.085 42.092 56.158  1.293  2.416-31.264  1.825
  42.185 41.906 -1.142 -0.973  0.860  0.433 56.367 54.400   7.32
 3 541 233 0 0 1 1 9560.8926 9561.6787
 16.250 -2.698 14.176 -0.958 11.045  0.529  0.502  0.000  0.000
   0.000  0.000  0.000  0.000  0.000  0.000  0.000  0.000   0.00
 3 641 741 1 1 2 4 9561.6787 9562.6836
 15.810 -0.307 11.200-32.381-17.482  2.581  5.141  4.649 -0.792
 -29.133-33.691 10.941 11.304  0.742  1.839-15.476-19.238  -4.33
 3 841 724 7 61312 9563.6914 9564.7588
 16.241  0.138 11.238 28.490 44.787 26.398 37.662 12.822  2.718
  30.690 27.816 10.746 11.388  6.193 20.204 47.188 41.576  -1.58
 3 941 546 5 71215 9564.7588 9565.7646
 13.691 -1.033 11.385 44.787 57.566 37.662 49.215 11.246 -1.358
  47.188 41.576 10.917 12.011 21.550 16.112 59.853 55.563  -4.31
 31641 811 0 0 1 1 9571.6582 9572.6719
 14.365 -0.359-10.266-53.101-39.533  7.797  5.378  0.000  0.000
   0.000  0.000  0.000  0.000  0.000  0.000  0.000  0.000   0.00
 31641 811 1 1 2 2 9571.6582 9572.6719
 15.555 -0.906 15.049-48.503-33.729  2.535  1.184 62.234 -0.106
 -48.237-48.524 14.560 15.087  0.184  2.351-33.677-33.749-143.99
 31641 811 5 2 718 9571.6582 9572.6719
 15.009 -0.730 10.748-38.919-24.699  7.000 31.754-24.989  1.740
 -37.584-39.691 11.359 10.394  2.565  4.435-21.945-25.855   8.12
 31741 752 0 0 1 1 9572.6719 9573.6611
 13.570  0.553 -9.902-39.533-27.086  5.378  3.188  0.000  0.000
   0.000  0.000  0.000  0.000  0.000  0.000  0.000  0.000   0.00
 31741 752 8101834 9572.6719 9573.6611
 13.369 -0.192 10.008-24.699-12.451 31.754 47.514-16.866  0.440
 -21.945-25.855 10.830  9.663  9.391 22.363-10.194-14.714  20.69
 31841 8 7 0 0 1 1 9573.6611 9574.6553
 14.512 -0.244-10.449-27.086-13.642  3.188  4.143  0.000  0.000
   0.000  0.000  0.000  0.000  0.000  0.000  0.000  0.000   0.00
 31841 8 7 2 5 7 4 9573.6611 9574.6553
 14.504 -0.861-14.952-50.305-36.870 15.295 13.170-11.960 -0.026
 -49.342-53.585-15.150-14.281 11.821  3.474-35.720-39.928   0.48
 31841 8 719153435 9573.6611 9574.6553
 14.580  0.263  9.818-12.451  1.061 47.514 51.249  3.824  0.408
 -10.194-14.714  9.669  9.967 23.788 23.726  3.818 -1.124  -6.75
 31941 816 0 0 1 1 9574.6553 9575.7246
 14.097  0.323-10.207-13.642  0.391  4.143  4.314  0.000  0.000
   0.000  0.000  0.000  0.000  0.000  0.000  0.000  0.000   0.00
 31941 816 2 2 4 4 9574.6553 9575.7246
 15.068  0.588-14.097-36.870-21.798 13.170 15.135-11.483 -2.906
 -35.720-39.928-14.324-13.495  9.571  3.599-21.220-22.481  25.89
 31941 816 1 1 2 1 9574.6553 9575.7246
 16.551 -0.675 13.041-40.906-24.247  4.174  3.484  3.977 -2.766
 -39.870-42.702 12.970 13.162  2.646  1.527  0.000  0.000   0.00
 31941 81618173522 9574.6553 9575.7246
 14.148  0.255 10.079  1.061 15.148 51.249 61.877 -2.930  0.772
   3.818 -1.124 10.218  9.969 22.661 28.588 17.822 12.257 -11.15
 31941 816 0 0 1 1 9574.6553 9575.7246
 14.476 -0.388 13.361 12.661 27.100  0.362  5.783  0.000  0.000
   0.000  0.000  0.000  0.000  0.000  0.000  0.000  0.000   0.00
 32041 636 0 0 1 2 9575.7246 9576.6719
 14.184 -0.187-10.552  0.391 12.885  4.314  6.087  0.000  0.000
   0.000  0.000  0.000  0.000  0.000  0.000  0.000 12.847   0.00
 32041 636 2 2 4 7 9575.7246 9576.6719
 13.322 -0.347-14.726-21.798-10.120 15.135 20.562 14.406  6.555
 -21.220-22.481-14.583-14.896  8.197  6.938 -9.170-17.214 -10.03
 32041 636 0 0 1 6 9575.7246 9576.6719
 12.962  0.287 12.319-24.247-12.909  3.484  5.003  0.000  0.000
   0.000  0.000  0.000  0.000  0.000  0.000  0.000-13.563   0.00
 32041 63610122230 9575.7246 9576.6719
 14.596 -0.706 10.352 15.148 28.033 61.877 37.628-14.085 -0.689
  17.822 12.257 11.012  9.639 32.152 29.724 31.065 26.213  -1.05
 32141 753 1 1 2 2 9576.6719 9577.6826
 14.863  0.534-10.375 12.885 26.919  6.087  5.757-27.036  0.249
  12.908 12.847-10.386-10.355  3.823  2.265 27.151 26.917  70.51
 32141 753 3 4 7 7 9576.6719 9577.6826
 15.197  0.403-14.398-10.120  4.251 20.562 12.399  4.378 -5.587
  -9.170-17.214-14.327-14.924 18.134  2.429  4.662  2.807  32.00
 32141 75310203018 9576.6719 9577.6826
 15.764 -1.048  9.684 28.033 42.977 37.628 41.217-15.134 -0.192
  31.065 26.213 10.492  9.199 14.114 23.514 44.553 39.773   7.94
 32241 737 1 1 2 1 9577.6826 9578.6719
 14.992 -0.460-10.915 26.919 40.771  5.757  1.384 43.469 -0.317
  27.151 26.917-10.698-10.917  0.050  5.707  0.000  0.000   0.00
 32241 737 3 4 7 5 9577.6826 9578.6719
 14.555 -0.741-14.805  4.251 17.671 12.399 17.678 36.376 -0.399
   4.662  2.807-14.512-15.833  9.651  2.748 18.332 16.613 -12.11
 32241 737 5131812 9577.6826 9578.6719
 14.439  0.776  8.624 42.977 56.283 41.217 22.360 -7.195 -0.398
  44.553 39.773  8.821  8.224 27.627 13.589 58.144 53.724   4.68
 32341 753 0 0 1 2 9578.6719 9579.6523
 14.082  0.372-10.460 40.771 53.614  1.384  2.207  0.000  0.000
   0.000  0.000  0.000  0.000  0.000  0.000  0.000 53.567   0.00
 32341 753 1 4 5 4 9578.6719 9579.6523
 14.362  0.055-14.072 17.671 30.789 17.678  9.470 24.264 -0.500
  18.332 16.613-13.784-14.535 10.885  6.793 31.363 30.069  -5.10
 32441 820 1 3 4 3 9579.6523 9580.6738
 14.372 -0.022-14.127 30.789 44.465  9.470  5.070 19.166  0.086
  31.363 30.069-13.933-14.369  5.273  4.198 44.493 43.087  -3.64
 32441 820 0 0 1 2 9579.6523 9580.6738
 14.152  0.203  7.690-56.459-43.009 14.616 10.146  0.000  0.000
   0.000  0.000  0.000  0.000  0.000  0.000  0.000-43.071   0.00
 32541 749 1 2 3 2 9580.6738 9581.6680
 14.467 -0.146-14.104 44.465 57.873  5.070  0.593 15.529 -0.945
  44.493 43.087-14.097-14.476  4.970  0.100 58.244 57.786   3.77
 32541 749 0 0 1 1 9580.6738 9581.6680
 14.503  0.410 -8.917-53.805-40.362  3.469  1.398  0.000  0.000
   0.000  0.000  0.000  0.000  0.000  0.000  0.000  0.000   0.00
 32541 749 1 1 2 2 9580.6738 9581.6680
 13.874  0.040  7.897-43.009-30.191 10.146 12.956-16.288 -1.181
 -39.036-43.071  9.046  7.879  0.156  9.991-27.227-30.202   7.44
 32541 749 0 0 1 2 9580.6738 9581.6680
 15.255 -0.872  6.576-26.169-11.977  1.428  0.722  0.000  0.000
   0.000  0.000  0.000  0.000  0.000  0.000  0.000-14.551   0.00
 32641 757 0 0 1 2 9581.6680 9582.6523
 14.555 -0.420 -9.325-40.362-27.008  1.398  1.065  0.000  0.000
   0.000  0.000  0.000  0.000  0.000  0.000  0.000-27.093   0.00
 32641 757 1 1 2 1 9581.6680 9582.6523
 14.444 -0.633  7.937-30.191-16.946 12.956  9.785 -8.847 -2.983
 -27.227-30.202  8.394  7.935  0.050 12.906  0.000  0.000   0.00
 32641 757 1 1 2 5 9581.6680 9582.6523
 14.642 -0.755  5.709-11.977  1.462  0.722  1.684  9.620 -0.748
 -11.786-14.551  5.676  6.143  0.672  0.050  2.322  0.393  10.18
 4 641 8 4 0 0 1 2 9592.6631 9593.6719
 15.283  0.462 -6.048-36.117-21.691  2.795  2.476  0.000  0.000
   0.000  0.000  0.000  0.000  0.000  0.000  0.000-21.883   0.00
 4 741 752 1 1 2 2 9593.6719 9594.6611
 14.308 -0.313 -6.515-21.691 -8.517  2.476  3.378-18.098 -0.149
 -21.626-21.883 -6.536 -6.452  1.851  0.625 -8.506 -8.542  90.66
 4 741 752 2 4 6 5 9593.6719 9594.6611
 13.468 -0.619 -3.028-50.181-37.838  8.063 12.562-17.615  0.350
 -49.064-52.221 -3.382 -2.381  5.209  2.854-35.903-39.384  -0.44
 42141 622 3121513 9607.7344 9608.6846
 16.771 -0.709 -6.085-39.768-24.772 36.668 36.918 18.637 -4.580
 -37.093-43.489 -5.188 -7.333 21.330 15.337-23.766-25.734   4.59
 42241 733 2111317 9608.6846 9609.6191
 13.488  0.415 -5.411-24.772-13.087 36.918 50.916 23.222  3.976
 -23.766-25.734 -4.982 -5.822 18.040 18.877-11.869-17.323   4.12
 42341 9 7 3141718 9609.6191 9610.6162
 15.394 -0.498 -5.800-13.087  1.281 50.916 70.670 27.339 -2.868
 -11.869-17.323 -5.173 -7.978 39.548 11.368  2.402 -0.700  -9.79
 42341 9 7 1 1 2 1 9609.6191 9610.6162
 15.738 -0.042  4.186-16.504 -1.793  2.111  0.829-12.726 -0.548
 -16.491-17.027  4.188  4.068  2.061  0.050  0.000  0.000   0.00
 42441 911 41418 9 9610.6162 9611.6182
 14.216 -0.507 -5.302  1.281 14.529 70.670 43.164 17.553 -0.113
   2.402 -0.700 -4.949 -5.926 45.134 25.536 15.452 12.325 -22.27
 42541 9 9 3 6 913 9611.6182 9612.5830
 14.471  0.864 -4.795 14.529 27.546 43.164 43.448 -4.715  0.385
  15.452 12.325 -4.871 -4.614 30.426 12.739 29.072 25.643  18.36
 42541 9 9 2 6 812 9611.6182 9612.5830
 13.282 -0.721  3.805 24.549 36.418 13.861 14.452  1.436  0.454
  26.317 21.976  3.761  3.870  8.216  5.645 39.110 34.316  -0.61
 4264110 0 4 913 6 9612.5830 9613.6670
 14.451 -0.269 -5.629 27.546 42.133 43.448 33.811 13.645 -0.433
  29.072 25.643 -5.260 -6.089 24.109 19.340 43.152 40.110  -3.28
 4264110 0 4 81210 9612.5830 9613.6670
 15.906  0.231  3.110 36.418 52.582 14.452  8.692  0.824  1.149
  39.110 34.316  3.071  3.140  6.338  8.114 54.406 48.469   2.68
 42741 8 0 3 3 6 7 9613.6670 9614.6650
 14.820 -0.026 -5.337 42.133 55.948 33.811 32.151 10.360  0.227
  43.152 40.110 -5.152 -5.706 22.484 11.327 56.589 53.346   2.01
 42841 8 1 4 4 8 9 9614.6650 9615.6689
 13.722  0.891 -0.464-50.406-37.626 15.297 35.182 19.176 -0.308
 -49.706-51.022 -0.220 -0.678  7.160  8.137-37.261-38.304 -35.55
 42841 8 1 1 2 3 3 9614.6650 9615.6689
 14.599  0.217 11.911  1.992 15.652  2.219  6.994 -0.451  2.618
   3.186  1.555 11.921 11.908  0.595  1.624 17.138 12.881   9.51
 5 241 815 0 0 112 9618.6553 9619.6650
 12.756  0.227 16.220-52.534-40.649  9.067 10.212  0.000  0.000
   0.000  0.000  0.000  0.000  0.000  0.000  0.000-42.929   0.00
 5 241 815 4 5 9 9 9618.6553 9619.6650
 15.300  0.288 -0.360  2.813 17.266 18.526 15.330-12.697 -0.192
   3.368  2.060 -0.485 -0.191 10.665  7.861 17.684 16.569  -1.35
 5 341 8 1 5 712 9 9619.6650 9620.7100
 13.825  0.922 16.449-40.649-27.240 10.212 18.102 11.798  0.605
 -39.641-42.929 16.247 16.906  7.082  3.130-26.346-30.356 -12.76
 5 341 8 1 1 8 910 9619.6650 9620.7100
 13.894  0.455 -0.651 17.266 30.748 15.330  5.786-14.052  3.797
  17.684 16.569 -0.756 -0.477  9.581  5.749 31.635 26.927  -3.84
 5 441 657 6 3 911 9620.7100 9621.6650
 14.919 -0.696 17.413-27.240-13.926 18.102  6.900 -0.960 -1.447
 -26.346-30.356 17.427 17.363 14.066  4.036-12.844-14.961 -30.65
 5 441 657 2 1 3 4 9620.7100 9621.6650
 13.978 -0.591 -3.123 15.158 27.573  0.150  1.239-64.385 -0.087
  15.511 14.451 -3.859 -1.652  0.100  0.050 28.461 27.178   7.30
 5 441 657 3 710 4 9620.7100 9621.6650
 15.410 -0.296 -1.127 30.748 44.531  5.786  2.168-17.889 -4.003
  31.635 26.927 -1.413  0.106  4.696  1.090 44.703 43.885  47.74
 5 541 8 1 7 41110 9621.6650 9622.6650
 14.233  0.212 16.747-13.926 -0.688  6.900 16.122-31.609  0.353
 -12.844-14.961 17.385 16.138  3.373  3.528  0.624 -2.117  15.19
 5 541 8 1 3 1 4 1 9621.6650 9622.6650
 15.313  0.208 -2.559 27.573 41.889  1.239  0.215-57.085 -2.360
  28.461 27.178 -3.930 -1.949  0.381  0.858  0.000  0.000   0.00
 5 541 8 1 1 3 4 2 9621.6650 9622.6650
 13.691 -0.449 -0.844 44.531 57.227  2.168  0.794 29.854  0.323
  44.703 43.885 -0.745 -1.214  1.712  0.456 57.395 56.165 -16.20
 5 641 8 3 4 610 8 9622.6650 9623.6758
 13.135 -0.065 16.959 -0.688 11.596 16.122 17.966-16.422  0.579
   0.624 -2.117 17.329 16.557  8.406  7.717 12.990  9.790  38.82
 5 741 746 5 3 8 8 9623.6758 9624.5732
 15.457  0.395 16.894 11.596 24.580 17.966  6.331 22.399  0.795
  12.990  9.790 16.344 17.606 10.139  7.827 26.110 21.839 -29.11
 51141 8 3 2 2 4 2 9627.6650 9628.5674
 14.169  0.451 23.106-49.483-37.581 16.963  7.095  3.512  0.784
 -49.364-51.003 23.099 23.191 15.738  1.226-37.484-39.957   5.25
 51141 8 3 1 2 3 4 9627.6650 9628.5674
 12.381  0.510 25.011-59.544-49.256 18.320 15.479-59.265  0.661
 -59.321-59.788 25.350 24.638  9.599  8.721-49.061-49.339 -21.02
 51141 8 3 2 7 9 7 9627.6650 9628.5674
 12.101 -0.330 13.547 -7.930  2.105 12.557  6.920-12.457  0.855
  -7.079-11.208 13.730 12.843  9.969  2.588  5.511  0.449   5.26
 51141 8 3 1 1 2 2 9627.6650 9628.5674
 13.085 -0.145 -4.094 43.945 54.869  2.495  1.258-29.935  1.295
  43.974 42.550 -4.110 -3.292  2.445  0.050 57.553 54.758  11.79
 512411022 1 1 2 1 9628.5674 9629.5684
 14.576  0.598 23.513-37.581-23.981  7.095  2.044  8.761 -2.295
 -37.484-39.957 23.499 23.849  6.818  0.277  0.000  0.000   0.00
 512411022 2 2 4 4 9628.5674 9629.5684
 14.425 -0.652 25.471-49.256-35.807 15.479 15.473-80.281 -0.076
 -49.061-49.339 26.500 25.033  4.624 10.855-35.800-36.849 127.92
 513411022 2 2 4 4 9629.5684 9630.5684
 14.389 -1.261 24.818-35.807-22.404 15.473 13.784 47.642  0.464
 -35.800-36.849 24.811 25.855 15.373  0.100-21.974-23.965 -34.34
 513411022 0 0 1 2 9629.5684 9630.5684
 13.004 -0.970 24.111-23.981-11.963  2.044  2.768  0.000  0.000
   0.000  0.000  0.000  0.000  0.000  0.000  0.000-12.272   0.00
 514411022 1 3 4 6 9630.5684 9631.6738
 14.243  1.206 23.557-22.404 -7.737 13.784  4.487 13.299  0.320
 -21.974-23.965 23.463 23.895 10.805  2.978 -6.673 -8.401  31.16
 51541 748 2 4 6 6 9631.6738 9632.5713
 14.779 -0.436 24.891 -7.737  4.639  4.487  6.560 44.454  2.946
  -6.673 -8.401 23.943 25.481  1.724  2.763  9.278  4.184 -70.10
 516411016 1 1 2 1 9632.5713 9633.5615
 16.403 -0.325 -9.962-37.796-22.538  1.811  2.228 12.209 -2.139
 -36.965-39.088 -9.785-10.237  1.103  0.709  0.000  0.000   0.00
 516411016 3 3 6 5 9632.5713 9633.5615
 13.349 -0.363 24.500  4.639 16.874  6.560 11.772-25.648 -3.246
   9.278  4.184 26.527 24.301  0.586  5.975 17.134 15.780  75.00
 517411031 1 1 2 1 9633.5615 9634.8818
 14.772  0.371 -4.528-47.192-28.981  7.894  3.155-11.801 -2.612
 -47.175-49.741 -4.531 -3.997  7.844  0.050  0.000  0.000   0.00
 517411031 2 3 5 1 9633.5615 9634.8818
 14.395 -0.550 24.140 16.874 34.586 11.772  3.778 49.352 -1.896
  17.134 15.780 23.863 25.302  9.508  2.265  0.000  0.000   0.00
 51841 249 0 0 1 4 9634.8818 9635.6592
 13.682  2.033 -5.018-28.981-19.114  3.155  9.605  0.000  0.000
   0.000  0.000  0.000  0.000  0.000  0.000  0.000-19.493   0.00
 51941 811 2 1 3 2 9635.6592 9636.6572
 15.736 -0.214-15.295-26.531-11.810 11.939 12.712 64.437  0.202
 -26.304-26.574-14.838-15.382  1.906 10.034-11.640-12.016-127.62
 51941 811 3 1 4 2 9635.6592 9636.6572
 14.598 -1.231 -6.597-19.114 -5.530  9.605  3.728 75.939 -0.986
 -18.727-19.493 -5.061 -8.098  4.746  4.859 -5.004 -5.537  -0.26
 52041 813 1 1 213 9636.6572 9637.5752
 12.912  0.507-15.082-11.810 -0.860 12.712 11.897-63.186  2.824
 -11.640-12.016-15.408-14.690  6.939  5.773  0.195 -3.429  79.00
 52041 813 1 1 2 5 9636.6572 9637.5752
 12.321  0.700 -5.369 -5.530  4.878  3.728  2.816 75.677  0.469
  -5.004 -5.537 -3.320 -5.397  0.050  3.678  6.385  3.977 -52.09
 52041 813 1 1 2 6 9636.6572 9637.5752
 16.570 -2.014-11.070-33.326-19.018  5.212  2.422-65.161  2.928
 -33.150-33.406-11.443-10.900  1.636  3.576-18.509-20.910 112.93
 521411011 3 2 5 1 9637.5752 9638.5635
 16.530  0.008 -6.012  4.878 20.240  2.816  0.861 23.583 -2.613
   6.385  3.977 -5.358 -6.403  1.054  1.762  0.000  0.000   0.00
 521411011 5 813 7 9637.5752 9638.5635
 13.972  0.465-15.547 -0.860 11.974 11.897 13.049 15.814  1.548
   0.195 -3.429-15.259-16.248  8.432  3.465 14.245  9.038  -0.98
 52341 233 1 1 2 3 9639.8926 9640.5781
 14.585  0.303-14.520 31.924 41.237  2.229  2.740-79.397 -0.139
  31.986 31.868-14.845-14.231  1.049  1.180 41.514 41.171  32.54
 52341 233 4 2 613 9639.8926 9640.5781
 12.698  0.620 -8.594 -9.406 -1.386 10.968 15.639 12.111  1.027
  -8.955-11.757 -8.498 -9.093  9.203  1.765  0.847 -3.040  -5.95
 52341 233 1 1 218 9639.8926 9640.5781
 15.873 -0.013  6.658-40.734-30.540  5.296 31.643 28.157  0.028
 -37.650-40.764  5.018  6.673  0.050  5.246-28.403-31.754  -8.43
 5244110 711 718 8 9640.5781 9641.5713
 16.279 -0.432  6.649-30.540-15.351 31.643 11.411 19.728  1.566
 -28.403-31.754  5.888  7.082 11.468 20.174-13.461-18.328  -1.21
 5244110 7 6 713 1 9640.5781 9641.5713
 11.997  0.425 -9.018 -1.386  9.551 15.639  0.050  6.159 -3.861
   0.847 -3.040 -8.780 -9.194  6.657  8.982  0.000  0.000   0.00
 525411018 1 2 3 3 9641.5713 9642.5781
 16.046  0.202 -8.956 15.033 30.210 18.286 11.185 -9.832  0.271
  15.243 14.825 -8.992 -8.920  9.084  9.202 30.384 29.686   5.54
 525411018 4 4 8 2 9641.5713 9642.5781
 17.312 -1.329  6.220-15.351  1.101 11.411  4.441 18.520 -4.689
 -13.461-18.328  5.591  7.211  6.979  4.432  1.377  1.055 -57.59
 5264110 7 2 1 3 1 9642.5781 9643.7012
 14.353  0.113 -9.160 30.210 45.223 11.185  2.964 -4.288 -0.690
  30.384 29.686 -9.173 -9.121  8.403  2.782  0.000  0.000   0.00
 5264110 7 1 1 2 1 9642.5781 9643.7012
 13.844 -0.173  6.730 -5.366  9.075  2.636  0.050 21.028 -0.564
  -5.084 -5.614  6.622  6.825  1.233  1.404  0.000  0.000   0.00
 6 141 820 1 2 3 4 9648.6523 9649.6650
 13.365  0.136-16.649-36.923-24.378 13.401 18.578-17.198  1.310
 -36.676-39.012-16.723-16.030 11.981  1.419-23.694-27.256  -3.85
 6 141 820 0 0 1 1 9648.6523 9649.6650
 14.083  0.730 -5.107-48.364-35.091  6.617  3.943  0.000  0.000
   0.000  0.000  0.000  0.000  0.000  0.000  0.000  0.000   0.00
 6 241 8 1 2 2 410 9649.6650 9650.5693
 12.325 -2.017-16.787-24.378-14.123 18.578 22.320-21.048 -0.633
 -23.694-27.256-17.039-15.727 15.014  3.564-13.564-16.603   7.40
 6 241 8 1 0 0 1 2 9649.6650 9650.5693
 14.643 -2.428 -5.846-35.091-22.740  3.943 20.090  0.000  0.000
   0.000  0.000  0.000  0.000  0.000  0.000  0.000-23.395   0.00
 6 3411019 5 3 811 9650.5693 9651.6865
 15.189 -1.416 -9.883  5.553 21.417 13.350 13.359-21.369  0.203
   6.067  4.278-10.081 -9.391  9.516  3.834 23.091 20.983  16.16
 6 3411019 4 610 9 9650.5693 9651.6865
 14.978  1.424-14.963-14.123  1.505 22.320 26.564-13.651 -1.318
 -13.564-16.603-15.095-14.382 18.215  4.105  2.321  0.606  -1.42
 6 3411019 1 1 2 2 9650.5693 9651.6865
 14.451  1.964 -3.651-22.740 -7.700 20.090 11.021-61.624 -0.917
 -22.713-23.395 -3.700 -2.440 19.298  0.792 -7.466 -7.853  19.99
 6 441 731 8 311 7 9651.6865 9652.5635
 17.177  0.285 -8.302 21.417 35.620 13.359  4.238 -5.213  1.111
  23.091 20.983 -8.453 -8.262  2.753 10.606 36.655 33.506  18.99
 6 441 731 4 5 920 9651.6865 9652.5635
 14.340  1.472-16.554  1.505 13.220 26.564 62.660-15.072  1.173
   2.321  0.606-16.765-16.322 13.924 12.640 15.045 12.045   8.28
 6 441 731 1 1 2 1 9651.6865 9652.5635
 14.327  0.861 -5.844 -7.700  4.004 11.021 10.424-41.631 -0.515
  -7.466 -7.853 -6.051 -5.709  4.346  6.676  0.000  0.000   0.00
 6 441 731 2 4 621 9651.6865 9652.5635
 13.064 -0.009 12.517-59.304-48.707 40.869 46.423 13.938  1.290
 -58.674-59.827 12.364 12.644 18.564 22.305-47.440-49.942 -18.21
 6 5411028 9112014 9652.5635 9653.7539
 14.014 -0.885-17.845 13.220 28.740 62.660 43.971 -6.793  0.670
  15.045 12.045-18.052-17.711 24.542 38.118 30.499 26.809  11.79
 6 5411028 0 0 1 1 9652.5635 9653.7539
 14.407 -0.508 -6.599  4.004 19.992 10.424 10.968  0.000  0.000
   0.000  0.000  0.000  0.000  0.000  0.000  0.000  0.000   0.00
 6 541102810112122 9652.5635 9653.7539
 15.461  0.175 12.508-48.707-31.464 46.423 34.871 -4.276  0.335
 -47.440-49.942 12.601 12.418 22.911 23.512-30.271-33.114   9.45
 6 941 8 8 6 3 910 9656.6602 9657.6699
 15.018 -0.057 -8.925-36.612-22.439 21.500 27.350 -1.059  3.337
 -34.639-37.801 -8.961 -8.903  8.087 13.413-17.767-24.241  -7.01
 6 941 8 8 0 0 1 1 9656.6602 9657.6699
 15.432  0.113 12.554-14.316  0.275  2.973  7.204  0.000  0.000
   0.000  0.000  0.000  0.000  0.000  0.000  0.000  0.000   0.00
 6 941 8 823163918 9656.6602 9657.6699
 12.716  0.733 13.742  5.674 17.522 63.259 67.866 10.200  0.940
   8.469  2.353 13.253 14.322 34.351 28.908 22.643 15.509  -2.11
 61041 754 4 61021 9657.6699 9658.5703
 14.947 -0.603 -8.867-22.439 -9.871 27.350 23.976 -8.067  0.445
 -17.767-24.241 -9.522 -8.615  7.613 19.737 -5.691-12.484  -5.22
 61041 754 2 7 913 9657.6699 9658.5703
 13.373  0.317  6.335-54.087-42.935 41.069 21.608 -3.808  1.128
 -51.214-56.929  6.525  6.147 20.426 20.643-39.114-45.979   2.68
 61041 754 0 0 1 1 9657.6699 9658.5703
 14.647  0.860 12.668  0.275 12.574  7.204  7.235  0.000  0.000
   0.000  0.000  0.000  0.000  0.000  0.000  0.000  0.000   0.00
 61041 754 7111817 9657.6699 9658.5703
 12.529 -0.464 14.481 17.522 27.914 67.866 36.469  8.088 -3.375
  22.643 15.509 13.777 14.758 19.154 48.711 30.687 27.011 -16.21
 611411018 8132121 9658.5703 9659.5645
 13.836  0.688 -8.325 -9.871  2.912 23.976 34.143-13.283 -0.476
  -5.691-12.484 -9.301 -7.715  9.221 14.755  6.760  0.331   4.17
 611411018 4 91318 9658.5703 9659.5645
 13.704 -0.293  6.620-42.935-30.283 21.608 37.175 -1.126 -0.270
 -39.114-45.979  6.695  6.561  9.582 12.025-26.074-32.655   4.21
 611411018 0 0 1 1 9658.5703 9659.5645
 15.492 -0.035 13.442 12.574 27.003  7.235  1.190  0.000  0.000
   0.000  0.000  0.000  0.000  0.000  0.000  0.000  0.000   0.00
 611411018 0 0 1 1 9658.5703 9659.5645
 15.464 -0.843  7.463 21.916 36.318  0.545  0.208  0.000  0.000
   0.000  0.000  0.000  0.000  0.000  0.000  0.000  0.000   0.00
 611411018 7101717 9658.5703 9659.5645
 16.880 -0.274 14.064 27.914 43.724 36.469 36.227 -8.121  4.268
  30.687 27.011 14.447 13.939  8.965 27.505 48.915 40.862  14.54
 612411026 0 0 1 3 9659.5645 9660.5635
 12.873 -1.056 13.407 27.003 38.878  1.190  3.912  0.000  0.000
   0.000  0.000  0.000  0.000  0.000  0.000  0.000 36.107   0.00
 612411026 7101713 9659.5645 9660.5635
 14.282  0.034 13.791 43.724 57.006 36.227 30.595  6.419 -0.457
  48.915 40.862 13.224 14.103 12.874 23.353 61.680 54.250   6.87
 612411026 9122113 9659.5645 9660.5635
 15.961 -0.069 -9.009  2.912 17.870 34.143 20.252 -9.112  0.566
   6.760  0.331 -9.619 -8.601 13.705 20.438 22.633 15.575   4.33
 61241102610 818 9 9659.5645 9660.5635
 16.480 -0.212  6.329-30.283-14.806 37.175 21.645  3.087  0.172
 -26.074-32.655  6.103  6.456 13.401 23.773-11.650-18.395   0.93
 613411028 4 5 9 9 9660.5635 9661.5664
 12.026  0.767  6.117-14.806 -3.723 21.645  9.812  4.012 -2.862
 -11.650-18.395  5.897  6.367 11.518 10.128 -1.253 -5.086 -13.69
 614411023 1 1 2 1 9661.5664 9662.5596
 14.820  1.071 -8.506 37.180 50.922  1.228  6.232-24.798 -0.498
  37.622 37.165 -8.708 -8.499  0.040  1.188  0.000  0.000   0.00
 614411023 3 3 6 5 9661.5664 9662.5596
 16.551  0.786 -8.049 25.833 41.294  5.647  2.819 -7.360  0.454
  26.967 25.071 -8.194 -7.952  2.268  3.379 41.461 39.108  14.98
 614411023 3 2 517 9661.5664 9662.5596
 13.780  0.042  5.131  3.000 15.709 21.811 51.602-23.053  2.608
   3.437  0.591  5.316  4.110 18.460  3.351 17.056 11.609  40.58
 615411033 51217 2 9662.5596 9663.6768
 15.669 -0.346  5.173 15.709 32.111 51.602 28.637 17.531 -4.584
  17.056 11.609  4.749  6.463 38.841 12.761 32.809 31.906  17.92
 61641 746 1 1 2 2 9663.6768 9664.5586
 14.296 -0.662  4.787 32.111 43.863 28.637 10.618 35.455 -0.067
  32.809 31.906  4.291  4.932  6.495 22.142 44.493 43.546 -10.96
 617411034 1 1 2 6 9664.5586 9665.5586
 13.981 -0.245  4.202 43.863 56.863 10.618  8.157 24.499  1.668
  44.493 43.546  3.916  4.346  3.560  7.058 57.021 54.426  -7.51
 618411034 4 4 8 8 9665.5586 9666.5605
 16.582 -0.227 -3.553-49.391-33.769 12.664  7.297 19.242  1.406
 -47.240-50.483 -2.803 -3.933  4.262  8.402-32.731-37.318  -0.57
 619411033 3 5 8 3 9666.5605 9667.5586
 13.649  0.175 -3.325-33.769-21.118  7.297  7.289 18.670  0.348
 -32.731-37.318 -2.975 -4.522  5.646  1.651-19.342-24.264  -0.12
 619411033 2 1 3 8 9666.5605 9667.5586
 14.954  0.709-13.377 28.676 42.629  6.490 17.196 -6.408  3.088
  28.958 28.478-13.408-13.355  2.677  3.813 43.596 40.472  38.00
 620411034 3 5 8 6 9667.5586 9668.5830
 13.465  0.352-14.085 42.629 55.417 17.196 23.353 31.591  1.564
  43.596 40.472-13.508-15.372 11.874  5.323 57.701 53.241   0.93
 620411034 2 1 3 1 9667.5586 9668.5830
 15.484 -0.214 -3.500-21.118 -6.262  7.289  3.771 18.554 -5.182
 -19.342-24.264 -2.905 -4.554  4.659  2.629  0.000  0.000   0.00
 620411034 1 1 2 3 9667.5586 9668.5830
 14.966  0.078  7.722  2.871 17.195  5.577 15.558-66.074  2.547
   2.919  2.797  7.830  7.559  3.366  2.211 18.205 15.413  79.40
 6214110 0 1 1 2 5 9668.5830 9669.5635
 12.934  0.232  9.454-55.295-43.583 10.450 10.696  2.946  0.642
 -55.273-59.902  9.453  9.687 10.400  0.050-41.419-46.708  -2.71
 6214110 0 1 2 312 9668.5830 9669.5635
 14.254 -0.278  7.803 17.195 30.202 15.558 15.655 13.329  0.964
  18.205 15.413  7.566  8.221  9.931  5.627 31.704 27.918  -3.75
 622411028 3 2 5 7 9669.5635 9670.5693
 15.791  0.152  9.681-43.583-28.679 10.696  4.355  0.234 -2.524
 -41.419-46.708  9.673  9.694  6.321  4.376-26.873-29.540  12.18
 622411028 0 0 111 9669.5635 9670.5693
 13.196  0.304 15.840-57.517-45.225  0.449 18.536  0.000  0.000
   0.000  0.000  0.000  0.000  0.000  0.000  0.000-46.587   0.00
 622411028 7 512 4 9669.5635 9670.5693
 16.568  0.506  7.531 30.202 45.887 15.655 15.128  9.581 -2.986
  31.704 27.918  7.279  7.913  9.443  6.212 46.136 45.312 -16.04
 623411019 3 4 710 9670.5693 9671.5654
 15.586 -0.470  9.834-28.679-14.134  4.355 15.599 12.419  0.108
 -26.873-29.540  9.442 10.021  1.406  2.949-12.961-15.630   7.35
 623411019 4 71115 9670.5693 9671.5654
 13.564 -0.653 16.146-45.225-32.693 18.536 54.378-18.876  1.379
 -44.263-46.587 16.461 15.698 10.867  7.670-30.168-33.990   9.04
 624411026 4 61014 9671.5654 9672.5762
 14.694 -0.487  9.365-14.134 -0.268 15.599 27.288 19.773  0.572
 -12.961-15.630  8.949  9.896  8.744  6.854  0.853 -2.482  -7.60
 624411026 5101516 9671.5654 9672.5762
 15.247 -0.010 15.496-32.693-18.268 54.378 31.742 -9.838  0.258
 -30.168-33.990 15.918 15.279 18.446 35.931-15.494-19.626   5.15
 6254110 9 3 2 511 9672.5762 9673.5732
 17.057  1.309 -4.737-46.886-30.865  8.920 18.250-14.768 -1.669
 -43.579-48.606 -5.606 -4.285  3.051  5.869-30.035-33.404  -2.67
 6254110 9 5111616 9672.5762 9673.5732
 15.752 -0.482 15.485-18.268 -3.548 31.742 36.640 -4.688  0.793
 -15.494-19.626 15.704 15.378 10.433 21.309 -1.377 -6.330   2.07
 6254110 9 8 61416 9672.5762 9673.5732
 14.810 -0.664  8.873 -0.268 13.514 27.288 25.768 12.170  0.768
   0.853 -2.482  8.634  9.344 18.111  9.177 14.987 10.814  -8.52
 626411015 5 611 8 9673.5732 9674.5732
 13.305 -0.222 -6.041-30.865-18.539 18.250 18.168-17.442  1.419
 -30.035-33.404 -6.300 -5.248 13.755  4.495-16.897-21.594  -1.17
 626411015 4121624 9673.5732 9674.5732
 12.915  0.275 15.005 -3.548  8.388 36.640 45.011 -2.613  0.114
  -1.377 -6.330 15.101 14.882 20.584 16.056 11.476  6.457  -6.47
 626411015 8 81610 9673.5732 9674.5732
 14.009 -0.334  8.211 13.514 26.543 25.768 28.590  3.653  1.235
  14.987 10.814  8.118  8.382 16.672  9.096 28.980 23.720  10.49
 627411015 5 3 8 3 9674.5732 9675.5762
 16.276  0.709 -5.819-18.539 -3.190 18.168  4.451-18.612 -3.939
 -16.897-21.594 -6.370 -4.796 11.814  6.353 -2.587 -3.578  11.72
 62741101510142414 9674.5732 9675.5762
 15.477 -0.743 15.280  8.388 22.935 45.011 44.044 -9.084  1.504
  11.476  6.457 15.756 14.982 17.315 27.696 27.188 20.588   4.89
 627411015 5 510 8 9674.5732 9675.5762
 14.928 -0.181  7.877 26.543 40.540 28.590 13.973 14.138  0.440
  28.980 23.720  7.269  8.581 15.343 13.247 42.509 36.718  -4.91
 6284110 9 1 2 3 5 9675.5762 9676.5654
 12.016  0.233 -6.531 -3.190  7.724  4.451  6.111 -6.890  2.279
  -2.587 -3.578 -6.604 -6.485  1.743  2.708  9.168  5.876   8.51
 6284110 9 1 2 316 9675.5762 9676.5654
 15.387 -0.758 -5.984-31.869-17.622  3.664  8.885  6.617  1.093
 -28.274-31.919 -5.569 -5.989  0.050  3.614-14.747-19.434 -16.87
 6284110 9 5 91425 9675.5762 9676.5654
 13.766  0.216 14.534 22.935 35.580 44.044 39.878 -4.192  0.664
  27.188 20.588 14.836 14.367 15.663 28.381 39.934 32.632   1.32
 6284110 9 6 2 8 4 9675.5762 9676.5654
 14.055 -0.265  7.695 40.540 53.470 13.973 19.459  9.227 -0.067
  42.509 36.718  7.378  8.311  9.221  4.752 55.292 49.539  -2.34
 629411026 4 91311 9676.5654 9677.5615
 14.128 -0.612  6.191-52.222-39.120 22.730 27.091 -3.167 -1.219
 -49.616-53.392  6.335  6.127  7.042 15.688-38.438-40.546  37.50
 629411026 2 810 8 9676.5654 9677.5615
 14.115 -0.540 14.652-56.591-43.501 84.201 53.774  6.447 -0.286
 -54.445-58.431 14.417 14.853 38.874 45.327-41.092-44.794  -3.90
 62941102612132515 9676.5654 9677.5615
 16.940  0.671 14.748 35.580 51.485 39.878 32.998 -2.877 -1.636
  39.934 32.632 14.959 14.605 16.098 23.780 54.574 48.937   3.59
 630411030 4 1 5 9 9677.5615 9678.5586
 12.785 -0.906 -6.040  1.173 12.938  4.071 19.519-16.915  6.302
   1.441 -2.058 -6.120 -5.062  3.760  0.311 15.249  5.662   0.79
 630411030 5 611 9 9677.5615 9678.5586
 15.121 -0.153  5.582-39.120-25.027 27.091 37.103 34.329 -0.572
 -38.438-40.546  5.118  6.551 18.331  8.760-24.780-25.873  22.10
 630411030 2 6 8 8 9677.5615 9678.5586
 13.130 -0.210 14.114-43.501-31.393 53.774 16.530  2.543 -0.050
 -41.092-44.794 14.010 14.170 18.780 34.994-27.968-31.609   1.66
 7 1411035 6 3 9 6 9678.5586 9679.5625
 12.891 -0.231 -5.137 12.938 24.899 19.519  7.541-16.121 -0.743
  15.249  5.662 -5.802 -3.043 14.813  4.706 30.951 21.731  13.49
 7 1411035 4 5 9 9 9678.5586 9679.5625
 14.465 -0.086  5.429-25.027-11.485 37.103 28.458 56.432  0.239
 -24.780-25.873  5.057  6.697 28.706  8.397-11.242-12.209   7.69
 7 1411035 2 6 8 6 9678.5586 9679.5625
 15.095 -0.398 13.905-31.393-17.218 16.530 32.062  4.204 -0.568
 -27.968-31.609 13.661 13.921  0.984 15.546-14.959-17.912  11.01
 71041 554 0 0 1 1 9687.7539 9688.6973
 13.944 -0.072  3.693 -4.390  7.846  0.838  1.381  0.000  0.000
   0.000  0.000  0.000  0.000  0.000  0.000  0.000  0.000   0.00
 71041 554 2 1 3 7 9687.7539 9688.6973
 13.625 -0.175-14.741-57.649-45.714  1.238 13.520 16.219 -2.753
 -57.517-60.770-14.704-15.619  1.188  0.050-45.541-45.934  26.96
 71141 715 0 0 1 4 9688.6973 9689.5869
 13.525 -0.400  3.625  7.846 19.008  1.381  1.342  0.000  0.000
   0.000  0.000  0.000  0.000  0.000  0.000  0.000 17.251   0.00
 71141 715 2 5 711 9688.6973 9689.5869
 13.566 -1.195-14.576-45.714-34.517 13.520 12.465 43.184  1.049
 -45.541-45.934-14.419-14.776  7.557  5.963-34.223-35.749 -62.29
 71241 954 5 611 8 9689.5869 9690.5762
 14.420  0.409-13.513-34.517-21.215 12.465  9.526-19.106  0.099
 -34.223-35.749-13.612-13.098 10.062  2.402-20.407-22.033  38.12
 71241 954 1 1 2 2 9689.5869 9690.5762
 14.060  0.899 -4.317-46.613-33.668  0.987  0.427 23.119  1.498
 -46.011-46.645 -4.061 -4.331  0.050  0.937-32.389-34.093  15.97
 71241 954 3 1 4 3 9689.5869 9690.5762
 14.767 -0.019  3.269 19.008 32.653  1.342  2.069-24.417 -0.610
  19.613 17.251  3.543  2.473  0.998  0.344 32.712 31.693  83.46
 7134110 9 1 7 8 5 9690.5762 9691.5801
 14.245 -0.198-13.918-21.215 -7.902  9.526  3.025 19.010 -0.337
 -20.407-22.033-13.648-14.192  4.793  4.733 -7.417 -8.751  -5.40
 71841 922 9 817 9 9695.6094 9696.6123
 13.543  2.206-14.021 36.811 49.410 72.613 37.376 19.312  1.751
  39.074 34.733-13.251-14.727 34.752 37.861 52.369 46.112  -4.50
 71841 922 0 0 1 1 9695.6094 9696.6123
 14.099  1.936  8.186-48.218-35.061  1.630  7.338  0.000  0.000
   0.000  0.000  0.000  0.000  0.000  0.000  0.000  0.000   0.00
 71841 922 0 0 1 1 9695.6094 9696.6123
 14.439  2.329 16.500-55.062-41.564 20.839 16.600  0.000  0.000
   0.000  0.000  0.000  0.000  0.000  0.000  0.000  0.000   0.00
 71841 922 3 3 611 9695.6094 9696.6123
 13.972 -2.464 14.812 42.167 55.196 24.313  9.374  6.555  0.732
  45.403 40.630 14.452 14.983  7.828 16.485 58.683 53.273   4.05
 71941 918 2 7 9 3 9696.6123 9697.5645
 12.022 -0.045-16.233 49.410 59.925 37.376 16.676 14.816 -4.989
  52.369 46.112-15.481-17.071 19.703 17.673 60.651 59.473 -37.36
 71941 918 0 0 1 2 9696.6123 9697.5645
 13.762 -1.857 10.127-35.061-22.890  7.338  3.254  0.000  0.000
   0.000  0.000  0.000  0.000  0.000  0.000  0.000-23.168   0.00
 71941 918 0 0 1 1 9696.6123 9697.5645
 13.137 -1.885 18.835-41.564-29.987 16.600  8.168  0.000  0.000
   0.000  0.000  0.000  0.000  0.000  0.000  0.000  0.000   0.00
 720411026 1 1 2 2 9697.5645 9698.5645
 14.546 -0.583  8.358-22.890 -9.322  3.254  9.129 31.159 -0.072
 -22.700-23.168  8.245  8.525  1.934  1.320 -9.090 -9.555 -20.42
 720411026 1 6 7 5 9697.5645 9698.5645
 15.511 -0.217 11.594-37.685-23.153 14.248 15.549 27.819  1.221
 -36.804-38.939 11.139 12.243  8.369  5.879-22.436-26.093 -27.55
 720411026 0 0 1 2 9697.5645 9698.5645
 14.122 -0.412 17.040-29.987-16.844  8.168  5.701  0.000  0.000
   0.000  0.000  0.000  0.000  0.000  0.000  0.000-18.537   0.00
 72541 727 5 0 513 9702.6885 9703.6836
 16.175  2.762 11.377-23.153 -8.040 15.549 16.896-13.978-11.778
 -14.079  0.000 -3.436  0.000 24.302  1.000 -6.534 -8.950  30.66
 72641 736 1 2 3 4 9703.6836 9704.5850
 14.119  0.703 -7.003  7.675 19.530 15.049  8.846-24.074 -0.536
   8.774  7.233 -7.490 -6.807  4.322 10.727 20.232 19.219  52.37
 72641 73611263748 9703.6836 9704.5850
 13.643  0.424 -3.064 -6.111  5.313 95.939115.261  1.616  1.876
  -2.897 -9.806 -2.974 -3.169 51.301 44.637  9.757  0.964  -1.78
 72641 736 1 1 2 1 9703.6836 9704.5850
 14.317  0.365  4.489-48.504-36.472  5.796  6.767 52.750 -0.867
 -47.989-48.515  3.813  4.504  0.124  5.672  0.000  0.000   0.00
 72641 736 4 4 812 9703.6836 9704.5850
 13.477  0.275 13.238-57.292-46.017 37.934 52.248 34.387 -0.182
 -57.021-58.533 13.057 14.065 31.137  6.797-45.489-47.034 -14.20
 72641 736 7 61317 9703.6836 9704.5850
 16.116 -0.204 14.123 -8.040  5.616 16.896 29.462 16.685  1.482
  -6.534 -8.950 13.686 14.388  6.363 10.533  7.518  3.890   9.59
 72741 95618304849 9704.5850 9705.9795
 15.927 -2.198 -3.447  5.313 26.148115.261 81.657 -0.163  0.615
   9.757  0.964 -3.460 -3.435 57.007 58.254 30.930 21.562  -4.00
 72741 956 0 0 1 1 9704.5850 9705.9795
 14.426 -2.049  4.818-36.472-17.729  6.767 10.064  0.000  0.000
   0.000  0.000  0.000  0.000  0.000  0.000  0.000  0.000   0.00
 72741 956 8 91711 9704.5850 9705.9795
 12.404  2.845 13.939  5.616 21.541 29.462 18.678 26.275  1.045
   7.518  3.890 13.027 14.766 14.014 15.449 25.058 20.283  -2.30
 72841 03023264933 9705.9795 9707.5684
 14.453  2.009  0.383 26.148 47.567 81.657104.532 -4.160 -1.265
  30.930 21.562  0.731  0.049 39.980 41.677 51.086 43.040  -4.73
 72841 030 0 0 1 2 9705.9795 9707.5684
 14.181  1.897  1.961-17.729  3.258 10.064  5.473  0.000  0.000
   0.000  0.000  0.000  0.000  0.000  0.000  0.000  3.242   0.00
 72841 030 3 5 813 9705.9795 9707.5684
 14.351  2.853  8.160-28.114 -6.856 43.800 55.890 13.354  1.499
 -27.595-29.474  8.038  8.480 31.710 12.090 -6.030 -9.368   3.94
 72841 030 8 31118 9705.9795 9707.5684
 14.452 -2.496 17.905 21.541 42.958 18.678 23.264 23.975 -2.098
  25.058 20.283 16.417 18.437  4.921 13.757 44.713 41.770 -17.62
 730411020 1 1 2 1 9707.5684 9708.5703
 14.688 -0.162  4.976  3.258 16.988  5.473 11.431  5.984 -1.770
   5.009  3.242  4.793  4.978  0.050  5.423  0.000  0.000   0.00
 730411020 3101314 9707.5684 9708.5703
 14.762 -0.301 12.694 -6.856  6.947 55.890 46.745 17.297 -0.889
  -6.030 -9.368 12.443 13.458 42.057 13.833  7.716  5.137 -14.59
 73041102011 718 6 9707.5684 9708.5703
 12.816  0.206 13.937 42.958 54.813 23.264 29.081  6.352 -1.485
  44.713 41.770 13.747 14.065  9.391 13.873 55.435 54.153  20.14
 731411018 8 71515 9708.5703 9709.5703
 15.769 -0.137 -3.778-37.100-22.309 20.596 24.193 -9.279 -6.506
 -35.809-43.818 -3.989 -2.683 17.275  3.321-21.451-22.760  44.14
 731411018 5 91417 9708.5703 9709.5703
 13.314 -0.203 12.393  6.947 19.282 46.745 33.982  2.704 -0.015
   7.716  5.137 12.357 12.476 32.802 13.943 20.045 17.541 -15.20
 731411018 0 0 1 3 9708.5703 9709.5703
 14.481 -0.274  4.814 16.988 30.490 11.431  6.342  0.000  0.000
   0.000  0.000  0.000  0.000  0.000  0.000  0.000 30.471   0.00
 8 1411018 6 91512 9709.5703 9710.5830
 14.302  0.448 -3.641-22.309 -8.810 24.193 11.460 34.860 -0.048
 -21.451-22.760 -3.045 -3.954  8.331 15.862 -8.162 -9.541  -7.88
 8 1411018 5121716 9709.5703 9710.5830
 14.295  0.410 12.189 19.282 32.774 33.982 44.141-12.491 -0.053
  20.045 17.541 12.354 11.812 23.633 10.349 33.263 30.750  10.37
 8 1411018 0 0 1 3 9709.5703 9710.5830
 12.416 -0.021 17.520 37.353 48.942  0.323  3.810  0.000  0.000
   0.000  0.000  0.000  0.000  0.000  0.000  0.000 48.561   0.00
 8 1411018 1 2 3 1 9709.5703 9710.5830
 14.427  0.593  4.539 30.490 44.116  6.342  3.488-15.873 -0.619
  31.068 30.471  4.703  4.534  0.202  6.140  0.000  0.000   0.00
 8 741 8 4 1 1 2 2 9715.6631 9716.6787
 13.854  0.560-11.573-17.989 -4.917 25.434 39.906-22.224 -0.164
 -17.783-18.601-11.656-11.328 19.049  6.385 -4.574 -5.101 -20.57
 8 741 8 4 1 1 2 2 9715.6631 9716.6787
 13.772  1.179-13.952-49.028-36.039 26.538 14.705-18.916 -0.019
 -49.027-49.865-13.952-13.674 26.488  0.050-35.948-36.797   5.88
 8 741 8 4 2 1 3 6 9715.6631 9716.6787
 14.812 -0.698  6.107-32.233-18.189  3.358  6.088  1.384  0.091
 -30.504-32.286  6.065  6.108  0.100  3.258-16.770-18.631  -7.82
 8 741 8 4 4 5 9 6 9715.6631 9716.6787
 15.846 -0.435 14.805  6.336 21.431 15.766  3.389 -9.233  0.808
   7.951  4.132 15.058 14.458  9.098  6.668 22.059 17.483  -3.75
 8 741 8 4 8 81619 9715.6631 9716.6787
 14.379  0.093 10.869 20.757 34.362128.768 69.999 16.666  0.235
  21.482 18.766 10.655 11.454 94.371 34.397 35.185 32.171  -5.21
 8 841 742 1 1 2 3 9716.6787 9717.6670
 14.305 -0.057-12.142 -4.917  8.252 39.906 23.933-42.796  0.117
  -4.574 -5.101-12.452-11.975 13.967 25.939  8.553  7.877   6.69
 8 841 742 1 1 2 4 9716.6787 9717.6670
 13.961 -0.165-15.149-36.039-23.211 14.705 10.863-13.034  0.729
 -35.948-36.797-15.169-14.979 13.125  1.580-22.804-24.348  -5.27
 8 841 742 3 3 6 6 9716.6787 9717.6670
 14.748  0.551  5.398-18.189 -4.582  6.088  5.910 -6.436 -0.835
 -16.770-18.631  5.558  5.349  1.445  4.643 -4.222 -5.169 -17.23
 8 841 742 91019 6 9716.6787 9717.6670
 14.514 -0.717 10.963 34.362 47.737 69.999 80.711 11.454  0.424
  35.185 32.171 10.799 11.399 50.894 19.105 48.214 44.743  -4.19
 81241 941 2 2 4 3 9720.5957 9721.5869
 14.184 -0.295-12.811 46.544 59.630 18.126 13.218 -0.610 -0.400
  46.760 45.711-12.814-12.803 14.402  3.724 59.804 59.179  12.21
 81241 941 0 0 1 1 9720.5957 9721.5869
 14.826 -0.159 12.051 24.669 38.391  0.050  0.195  0.000  0.000
   0.000  0.000  0.000  0.000  0.000  0.000  0.000  0.000   0.00
 81241 941 3 2 5 5 9720.5957 9721.5869
 13.916  0.051 10.488 46.690 59.510  3.464  4.313 -3.251  0.408
  48.785 45.000 10.605 10.393  1.546  1.918 62.160 57.954   4.46
 81841 64512102210 9726.7188 9727.5811
 16.492  0.331 -3.360-37.508-24.129 37.070 24.883 35.478 -0.067
 -36.921-39.196 -2.943 -4.561 27.503  9.567-23.109-25.204   4.32
 8194110 3 4 61011 9727.5811 9728.5820
 15.217 -0.292 -3.645-24.129 -9.882 24.883 39.303 39.798 -0.942
 -23.109-25.204 -2.797 -4.539 12.769 12.114 -9.392-11.049 -18.24
 8194110 3 1 3 416 9727.5811 9728.5820
 13.972  0.450 13.081 -0.073 12.928  2.785 18.784-20.617  1.647
   0.383 -0.828 13.248 12.804  1.735  1.050 14.619 11.915  45.89
 82141 923 7 714 8 9729.6084 9730.7344
 13.522  0.005 -3.279 -9.535  4.593 17.297 29.029 38.215 -0.066
  -9.125-10.892 -2.957 -4.346 13.288  4.009  5.168  3.051 -24.05
 82141 923 0 0 1 2 9729.6084 9730.7344
 13.633 -0.643 -5.557-21.560 -7.308  1.194  0.247  0.000  0.000
   0.000  0.000  0.000  0.000  0.000  0.000  0.000 -7.891   0.00
 82141 923 2 1 3 3 9729.6084 9730.7344
 16.167  0.150 10.620-20.673 -3.567  1.063  5.819 -8.826 -1.526
 -18.765-22.703 10.911 10.310  0.548  0.515 -2.846 -5.281   8.22
 82141 92310 61612 9729.6084 9730.7344
 15.038 -0.589 13.963 12.682 28.517 15.993 15.129 19.519  3.101
  14.388 11.961 13.376 14.211  4.750 11.242 32.630 27.029  -6.26
 82241 622 6 2 8 6 9730.7344 9731.6865
 14.760 -0.582 -3.285  4.593 17.713 29.029 13.115 14.162 -0.531
   5.168  3.051 -3.140 -3.673 21.145  7.884 19.129 17.608   8.71
 82241 622 1 5 619 9730.7344 9731.6865
 15.710  0.545 10.900-53.301-39.277 33.493 66.801 12.815  5.025
 -52.852-55.390 10.800 11.367 27.563  5.930-34.277-42.011 -13.16
 82241 622 6 612 6 9730.7344 9731.6865
 14.186  0.215 13.299 28.517 41.090 15.129  8.707 13.260 -1.079
  32.630 27.029 12.356 13.640  4.021 11.108 44.093 39.710   6.25
 82341 730 2 4 6 7 9731.6865 9732.5977
 14.282  0.665 -2.731 17.713 29.823 13.115 16.830 22.876 -0.111
  19.129 17.608 -2.134 -2.775  0.903 12.211 31.123 29.590 -28.43
 82341 730 7121922 9731.6865 9732.5977
 12.973  0.517 11.419-39.277-28.358 66.801 69.814 -0.345 -0.126
 -34.277-42.011 11.448 11.403 23.615 43.186-23.205-30.820  -1.21
 82341 730 3 3 615 9731.6865 9732.5977
 13.775 -0.920 13.504 41.090 52.739  8.707  9.275 19.506  0.373
  44.093 39.710 12.470 13.979  2.742  5.965 56.957 51.952 -15.74
 82441 939 4 3 7 2 9732.5977 9733.5938
 14.371  0.348 -3.337 29.823 43.167 16.830  3.195 -5.559 -1.146
  31.123 29.590 -3.463 -3.314  2.558 14.272 43.274 43.101 -58.22
 82441 939 2 1 3 3 9732.5977 9733.5938
 13.514  0.172-10.091 -8.528  3.962  3.211  1.863-17.256  0.534
  -7.570 -9.870-10.384 -9.681  1.874  1.338  4.529  2.396  61.03
 82441 939 6162219 9732.5977 9733.5938
 14.458  0.058 11.890-28.358-14.928 69.814 36.169 -1.554 -2.216
 -23.205-30.820 12.026 11.824 22.566 47.248-11.652-17.006   0.86
 82541 945 1 1 2 3 9733.5938 9734.5938
 13.632 -0.459 -3.683 43.167 55.818  3.195  5.111-63.777  1.499
  43.274 43.101 -3.901 -3.549  1.217  1.979 55.901 55.101 128.77
 82541 945 1 2 3 6 9733.5938 9734.5938
 14.265  1.184-10.263  3.962 17.247  1.863  5.729 43.773  1.654
   4.529  2.396 -9.729-11.739  1.369  0.495 19.511 15.941  -3.88
 82541 945 9101910 9733.5938 9734.5938
 13.401 -0.626 11.947-14.928 -2.507 36.169 24.406 -0.693 -2.372
 -11.652-17.006 11.986 11.923 14.043 22.126 -0.414 -3.324  -4.85
 82641 945 4 61013 9734.5938 9735.5938
 13.379  0.185 11.321 -2.507  9.892 24.406 33.724 -5.538  1.775
  -0.414 -3.324 11.520 11.244  6.849 17.557 10.722  6.067  16.24
 82641 945 0 0 1 1 9734.5938 9735.5938
 14.585  0.449 15.305-15.229 -1.624  0.174  0.356  0.000  0.000
   0.000  0.000  0.000  0.000  0.000  0.000  0.000  0.000   0.00
 82641 945 3 1 4 2 9734.5938 9735.5938
 13.492  0.288 11.990  5.363 17.874  6.271  2.600-26.613  3.367
   5.428  4.447 12.022 11.541  5.852  0.419 19.531 15.041  35.44
 82741 945 2 1 3 2 9735.5938 9736.6016
 16.900  0.698 -1.497 30.583 46.624  1.630  0.459-29.696 -1.391
  30.721 29.319 -1.576 -0.776  1.470  0.160 46.646 46.445   4.71
 82741 945 31013 3 9735.5938 9736.6016
 16.744  2.176 11.507  9.892 25.776 33.724  0.376 10.706  0.469
  10.722  6.067 11.325 12.188 25.533  8.615 27.045 22.278  14.31
 82741 945 0 0 1 3 9735.5938 9736.6016
 11.907 -1.491 15.202 14.766 25.776  0.050  0.376  0.000  0.000
   0.000  0.000  0.000  0.000  0.000  0.000  0.000 22.278   0.00
 83041 919 5 611 5 9738.6113 9739.7031
 13.859  0.452  9.787-31.199-17.141 11.313 12.764 42.478  0.208
 -30.115-31.999  8.810 10.509  4.807  6.506-15.869-17.754   4.65
 83041 919 1 1 2 2 9738.6113 9739.7031
 11.778  0.549 12.489-41.738-29.952  1.613  0.100 43.987  0.119
 -41.504-41.757 12.268 12.506  0.117  1.496-29.781-30.122   0.07
 9 341 820 4 61013 9742.6523 9743.6904
 15.040  0.152 -5.147-33.531-18.936 19.835 27.254 13.104 -0.310
 -32.942-35.278 -5.010 -5.552 14.831  5.004-18.482-20.570 -13.78
 9 341 820 7 310 9 9742.6523 9743.6904
 16.929 -0.811 13.206-27.894-11.338 37.992 18.476 13.268 -4.720
 -25.248-31.551 12.599 14.046 22.044 15.948-10.173-11.745   1.11
 91141 8 7 9 413 2 9750.6611 9751.6016
 11.528  2.674 -5.305-18.936 -9.020 27.254  4.992 35.422-24.330
 -11.773-32.085 -1.525 12.860  8.828 12.118 -8.999 -9.198  30.88
 91241 933 1 1 2 2 9751.6016 9752.6504
 14.874 -0.677 -7.819 -9.020  5.546  4.992  3.286 66.304  0.565
  -8.999 -9.198 -7.772 -8.220  4.465  0.527  5.557  4.861 -17.19
 91241 933 7 61314 9751.6016 9752.6504
 14.132  0.716 11.537-53.784-39.996 77.333 86.995  7.562  0.129
 -52.581-56.180 11.381 11.849 51.481 25.852-38.171-41.943  -6.13
 91241 933 8 51321 9751.6016 9752.6504
 14.676  0.793 18.411-54.825-40.465 28.550 48.267  6.205 -0.418
 -51.980-57.837 18.117 18.721 14.684 13.866-37.792-43.209   2.36
 91341 82310112116 9752.6504 9753.6631
 14.555 -0.368 19.242-40.465-26.715 48.267 51.892  8.567  0.992
 -37.792-43.209 18.862 19.632 24.445 23.822-23.411-29.866  -0.87
 91841 739 0 0 1 1 9757.6807 9758.6904
 15.145  0.162  4.852-39.149-24.850  3.145  9.077  0.000  0.000
   0.000  0.000  0.000  0.000  0.000  0.000  0.000  0.000   0.00
 91841 739 6 2 8 6 9757.6807 9758.6904
 13.695  1.357 21.312 20.131 32.966 18.302 15.678  4.261 -2.000
  23.113 19.575 21.105 21.350  2.878 15.424 33.626 32.284 -22.65
 91841 739 0 0 1 5 9757.6807 9758.6904
 13.761  1.219 20.616 28.595 41.497  5.624  7.141  0.000  0.000
   0.000  0.000  0.000  0.000  0.000  0.000  0.000 38.543   0.00
 91941 725 51015 4 9758.6904 9759.6816
 15.775 -1.841-12.661-24.484 -9.816 26.573  8.856  0.735 -1.180
 -21.604-28.175-12.625-12.707 14.926 11.647 -9.202-14.439 -11.30
 91941 725 0 0 1 3 9758.6904 9759.6816
 12.923  1.411  5.015-24.850-13.010  9.077  1.888  0.000  0.000
   0.000  0.000  0.000  0.000  0.000  0.000  0.000-13.526   0.00
 91941 72521274863 9758.6904 9759.6816
 13.056  1.499 14.992 37.730 49.701145.965226.244  0.715 -1.015
  43.162 30.653 14.926 15.077 82.577 63.388 54.978 43.436   0.03
 92141 753 1 3 4 3 9760.6709 9761.6953
 12.767 -0.894 -8.535 17.534 29.603 15.888  8.520-11.177 -0.069
  17.594 16.991 -8.547 -8.429 14.315  1.573 29.945 29.599  61.68
 92141 753 3 2 5 5 9760.6709 9761.6953
 15.118  1.588 10.499  7.736 22.214  1.776  8.555-35.687 -0.969
   8.512  6.041 11.048  9.302  1.218  0.558 23.006 20.956  27.87
 92141 753 1 1 2 2 9760.6709 9761.6953
 13.131  0.960  7.543 17.914 30.356  3.989  1.548 -2.567  0.744
  18.147 16.583  7.553  7.484  3.394  0.595 30.430 28.114  -0.91
 92141 753 2 4 613 9760.6709 9761.6953
 12.447  0.593 18.574 34.419 46.161  9.417 13.996-10.177  0.507
  36.957 32.420 19.006 18.234  4.150  5.267 49.445 44.519  -7.25
 92241 718 2 3 5 6 9761.6953 9762.6895
 14.765 -2.282 12.126 22.214 35.918  8.555  4.511 -7.816  1.029
  23.006 20.956 12.233 11.958  5.251  3.304 36.344 33.397 -10.14
 92241 718 1 1 2 1 9761.6953 9762.6895
 14.713 -2.942  8.526 30.356 44.008  1.548  0.442 -3.479 -2.295
  30.430 28.114  8.530  8.391  1.498  0.050  0.000  0.000   0.00
 92341 726 1 1 2 2 9762.6895 9763.6611
 13.077 -1.445-12.108 29.217 40.966  1.809 15.027-11.875 -1.318
  30.217 28.471-12.314-11.955  0.773  1.036 41.216 40.845  43.11
 92441 8 7 1 1 2 2 9763.6611 9764.7139
 14.692  0.093-10.705 40.966 55.397 15.027 25.505 31.238  1.001
  41.216 40.845-10.556-10.777  4.892 10.136 55.412 54.068  -8.93
 92441 8 7 1 1 2 4 9763.6611 9764.7139
 15.987  0.558-12.212 30.057 45.852  3.998  7.426-17.010  1.624
  30.078 28.399-12.219-11.716  3.948  0.050 46.334 43.159  -5.02
 92441 8 7 1 4 5 3 9763.6611 9764.7139
 13.890 -0.183 10.118 36.720 50.307  7.782  8.539-12.918  1.856
  37.634 35.795 10.324  9.909  3.913  3.869 50.869 47.110  16.97
 92541 652 1 3 4 4 9764.7139 9765.6631
 13.974 -1.152-12.800 45.852 58.183  7.426  3.131-22.026  0.554
  46.334 43.159-12.990-11.737  6.298  1.128 60.398 56.617   3.91
 92741 744 2 1 3 5 9766.6777 9767.6504
 13.771 -0.433  3.583-58.704-46.273 74.054 68.933 84.120  3.477
 -58.685-58.779  3.395  4.305 58.741 15.313-46.111-50.153 -60.91
 92841 823 0 0 1 6 9767.6504 9768.6475
 17.481 -2.840 -2.847-49.720-33.259  1.515 39.241  0.000  0.000
   0.000  0.000  0.000  0.000  0.000  0.000  0.000-37.095   0.00
 92941 826 2 4 6 7 9768.6475 9769.6484
 14.921  2.238  0.013-33.259-19.313 39.241 60.672 18.166 -2.331
 -32.667-37.095 -0.181  1.272 33.997  5.244-19.208-20.798  28.82
 92941 826 1 1 2 3 9768.6475 9769.6484
 13.377 -2.778 -6.043-35.673-23.273  4.561  0.979 41.001 -0.192
 -35.583-36.983 -5.965 -7.175  4.269  0.292-22.873-24.089   1.67
 93041 826 2 5 7 6 9769.6484 9770.6699
 13.415  0.775  2.253-19.313 -6.615 60.672 30.483 46.983  0.066
 -19.208-20.798  2.141  3.844 56.667  4.005 -6.112 -8.035 -10.30
 93041 826 2 1 3 2 9769.6484 9770.6699
 14.208 -0.797 -3.262-23.273 -9.765  0.979  4.507 42.670  0.047
 -22.873-24.089 -2.894 -4.014  0.657  0.322 -9.754-10.726  12.44
 93041 826 5 914 7 9769.6484 9770.6699
 16.165  0.268 -4.383-36.248-20.741 11.447  8.358-18.166 -2.855
 -33.646-39.743 -5.234 -3.240  6.563  4.884-18.462-21.986  10.70
10 141 754 2 4 6 5 9770.6699 9771.7178
 14.856 -1.580  3.045 -6.615  7.910 30.483 36.643 36.681 -1.325
  -6.112 -8.035  2.670  4.101 22.499  7.984  8.269  7.747  24.10
10 141 754 3 4 7 2 9770.6699 9771.7178
 14.348  0.501 -4.657-20.741 -6.747  8.358  5.373 -7.470 -1.235
 -18.462-21.986 -4.955 -4.494  2.953  5.406 -5.304 -7.607   1.27
10 241 647 1 4 5 4 9771.7178 9772.6963
 14.811  0.036  1.390  7.910 21.449 36.643 31.255 60.778 -0.096
   8.269  7.747  0.749  1.683 11.482 25.161 22.045 21.361 -15.29
10 341 716 1 3 4 2 9772.6963 9773.6514
 14.518 -0.055  1.425 21.449 34.370 31.255 16.191 45.487 -0.461
  22.045 21.361  0.819  1.514  3.987 27.268 34.376 34.056 -97.03
10 741 8 7 3 71011 9776.6611 9777.6699
 13.565 -0.933 15.790  9.091 21.784 13.975  9.980 -9.664  1.336
  10.471  6.693 16.016 15.397  8.872  5.103 24.773 19.974 -12.91
10 841 754 3 3 614 9777.6699 9778.6602
 12.845  0.515 13.406-57.007-45.263 26.024 35.952-62.711  6.920
 -56.962-57.204 13.492 13.035 21.153  4.871-43.773-50.763  86.83
10 941 8 8 4101411 9778.6602 9779.7256
 13.309  0.383 13.916-45.263-32.135 35.952 16.333 24.122 -3.915
 -43.773-50.763 13.269 16.307 28.290  7.662-30.705-33.893   4.49
10 941 8 8 3 2 5 5 9778.6602 9779.7256
 14.624  0.068 16.155 38.477 53.005  6.484  6.869 -6.778 -4.049
  38.917 33.782 16.205 15.619  5.927  0.556 53.131 52.181   0.65
101441 9 9 1 1 2 7 9783.6182 9784.6699
 13.720  0.314-11.707-55.202-41.805  8.920 27.740 -7.816  1.616
 -52.555-56.660-12.063-11.511  3.168  5.752-38.299-44.005  -2.53
101441 9 9 1 3 4 4 9783.6182 9784.6699
 13.773 -0.148 13.112 -2.322 11.131 17.013 21.954 12.428 -3.558
   2.258 -2.733 12.129 13.200  1.401 15.613 11.215  9.870  10.21
101441 9 9 2 1 3 3 9783.6182 9784.6699
 14.775 -0.003 12.708 21.426 35.934  5.129  6.812  8.428  3.347
  21.569 20.894 12.688 12.785  4.048  1.081 38.492 35.775  40.22
101441 9 9 1 1 2 4 9783.6182 9784.6699
 12.932 -0.214  9.352 28.917 41.485  6.276  4.478  1.973 -0.161
  28.955 24.216  9.351  9.512  6.226  0.050 43.259 38.738   6.89
101541 754 2 2 413 9784.6699 9785.7051
 14.853 -1.497 12.957 11.131 25.480 21.954 21.879 22.637 -0.694
  11.215  9.870 12.923 13.469 20.590  1.363 25.886 25.146 -22.79
101541 754 1 2 3 3 9784.6699 9785.7051
 14.340 -1.951 12.705 35.934 49.751  6.812 26.867 48.647 -3.878
  38.492 35.775  9.869 12.881  0.398  6.413 49.779 49.694   2.86
101541 754 3 1 4 3 9784.6699 9785.7051
 13.164 -2.173  9.127 41.485 54.086  4.478  0.220  8.866 -0.790
  43.259 38.738  8.853  9.550  2.721  1.757 55.925 52.553  17.24
102841 744 1 8 910 9797.6777 9798.6709
 12.540  0.206 14.591-15.822 -4.348  7.296 26.856  2.691-38.885
  24.899-17.634 13.337 15.272  0.257 21.255 -3.482 -5.809 -17.08
102941 753 0 0 1 2 9798.6709 9799.6719
 14.338 -0.392  0.902  8.164 21.534  7.184  3.594  0.000  0.000
   0.000  0.000  0.000  0.000  0.000  0.000  0.000 19.020   0.00
102941 753 5 51012 9798.6709 9799.6719
 14.350 -0.059 14.796 -4.348  9.033 26.856 49.293-14.386  1.100
  -3.482 -5.809 15.011 14.434 16.854 10.002 10.176  6.719   2.04
102941 753 2 4 6 2 9798.6709 9799.6719
 14.687 -0.600 12.103  5.275 18.994 49.787 36.294 -1.063 -0.382
   6.084  4.465 12.117 12.088 24.901 24.886 19.224 18.006   7.07
103041 752 1 1 2 3 9799.6719 9800.6621
 14.241  0.480  0.509 21.534 34.651  3.594  1.935 19.933 -0.694
  21.570 19.020  0.496  1.421  3.544  0.050 34.703 32.686 -18.06
103041 752 1 1 220 9799.6719 9800.6621
 12.085  1.167 11.502 18.994 29.977 36.294 76.788  6.009  9.081
  19.224 18.006 11.478 11.604 29.436  6.858 32.587 22.610  12.75
103141 8 7 0 0 1 6 9800.6621 9801.6709
 13.462  0.145  4.450  7.072 19.660  3.620  1.445  0.000  0.000
   0.000  0.000  0.000  0.000  0.000  0.000  0.000 18.224   0.00
103141 8 7 5152025 9800.6621 9801.6709
 12.292  0.701 12.657 29.977 41.385 76.788 72.665 18.759  0.998
  32.587 22.610 11.792 15.098 56.703 20.086 46.026 35.226   2.55
11 141 753 4 2 615 9801.6709 9802.6875
 13.353 -0.691  4.597 19.660 32.233  1.445 20.507 -5.398  0.903
  20.657 18.224  4.691  4.462  0.853  0.592 34.628 31.304  11.94
11 241 73010 51517 9802.6875 9803.6768
 15.662  0.498  3.894 32.233 46.745 20.507 32.016  6.539  1.630
  34.628 31.304  3.620  4.000  5.729 14.778 49.503 44.532 -10.46
11 341 746 7101714 9803.6768 9804.6650
 12.277  2.747  4.386 46.745 57.911 32.016 25.145 -3.920 -2.424
  49.503 44.532  4.575  4.235 14.256 17.760 59.403 57.144 -24.35
11 341 746 1 4 5 2 9803.6768 9804.6650
 15.588 -0.185 12.021-16.636 -2.197  7.802  1.441 -3.013 -0.335
 -15.803-19.050 12.063 11.896  5.801  2.001 -1.756 -4.450 -19.02
11 441 8 1 1 1 2 1 9804.6650 9805.6787
 15.393  0.305 11.838 -2.197 12.411  1.441  0.545-22.037 -2.845
  -1.756 -4.450 12.013 10.945  1.205  0.236  0.000  0.000   0.00
111441 751 7 41118 9814.6729 9815.6650
 13.565 -0.400 -5.145-20.473 -7.990 12.760 16.835-14.086 -1.015
 -18.607-23.963 -5.611 -4.273  8.315  4.445 -5.610 -9.983   0.47
111441 751 6 612 6 9814.6729 9815.6650
 16.082 -0.400  9.481  2.040 17.021 12.917 16.268  1.151  0.052
   4.014  0.595  9.442  9.510  5.460  7.457 17.460 14.027   7.14
111541 8 1 8101810 9815.6650 9816.6885
 14.125  0.091 -4.748 -7.990  5.451 16.835 21.309-13.614  0.751
  -5.610 -9.983 -5.322 -4.267  7.673  9.162  8.314  3.297  -3.68
111541 8 1 3 3 6 6 9815.6650 9816.6885
 14.723 -0.362  9.084 17.021 31.073 16.268  2.359  8.287  0.265
  17.460 14.027  9.021  9.515 14.189  2.078 31.904 28.262   4.41
111641 729 7 31011 9816.6885 9817.6846
 14.186  0.623 -4.841  5.451 18.605 21.309 25.069-17.293  0.340
   8.314  3.297 -5.730 -4.173  9.148 12.161 22.727 17.127  17.62
111641 729 3 3 6 5 9816.6885 9817.6846
 14.681  0.054  8.713 31.073 44.721  2.359  4.986 12.696 -1.950
  31.904 28.262  8.528  9.339  1.821  0.538 44.827 43.097  -2.03
111741 733 4 71112 9817.6846 9818.6836
 15.538  0.282 -5.463 18.605 33.149 25.069 13.370  0.323 -0.639
  22.727 17.127 -5.440 -5.471  6.620 18.449 35.517 30.567  -4.19
111741 733 1 4 5 4 9817.6846 9818.6836
 13.440 -0.694  8.767 44.721 57.167  4.986  5.166 10.667  1.521
  44.827 43.097  8.747  9.070  4.681  0.305 57.505 54.364   6.88
111841 734 6 61213 9818.6836 9819.6621
 14.488  0.298 -5.744 33.149 46.351 13.370 22.565 -3.870  0.192
  35.517 30.567 -5.903 -5.570  6.973  6.397 49.349 44.289  14.97
111941 8 7 8 513 7 9819.6621 9820.6709
 11.849  1.925 -6.036 46.351 57.313 22.565  8.293 11.100 -2.380
  49.349 44.289 -5.451 -6.438  9.196 13.369 59.701 57.135  11.23
112341 749 1 2 3 5 9823.6738 9824.6914
 14.008  0.008  5.337-38.042-24.793 13.427  7.596 57.483  3.786
 -37.964-38.178  5.216  5.549  8.527  4.899-24.643-28.707 -42.89
112341 74910 41418 9823.6738 9824.6914
 13.910 -0.282  9.698-22.814 -9.664 22.061 36.564 -3.346  1.819
 -20.724-24.857  9.819  9.580 10.906 11.155 -6.210-12.176  -0.63
112441 724 7121919 9824.6914 9825.7500
 14.278 -0.943-17.506-47.556-33.479 55.549 28.887  2.682  0.099
 -43.639-49.530-17.331-17.594 18.609 36.940-30.218-36.102   7.08
112441 724 3 2 5 4 9824.6914 9825.7500
 14.251  0.267  5.345-24.793-10.743  7.596 11.839 14.590 -3.555
 -24.643-28.707  5.306  6.360  7.315  0.281-10.221-10.806   7.43
112441 724 7111820 9824.6914 9825.7500
 15.685  0.279  9.412 -9.664  5.905 36.564 44.378 -3.979  2.028
  -6.210-12.176  9.649  9.239 15.397 21.168  9.224  1.193   0.83
112541 6 010 91914 9825.7500 9826.7998
 15.167  1.134-16.508-33.479-18.587 28.887 35.917  9.757  0.202
 -30.218-36.102-15.970-16.940 12.880 16.007-15.827-21.863   4.26
112541 6 0 4 2 6 5 9825.7500 9826.7998
 14.815 -1.746 12.550-48.758-34.236 21.542 24.837-11.233  0.023
 -48.497-49.360 12.601 12.434 15.011  6.531-33.953-34.832  -0.26
112541 6 0 1 3 4 2 9825.7500 9826.7998
 15.325 -1.051  5.628-10.743  4.315 11.839  8.190 22.019 -0.099
 -10.221-10.806  5.418  5.654  1.269 10.569  4.329  3.830  -2.34
113041 753 3 2 5 4 9830.6709 9831.6719
 16.550  0.597  9.409 14.769 30.345  8.079  3.326 -6.711-81.933
  31.358-51.509-13.287 -3.667  2.535  1.317 30.530 30.305  61.47
12 141 753 2 1 3 3 9831.6719 9832.6953
 14.511  0.123 -3.691-37.797-23.949 12.124 10.513-27.255  0.058
 -37.705-38.106 -3.738 -3.532  9.361  2.763-23.778-24.097 -23.88
12 141 753 7 714 9 9831.6719 9832.6953
 14.704 -0.320  9.326 15.666 29.711 21.439  7.121-26.729 -2.381
  18.654 14.852 10.811  8.922  4.592 16.846 30.739 29.446 -18.71
12 141 753 1 3 4 6 9831.6719 9832.6953
 13.582  0.124 10.007 30.345 43.241  3.326  6.186 54.761  1.433
  30.530 30.305  9.750 10.063  0.595  2.731 43.750 42.009 -74.10
12 541 746 0 0 1 1 9835.6758 9836.6621
 14.945  0.194 -5.773-44.511-30.734  0.689  4.259  0.000  0.000
   0.000  0.000  0.000  0.000  0.000  0.000  0.000  0.000   0.00
12 541 746 1 1 2 2 9835.6758 9836.6621
 14.612  0.427 -4.978 15.244 28.693  8.702  8.209 79.308 -0.021
  15.315 15.239 -4.604 -5.004  0.562  8.140 28.702 28.616-156.38
12 541 746 2 6 816 9835.6758 9836.6621
 13.653 -0.283 -8.670 44.957 57.460  6.918 11.676 11.231 -2.666
  47.484 41.560 -8.174 -9.337  3.967  2.951 58.343 55.123   4.20
12 641 8 5 1 5 6 5 9836.6621 9837.6543
 13.968  0.431  8.499-52.999-40.122  8.575 19.375 32.437 -0.358
 -51.975-53.341  7.855  8.714  2.146  6.429-39.912-41.153 -42.07
12 641 8 5 1 1 2 2 9836.6621 9837.6543
 13.373  0.141 -5.400 28.693 40.980  8.209 21.698-77.075  0.269
  28.702 28.616 -5.441 -5.065  7.310  0.899 40.986 40.977 166.28
12 741 818 3 2 5 2 9837.6543 9838.6943
 15.288  0.139  8.926-40.122-25.240 19.375  2.624 -9.631 -0.539
 -39.912-41.153  8.962  8.754 16.092  3.284-25.204-25.383 -65.80
12 741 818 1 1 2 3 9837.6543 9838.6943
 14.540  0.332 -5.540 40.980 55.084 21.698 12.168 89.206  0.051
  40.986 40.977 -5.061 -5.715  5.827 15.871 55.166 55.077  -6.40
