 1 136 730 2 2 4 3 7670.6875 7671.8320
 13.027  0.371-23.328 21.124 34.911 15.522 12.097 37.491 -2.498
  21.475 18.285-23.080-25.328 13.812  1.710 35.256 34.229   0.61
 1 136 730 1 1 2 1 7670.6875 7671.8320
 13.766  0.419-31.040 22.129 36.763  6.967  0.473 27.108 -0.932
  23.090 22.122-30.619-31.043  0.050  6.917  0.000  0.000   0.00
 1 136 730 3 4 714 7670.6875 7671.8320
 13.576 -0.332-11.410-23.647 -9.231 55.063 91.764  1.396 -0.814
 -21.999-30.216-11.370-11.567 44.019 11.044 -6.467-13.804   4.70
 1 136 730 0 0 1 2 7670.6875 7671.8320
 14.894 -0.369 18.861-15.829  0.094  0.827  4.845  0.000  0.000
   0.000  0.000  0.000  0.000  0.000  0.000  0.000 -0.111   0.00
 1 136 730 2 3 5 1 7670.6875 7671.8320
 14.520 -0.388 14.136 32.899 48.396  2.305  0.126-20.505 -2.473
  33.055 30.666 14.192 13.326  2.155  0.150  0.000  0.000   0.00
 1 236 4 1 1 2 3 2 7671.8320 7672.8223
 14.034 -0.821-23.753 34.911 47.838 12.097 38.314 38.097  0.174
  35.256 34.229-23.505-24.242  8.028  4.068 47.858 46.564  -8.68
 1 236 4 1 4101414 7671.8320 7672.8223
 14.022 -0.075-11.030 -9.231  3.684 91.764 53.763  6.096  1.081
  -6.467-13.804-10.741-11.510 57.194 34.569  7.041 -1.371   1.02
 1 236 4 1 1 1 2 1 7671.8320 7672.8223
 12.972 -0.022 18.439  0.094 11.971  4.845  0.481-13.428 -0.420
   0.320 -0.111 18.490 18.392  2.312  2.533  0.000  0.000   0.00
 1 336 415 1 1 2 1 7672.8223 7673.7383
 13.522  0.647-22.940 47.838 59.327 38.314 37.602 29.421 -1.368
  47.858 46.564-22.929-23.601 37.737  0.577  0.000  0.000   0.00
 1 336 415 6 814 8 7672.8223 7673.7383
 13.740  0.611-10.956  3.684 15.373 53.763 45.390  7.117 -0.180
   7.041 -1.371-10.544-11.575 32.309 21.454 19.345 11.159   2.82
 1 336 415 3 71014 7672.8223 7673.7383
 13.111 -0.405 28.882-51.929-40.817 16.930 32.614 23.476 -4.245
 -45.932-53.693 26.601 29.553  3.848 13.082-38.667-41.677   9.82
 1 336 415 0 0 1 2 7672.8223 7673.7383
 13.872 -0.668 18.417 11.971 23.780  0.481  6.215  0.000  0.000
   0.000  0.000  0.000  0.000  0.000  0.000  0.000 23.715   0.00
 1 436 616 6 814 9 7673.7383 7674.6978
 15.113  0.373 28.511-40.817-27.253 32.614 25.552 33.299  1.664
 -38.667-41.677 27.270 29.008  9.319 23.295-24.045-29.115 -10.14
 1 436 616 1 1 2 1 7673.7383 7674.6978
 14.069 -0.443 17.805 23.780 36.341  6.215  7.520-59.424 -0.296
  23.874 23.715 17.956 17.701  2.525  3.689  0.000  0.000   0.00
 1 536 715 1 1 2 1 7674.6978 7675.7041
 13.644  0.156-11.417 32.144 44.888 45.054 49.357  8.212 -0.978
  32.575 31.587-11.356-11.495 25.410 19.644  0.000  0.000   0.00
 1 536 715 1 3 4 2 7674.6978 7675.7041
 13.851 -0.369-13.410 23.495 36.448  7.995  3.042 78.193 -0.731
  23.659 23.362-12.648-14.033  3.595  4.400 36.459 35.765 -86.51
 1 536 715 2 7 916 7674.6978 7675.7041
 12.316  0.340 28.869-27.253-15.846 25.552 45.264 23.157  0.217
 -24.045-29.115 27.667 29.566  9.384 16.168-12.552-17.043  15.88
 11936 749 0 0 1 1 7688.6738 7689.6938
 13.983 -0.009-19.781 25.018 38.284 15.400  8.507  0.000  0.000
   0.000  0.000  0.000  0.000  0.000  0.000  0.000  0.000   0.00
 11936 749 0 0 1 1 7688.6738 7689.6938
 13.953 -0.100-28.163 24.421 37.657 33.103 52.029  0.000  0.000
   0.000  0.000  0.000  0.000  0.000  0.000  0.000  0.000   0.00
 11936 749 2 2 4 2 7688.6738 7689.6938
 14.704  0.430-23.817-13.989  0.014 22.483 18.833  4.434  0.549
 -11.253-15.326-23.623-23.912  7.382 15.101  2.289 -2.372 -11.88
 12036 721 0 0 1 1 7689.6938 7690.6807
 13.749 -0.120-19.771 38.284 50.886  8.507 10.072  0.000  0.000
   0.000  0.000  0.000  0.000  0.000  0.000  0.000  0.000   0.00
 12036 721 0 0 1 3 7689.6938 7690.6807
 12.768  0.194-28.061 37.657 49.291 52.029 19.523  0.000  0.000
   0.000  0.000  0.000  0.000  0.000  0.000  0.000 49.025   0.00
 12036 721 1 1 2 1 7689.6938 7690.6807
 15.673 -0.058-24.256  0.014 14.514 18.833 13.928 -7.445 -4.286
   2.289 -2.372-24.527-23.971  9.639  9.195  0.000  0.000   0.00
 12136 739 0 0 1 2 7690.6807 7691.7793
 13.535  0.307-24.198 14.514 28.309 13.928  1.452  0.000  0.000
   0.000  0.000  0.000  0.000  0.000  0.000  0.000 28.266   0.00
 12136 739 0 0 1 2 7690.6807 7691.7793
 15.015 -0.050-18.452-52.799-37.379  0.425  4.933  0.000  0.000
   0.000  0.000  0.000  0.000  0.000  0.000  0.000-37.572   0.00
 12236 517 6131923 7691.7793 7692.6826
 10.922  0.761-31.428 38.080 47.064105.284 55.097 12.686  1.497
  40.790 31.402-30.907-32.711 74.892 30.392 52.572 41.288  -2.57
 12236 517 1 1 2 4 7691.7793 7692.6826
 13.530  0.489-24.535 28.309 39.649  1.452  3.315-48.575  1.156
  28.637 28.266-24.873-24.491  0.167  1.285 39.673 39.450 -34.45
 12236 517 1 1 2 3 7691.7793 7692.6826
 14.273  0.056-18.397-37.379-25.368  4.933  9.184-33.704 -0.164
 -37.096-37.572-18.576-18.275  1.999  2.934-25.265-25.544 -12.01
 12336 737 3 1 4 1 7692.6826 7693.6929
 13.422  0.360-24.977 39.649 52.222  3.315  1.311-83.022 -1.665
  39.673 39.450-25.153-23.500  2.962  0.353  0.000  0.000   0.00
 12336 737 1 2 3 3 7692.6826 7693.6929
 13.871 -0.115-24.287  2.175 15.202  1.401 20.333 37.573  0.396
   2.816  0.911-23.838-25.174  0.930  0.471 16.478 14.000  -8.52
 12336 737 1 2 3 3 7692.6826 7693.6929
 13.908  0.130-18.448-25.368-12.304  9.184  0.744-45.715  0.162
 -25.265-25.544-18.548-18.277  5.790  3.394-11.933-12.466  66.65
 12336 737 9 71620 7692.6826 7693.6929
 13.219  0.504 15.057-48.835-36.468 44.308 68.269  2.666  3.055
 -46.113-54.529 14.935 15.313 29.975 14.332-31.933-43.344   8.15
 12436 722 2 1 3 3 7693.6929 7694.6743
 12.721  0.930-24.170 15.202 26.724 20.333  7.081 29.054  1.164
  16.478 14.000-23.524-24.780  9.863 10.470 29.813 26.052  -4.30
 12436 722 1 2 3 2 7693.6929 7694.6743
 14.436  0.947-18.579-12.304  0.901  0.744  2.990 20.939  0.252
 -11.933-12.466-18.444-18.638  0.227  0.518  0.930  0.171 -46.60
 12436 722 91120 6 7693.6929 7694.6743
 11.475 -1.279 15.566-36.468-26.168 68.269 12.944 10.817 -7.161
 -31.933-43.344 14.732 16.832 41.141 27.128-23.369-27.449 -21.98
 2 436 748 1 1 2 4 7704.6743 7705.7139
 12.316  0.193 32.887-16.975 -5.189  4.096 20.699 24.290  3.049
 -16.913-17.070 32.864 32.923  2.476  1.620 -4.446 -7.155  20.43
 2 436 748 2 3 5 7 7704.6743 7705.7139
 11.619  0.107 23.082 -6.295  4.766 13.574  5.350 11.246  0.622
  -5.676-10.230 22.968 23.801 11.729  1.845  8.505  3.258  -1.54
 2 436 748 0 0 1 1 7704.6743 7705.7139
 13.504 -0.205 29.397 -3.767  9.254  2.564  1.821  0.000  0.000
   0.000  0.000  0.000  0.000  0.000  0.000  0.000  0.000   0.00
 2 536 652 2 2 4 3 7705.7139 7706.6860
 13.598 -0.132 33.088 -5.189  7.079 20.699 13.012 44.725 -0.320
  -4.446 -7.155 32.472 34.719 15.024  5.675  7.208  4.676  -2.37
 2 536 652 4 3 7 6 7705.7139 7706.6860
 16.028 -0.463 23.193  4.766 19.397  5.350 27.396  9.705  0.627
   8.505  3.258 22.605 23.430  1.537  3.813 21.036 15.302   6.95
 2 636 731 3 3 6 1 7706.6860 7707.6777
 15.620 -0.939 22.742 19.397 33.915 27.396 10.365 16.657 -5.520
  21.036 15.302 22.290 23.872 19.564  7.832  0.000  0.000   0.00
 2 636 731 0 0 1 1 7706.6860 7707.6777
 14.421 -0.026-18.977-59.381-46.051  3.088  3.293  0.000  0.000
   0.000  0.000  0.000  0.000  0.000  0.000  0.000  0.000   0.00
 2 636 731 1 2 3 3 7706.6860 7707.6777
 13.503 -0.265 32.960  7.079 19.498 13.012 15.889 42.351  0.094
   7.208  4.676 32.861 34.797 12.350  0.662 19.570 17.180   5.01
 2 736 744 0 0 1 1 7707.6777 7708.6675
 14.683 -0.229-18.952-46.051-32.490  3.293  0.197  0.000  0.000
   0.000  0.000  0.000  0.000  0.000  0.000  0.000  0.000   0.00
 2 736 744 1 2 3 1 7707.6777 7708.6675
 13.221  0.002 32.697 19.498 31.612 15.889  9.747 47.357 -2.968
  19.570 17.180 32.632 34.815 15.414  0.474  0.000  0.000   0.00
 2 736 744 0 0 1 1 7707.6777 7708.6675
 13.799 -0.233 21.811 33.915 46.601 10.365 20.760  0.000  0.000
   0.000  0.000  0.000  0.000  0.000  0.000  0.000  0.000   0.00
 2 836 759 0 0 1 1 7708.6675 7709.7373
 14.680  0.418-18.725-32.490-17.829  0.197  0.558  0.000  0.000
   0.000  0.000  0.000  0.000  0.000  0.000  0.000  0.000   0.00
 2 836 759 1 1 2 1 7708.6675 7709.7373
 14.112  0.566-19.135-43.844-29.791  2.818  0.722 84.312 -0.803
 -43.796-43.880-18.684-19.483  1.228  1.590  0.000  0.000   0.00
 2 836 759 0 0 1 1 7708.6675 7709.7373
 12.917 -0.466 32.699 31.612 44.387  9.747 12.565  0.000  0.000
   0.000  0.000  0.000  0.000  0.000  0.000  0.000  0.000   0.00
 22536 726 0 0 1 1 7725.6895 7726.6724
 15.664  2.516-31.949 35.203 49.631  0.243 24.620  0.000  0.000
   0.000  0.000  0.000  0.000  0.000  0.000  0.000  0.000   0.00
 22636 752 2 1 3 2 7726.6724 7727.7661
 14.918  2.824 -4.646-10.036  5.208  6.349  9.329 12.936  0.191
  -8.557-11.232 -4.307 -4.919  2.838  3.511  5.623  2.852   7.32
 22736 537 1 1 2 4 7727.7661 7728.6689
 14.807 -1.131-30.351 34.413 46.895  9.345 16.653-10.488  0.883
  35.702 32.843-30.557-30.100  5.132  4.213 48.117 44.229  12.22
 22736 537 1 1 2 3 7727.7661 7728.6689
 14.306 -0.312 -7.734  5.208 17.237  9.329  6.456 20.252 -2.282
   5.623  2.852 -7.582 -8.595  7.930  1.399 17.425 16.775 -20.86
 22736 537 0 0 1 1 7727.7661 7728.6689
 14.083 -0.810 12.697-27.641-15.813  9.893 24.270  0.000  0.000
   0.000  0.000  0.000  0.000  0.000  0.000  0.000  0.000   0.00
 22836 756 5 611 1 7728.6689 7729.6714
 12.724 -0.371-16.956-52.908-41.132 28.876  4.726  3.505 -4.849
 -50.076-55.136-16.790-17.086 12.715 16.161  0.000  0.000   0.00
 22836 756 0 0 1 1 7728.6689 7729.6714
 14.498  0.325 11.966-15.813 -2.258 24.270 15.101  0.000  0.000
   0.000  0.000  0.000  0.000  0.000  0.000  0.000  0.000   0.00
 22936 753 0 0 1 1 7729.6714 7730.6646
 14.585  0.283-15.961-36.076-22.567 14.976 10.559  0.000  0.000
   0.000  0.000  0.000  0.000  0.000  0.000  0.000  0.000   0.00
 22936 753 0 0 1 1 7729.6714 7730.6646
 14.355  0.578-16.583-41.132-27.851  4.726 16.703  0.000  0.000
   0.000  0.000  0.000  0.000  0.000  0.000  0.000  0.000   0.00
 22936 753 1 1 2 4 7729.6714 7730.6646
 15.102 -0.255 22.546-48.630-34.607 17.608 13.126 -8.622  0.339
 -47.311-51.245 22.731 22.180 11.704  5.904-33.003-37.310   1.72
 22936 753 0 0 1 1 7729.6714 7730.6646
 14.593 -0.418 12.292 -2.258 11.259 15.101 11.457  0.000  0.000
   0.000  0.000  0.000  0.000  0.000  0.000  0.000  0.000   0.00
 3 136 8 3 0 0 1 1 7730.6646 7731.6763
 14.093 -0.224-16.242-22.567 -9.301 10.559 14.866  0.000  0.000
   0.000  0.000  0.000  0.000  0.000  0.000  0.000  0.000   0.00
 3 136 8 3 0 0 1 1 7730.6646 7731.6763
 13.700  0.645-17.157-27.851-14.983 16.703 10.360  0.000  0.000
   0.000  0.000  0.000  0.000  0.000  0.000  0.000  0.000   0.00
 3 136 8 3 2 2 4 3 7730.6646 7731.6763
 13.910 -0.166 22.293-34.607-21.527 13.126 35.772 -6.900  0.753
 -33.003-37.310 22.472 21.990  8.236  4.890-19.384-24.529   7.13
 3 136 8 3 0 0 1 2 7730.6646 7731.6763
 14.175 -0.097 11.877 11.259 24.608 11.457  8.899  0.000  0.000
   0.000  0.000  0.000  0.000  0.000  0.000  0.000 24.592   0.00
 3 136 8 3 0 0 1 1 7730.6646 7731.6763
 15.259 -0.227 17.095 11.481 25.927  4.624 14.254  0.000  0.000
   0.000  0.000  0.000  0.000  0.000  0.000  0.000  0.000   0.00
 3 236 746 0 0 1 4 7731.6763 7732.6860
 16.456 -0.677-17.810-14.983  0.642 10.360 18.602  0.000  0.000
   0.000  0.000  0.000  0.000  0.000  0.000  0.000 -1.750   0.00
 3 236 746 0 0 1 1 7731.6763 7732.6860
 14.931 -0.763 18.389-51.691-37.607  6.891  2.656  0.000  0.000
   0.000  0.000  0.000  0.000  0.000  0.000  0.000  0.000   0.00
 3 236 746 2 1 3 9 7731.6763 7732.6860
 12.885 -0.349 22.125-21.527 -9.507 35.772  5.801  0.225 -0.632
 -19.384-24.529 22.117 22.136 20.872 14.899 -6.485-10.890  -8.62
 3 236 746 1 1 2 2 7731.6763 7732.6860
 13.922 -0.015 11.779 24.608 37.674  8.899  3.731 61.715 -1.240
  25.419 24.592 10.304 11.809  0.180  8.719 37.993 37.515 -59.10
 3 236 746 0 0 1 1 7731.6763 7732.6860
 15.495 -0.375 16.866 25.927 40.582 14.254  3.868  0.000  0.000
   0.000  0.000  0.000  0.000  0.000  0.000  0.000  0.000   0.00
 3 336 731 3 1 4 5 7732.6860 7733.6729
 15.036  0.257-17.126  0.642 14.511 18.602 16.668 18.690 -0.071
   4.287 -1.750-15.947-17.899  7.369 11.233 16.979 11.023   0.52
 3 336 731 1 1 2 1 7732.6860 7733.6729
 15.260 -0.721 18.848-43.574-29.484  1.298  3.624 39.069 -0.374
 -43.402-43.709 18.716 18.952  0.570  0.728  0.000  0.000   0.00
 3 336 731 0 0 1 2 7732.6860 7733.6729
 13.866 -0.017 17.619-37.607-24.893  2.656  4.022  0.000  0.000
   0.000  0.000  0.000  0.000  0.000  0.000  0.000-27.545   0.00
 3 336 731 3 6 9 6 7732.6860 7733.6729
 14.902 -0.297 21.772 -9.507  4.229  5.801  6.817 -8.394  0.071
  -6.485-10.890 22.186 21.583  1.821  3.981  6.443  1.928   5.69
 3 336 731 1 1 2 2 7732.6860 7733.6729
 13.720 -1.083 11.764 37.674 50.244  3.731 11.717  2.610  4.366
  37.993 37.515 11.750 11.771  1.242  2.489 50.625 46.741 -40.48
 3 336 731 0 0 1 1 7732.6860 7733.6729
 15.001 -0.679 16.487 40.582 54.416  3.868  0.219  0.000  0.000
   0.000  0.000  0.000  0.000  0.000  0.000  0.000  0.000   0.00
 3 436 751 4 1 5 1 7733.6729 7734.6606
 17.057 -1.374-17.380 14.511 30.385 16.668  4.757 19.209 -6.019
  16.979 11.023-16.559-18.540  9.761  6.908  0.000  0.000   0.00
 3 436 751 1 1 2 2 7733.6729 7734.6606
 13.806 -0.714 17.602-24.893-12.229  4.022  4.074 30.358 -3.131
 -24.248-27.545 17.242 19.083  3.235  0.786-12.222-12.756 -27.71
 3 436 751 0 0 1 1 7733.6729 7734.6606
 12.455  1.115 18.136-29.484-18.155  3.624  0.050  0.000  0.000
   0.000  0.000  0.000  0.000  0.000  0.000  0.000  0.000   0.00
 3 536 8 8 0 0 1 1 7734.6606 7735.6606
 13.789 -0.585-16.023 30.385 43.192  4.757  0.818  0.000  0.000
   0.000  0.000  0.000  0.000  0.000  0.000  0.000  0.000   0.00
 3 536 8 8 0 0 1 1 7734.6606 7735.6606
 13.807 -0.247-18.321 23.265 36.090 19.808  9.005  0.000  0.000
   0.000  0.000  0.000  0.000  0.000  0.000  0.000  0.000   0.00
 3 536 8 8 1 1 2 4 7734.6606 7735.6606
 13.351 -0.440 16.897-12.229  0.140  4.074 10.669  2.645 -0.358
 -12.222-12.756 16.897 16.920  4.024  0.050  0.171  0.093  58.36
 3 536 8 8 6 2 8 5 7734.6606 7735.6606
 13.535 -0.354 32.757 -7.917  4.635  8.672 60.956 -0.423  2.130
  -6.011 -8.330 32.768 32.754  1.543  7.129  8.316  3.497   4.67
 3 536 8 8 1 1 2 1 7734.6606 7735.6606
 13.629 -0.131 21.514 13.795 26.442  7.334  3.795 16.828 -3.978
  17.771 13.678 20.396 21.547  0.210  7.123  0.000  0.000   0.00
 3 936 555 0 0 1 1 7738.7529 7739.6626
 13.988 -0.019-23.002-33.978-22.146  9.660 16.398  0.000  0.000
   0.000  0.000  0.000  0.000  0.000  0.000  0.000  0.000   0.00
 3 936 555 2 2 4 7 7738.7529 7739.6626
 13.750  0.663 19.019-14.998 -3.383  8.175  4.620 -8.678  1.120
 -13.750-17.100 19.199 18.715  5.130  3.045 -1.774 -6.338   2.43
 3 936 555 5 1 6 4 7738.7529 7739.6626
 13.645  0.040 32.239 43.098 54.617 12.581 11.624 35.637  1.114
  43.314 42.832 32.107 32.400  6.933  5.648 55.307 54.066 -85.12
 31036 8 5 0 0 1 1 7739.6626 7740.6611
 13.585 -0.056-22.985-22.146 -9.561 16.398 10.543  0.000  0.000
   0.000  0.000  0.000  0.000  0.000  0.000  0.000  0.000   0.00
 31036 8 5 4 3 7 4 7739.6626 7740.6611
 16.707  0.073 19.622 -3.383 12.319  4.620  8.945 -6.244 -0.066
  -1.774 -6.338 19.788 19.317  2.992  1.629 12.826  8.417  -6.68
 31136 8 7 0 0 1 2 7740.6611 7741.6738
 13.687  0.485-22.929 -9.561  3.302 10.543 17.461  0.000  0.000
   0.000  0.000  0.000  0.000  0.000  0.000  0.000  0.817   0.00
 31136 8 7 0 0 1 1 7740.6611 7741.6738
 13.360  0.599-19.808-59.681-47.149  5.942  1.661  0.000  0.000
   0.000  0.000  0.000  0.000  0.000  0.000  0.000  0.000   0.00
 31136 8 7 2 2 4 2 7740.6611 7741.6738
 13.763 -0.406 19.695 12.319 25.259  8.945  4.742-12.924 -3.566
  12.826  8.417 19.804 18.852  7.917  1.027 25.680 25.254 -41.58
 31236 749 1 1 2 1 7741.6738 7742.6699
 13.333  0.104-23.420  3.302 15.609 17.461 27.156 -2.505 -2.370
   3.397  0.817-23.424-23.321 16.818  0.643  0.000  0.000   0.00
 31236 749 1 6 7 8 7741.6738 7742.6699
 11.677  0.528-28.518-48.992-38.335 12.911 65.435 -5.934  4.623
 -47.747-49.805-28.632-28.444  5.100  7.811-36.155-43.079  25.90
 31236 749 0 0 1 3 7741.6738 7742.6699
 14.068 -0.981-20.415-47.149-34.109  1.661  5.819  0.000  0.000
   0.000  0.000  0.000  0.000  0.000  0.000  0.000-35.214   0.00
 31236 749 1 1 2 1 7741.6738 7742.6699
 14.417 -0.404-20.684-53.559-40.171  0.100  0.208-46.303 -0.699
 -53.301-53.817-20.936-20.431  0.050  0.050  0.000  0.000   0.00
 31236 749 1 1 2 2 7741.6738 7742.6699
 12.797 -0.340 19.284 25.259 37.032  4.742  3.522-54.505 -0.454
  25.680 25.254 19.841 19.278  0.050  4.692 37.064 36.984 -16.81
 31336 754 0 0 1 1 7742.6699 7743.6606
 13.994 -0.263-23.524 15.609 28.494 27.156 14.254  0.000  0.000
   0.000  0.000  0.000  0.000  0.000  0.000  0.000  0.000   0.00
 31336 754 3 5 8 2 7742.6699 7743.6606
 16.788 -0.491-29.044-38.335-22.684 65.435 21.048 19.963 -5.557
 -36.155-43.079-28.351-30.550 44.828 20.607-21.861-22.860 -26.24
 31336 754 2 1 3 4 7742.6699 7743.6606
 14.100  0.741-19.437-34.109-21.120  5.819 13.862-46.275  0.475
 -33.817-35.214-19.725-18.348  4.602  1.217-20.253-22.780  51.11
 31336 754 1 1 2 5 7742.6699 7743.6606
 12.132  0.272 15.690-55.857-44.817 13.282 12.895 16.667 -0.008
 -54.678-57.945 15.351 16.292  8.490  4.792-42.037-45.407  -8.32
 31336 754 1 1 2 2 7742.6699 7743.6606
 13.476 -0.010 18.945 37.032 49.404  3.522  1.613-71.319  0.203
  37.064 36.984 19.035 18.810  2.106  1.416 49.604 49.397 134.93
 31436 8 8 0 0 1 6 7743.6606 7744.6729
 13.577  0.582-23.264 28.494 41.245 14.254 16.693  0.000  0.000
   0.000  0.000  0.000  0.000  0.000  0.000  0.000 41.174   0.00
 31436 8 8 1 1 2 2 7743.6606 7744.6729
 13.751  0.099-28.558-22.684 -9.756 21.048 25.057 -6.276  0.085
 -21.861-22.860-28.638-28.541  3.723 17.324 -8.686 -9.788   4.14
 31436 8 8 4 3 7 5 7743.6606 7744.6729
 13.439  0.662-30.200-30.845-18.234 12.946 15.035 79.754  0.396
 -30.591-30.988-28.983-30.883  4.653  8.293-18.025-18.252   5.45
 31436 8 8 1 3 4 2 7743.6606 7744.6729
 14.650  0.176-20.170-21.120 -7.282 13.862  5.016  4.839 -1.391
 -20.253-22.780-20.102-20.302  9.110  4.752 -7.016 -8.068  -9.16
 31436 8 8 4 1 5 7 7743.6606 7744.6729
 14.520 -0.047 15.960-44.817-31.111 12.895 21.020  8.345 -1.922
 -42.037-45.407 15.568 16.043  2.260 10.635-30.560-31.572  35.68
 31536 751 4 2 6 4 7744.6729 7745.6182
 15.342 -0.029-23.853 41.245 54.816 16.693 17.489-33.951  0.257
  42.874 41.174-24.856-23.809  0.693 16.000 56.961 54.655  41.90
 31536 751 1 1 2 2 7744.6729 7745.6182
 14.749  0.491-28.658 -9.756  3.255 25.057 22.740 -2.132 -0.116
  -8.686 -9.788-28.693-28.657  0.737 24.320  4.080  3.137 -12.71
 31536 751 2 3 5 3 7744.6729 7745.6182
 13.903  0.538-30.871-18.234 -6.023 15.035 19.387 85.201  0.022
 -18.025-18.252-28.738-31.057  1.205 13.830 -5.496 -6.110  -8.08
 31536 751 1 1 2 2 7744.6729 7745.6182
 14.060  0.521-20.348 -7.282  5.076  5.016  2.981 -4.323 -0.272
  -7.016 -8.068-20.367-20.292  3.745  1.271  5.830  5.064   8.37
 31536 751 3 4 711 7744.6729 7745.6182
 15.615 -0.428 15.912-31.111-17.282 21.020 14.814 44.026  3.100
 -30.560-31.572 15.400 16.340  9.578 11.443-14.422-18.869 -28.26
 31636 9 9 1 1 2 3 7745.6182 7746.6694
 12.832 -0.399-29.122  3.255 15.712 22.740 12.118-14.842  0.218
   4.080  3.137-29.313-29.094  2.849 19.891 16.609 15.415   3.14
 31636 9 9 2 1 3 1 7745.6182 7746.6694
 12.700 -0.163-31.379 -6.023  6.295 19.387  5.963 77.121 -2.349
  -5.496 -6.110-29.413-31.703  2.741 16.646  0.000  0.000   0.00
 31936 522 3 0 313 7748.7759 7749.7188
 12.730 -1.469-28.702 15.712 26.790 12.118 23.703-36.044-36.654
  38.301  0.000-24.448  0.000 17.951  1.000 29.335 23.868  43.11
 32036 645 1 1 2 1 7749.7188 7750.6479
 13.166  0.647-31.035 44.031 55.350 20.087  7.708 51.000 -0.025
  44.036 44.018-31.030-31.049 14.765  5.322  0.000  0.000   0.00
 32036 645 6 713 8 7749.7188 7750.6479
 15.856  0.458-27.316 26.790 40.608 23.703 46.542  7.071  1.678
  29.335 23.868-27.036-27.638 12.668 11.036 41.957 34.535  -5.02
 32036 645 2 4 6 8 7749.7188 7750.6479
 12.133  0.352 -7.589 -1.561  8.799  4.705 13.375-13.066 -0.181
  -0.060 -3.458 -7.934 -7.153  2.627  2.078 10.867  7.591  21.07
 32036 645 1 2 3 7 7749.7188 7750.6479
 12.908 -0.245 12.585 39.707 50.786  7.742 29.397  4.543  0.830
  40.973 36.786 12.486 12.811  5.400  2.342 53.395 48.364  -0.18
 32136 826 1 7 8 1 7750.6479 7751.7495
 15.742 -0.533-27.742 40.608 56.862 46.542 48.121  2.053 -6.574
  41.957 34.535-27.699-27.934 38.081  8.460  0.000  0.000   0.00
 32136 826 1 1 2 1 7750.6479 7751.7495
 12.631 -0.344-29.108 33.004 45.831  2.040  5.274  0.125 -3.818
  36.720 32.350-29.101-29.109  0.305  1.735  0.000  0.000   0.00
 32136 826 5 3 8 6 7750.6479 7751.7495
 15.695 -0.022 -7.916  8.799 25.002 13.375 32.415  8.006  2.988
  10.867  7.591 -7.628 -8.085  4.931  8.444 28.073 21.772 -13.03
 32136 826 1 1 2 1 7750.6479 7751.7495
 14.000  0.168-17.432-55.997-41.661 21.905 23.830 55.738 -0.473
 -55.951-56.230-17.367-17.758 18.262  3.643  0.000  0.000   0.00
 32136 826 1 1 2 2 7750.6479 7751.7495
 14.505 -0.205-14.051-54.632-39.741  4.240  9.931-18.375 -0.324
 -54.211-54.852-14.186-13.980  1.453  2.787-39.708-40.024  40.81
 32236 6 0 0 0 1 1 7751.7495 7752.6548
 12.639  0.685-28.728 45.831 56.385  5.274  0.293  0.000  0.000
   0.000  0.000  0.000  0.000  0.000  0.000  0.000  0.000   0.00
 32236 6 0 2 4 6 7 7751.7495 7752.6548
 15.425  0.453 -7.892 25.002 38.078 32.415 10.381 -5.025 -0.092
  28.073 21.772 -8.160 -7.611 16.616 15.799 40.326 34.100   1.39
 32236 6 0 0 0 1 2 7751.7495 7752.6548
 13.810  0.620-17.616-41.661-30.047 23.830 20.122  0.000  0.000
   0.000  0.000  0.000  0.000  0.000  0.000  0.000-30.154   0.00
 32236 6 0 1 1 2 5 7751.7495 7752.6548
 12.693  0.221-13.825-39.741-29.138  9.931  9.380 22.436  6.889
 -39.708-40.024-13.812-13.938  8.902  1.029-28.416-35.425  -2.79
 32636 748 1 1 2 1 7755.6743 7756.6187
 13.834  0.600-14.453 11.953 24.089  4.294  4.836-19.182 -0.446
  11.958 11.523-14.455-14.308  4.244  0.050  0.000  0.000   0.00
 32636 748 1 1 2 3 7755.6743 7756.6187
 13.800 -0.058-18.344  9.197 21.300 20.452 32.455-87.779  0.487
   9.206  9.180-18.555-17.918 13.671  6.781 21.415 20.584 133.21
 32636 748 1 1 2 1 7755.6743 7756.6187
 14.867  0.761-14.527  2.599 15.710  1.829  4.668 -9.008 -0.454
   3.049  2.586-14.596-14.525  0.050  1.779  0.000  0.000   0.00
 32636 748 7 71414 7755.6743 7756.6187
 12.840  1.160-23.026-49.366-38.169 50.741 40.916 18.514  2.735
 -47.561-52.863-22.470-24.104 33.469 17.272-33.250-41.412   0.54
 32736 9 8 0 0 1 6 7756.6187 7757.6904
 11.750  2.294-15.019 24.089 35.623  4.836 37.769  0.000  0.000
   0.000  0.000  0.000  0.000  0.000  0.000  0.000 35.064   0.00
 32736 9 8 1 2 3 6 7756.6187 7757.6904
 14.352 -0.758-18.289 21.300 35.623 32.455 37.769 45.432  1.193
  21.415 20.584-18.179-18.980 27.968  4.487 36.478 35.064   9.02
 32736 9 8 0 0 1 1 7756.6187 7757.6904
 14.807 -0.411-15.246 15.710 30.521  4.668  0.050  0.000  0.000
   0.000  0.000  0.000  0.000  0.000  0.000  0.000  0.000   0.00
 32736 9 8 1 2 3 7 7756.6187 7757.6904
 13.543 -0.100-13.625  7.722 21.179  3.022 18.932 -5.351  3.198
   7.829  6.733-13.635-13.535  2.727  0.295 22.785 18.442  13.77
 32736 9 8 2 2 4 6 7756.6187 7757.6904
 13.447 -0.246-14.231-57.578-44.225  8.009 12.818 -6.336  5.405
 -57.025-58.339-14.291-14.149  4.638  3.371-41.667-48.476  -2.46
 4 136 630 2 1 3 4 7761.7285 7762.6099
 13.138  1.228-22.041-17.579 -6.869 14.445 22.924 13.032-15.067
  -1.196-18.018-19.011-22.620  2.610  3.352 -6.404 -7.400 -25.47
 4 536 654 0 7 7 3 7765.7119 7766.6826
 11.787 -2.383-25.150 33.848 44.334  9.184 19.857 41.826-24.448
   0.000-21.466  0.000 17.389  1.000 19.402 44.728 43.032 -58.13
 4 636 737 1 2 3 3 7766.6826 7767.7070
 13.080 -0.800-22.836 44.334 56.723 19.857 13.153-16.300 -0.063
  44.728 43.032-22.942-22.485 15.250  4.606 57.076 55.387  16.21
 4 636 737 9 91822 7766.6826 7767.7070
 12.625  0.259 20.126-14.935 -3.013 46.846 64.521 16.192  0.262
 -10.755-18.141 18.987 21.000 20.332 26.515  1.888 -5.880  -2.87
 4 736 7 1 2 1 3 2 7767.7070 7768.7090
 15.040  0.669 11.879-55.629-41.545 13.050 32.880-20.388  0.235
 -54.732-56.626 12.205 11.516  6.872  6.177-40.900-43.112   7.81
 4 736 7 112102216 7767.7070 7768.7090
 11.515  1.691 20.391 -3.013  7.538 64.521 62.500 13.322 -2.488
   1.888 -5.880 19.303 21.028 23.811 40.710 10.607  5.611   8.74
 4 836 659 0 0 1 5 7768.7090 7769.6206
 12.776 -0.964-30.816-53.023-42.273 15.258 20.563  0.000  0.000
   0.000  0.000  0.000  0.000  0.000  0.000  0.000-42.282   0.00
 4 836 659 1 1 2 5 7768.7090 7769.6206
 15.120  0.036 12.550-41.545-28.657 32.880 12.697-12.580 -1.172
 -40.900-43.112 12.690 12.208 23.298  9.582-28.418-29.481   8.39
 4 836 659 0 0 1 3 7768.7090 7769.6206
 14.355  0.582 13.341-49.148-36.958 17.576  3.569  0.000  0.000
   0.000  0.000  0.000  0.000  0.000  0.000  0.000-37.461   0.00
 4 836 65910 61632 7768.7090 7769.6206
 15.191 -1.003 22.086  7.538 20.490 62.500 58.166 22.060  0.986
  10.607  5.611 20.933 22.809 24.109 38.392 24.092 17.910  -6.60
 4 936 9 5 2 3 5 1 7769.6206 7770.6221
 13.344  0.044-29.937-42.273-29.897 20.563 17.713-36.442 -2.496
 -39.965-42.282-31.413-29.931  0.087 20.476  0.000  0.000   0.00
 4 936 9 5 2 3 5 6 7769.6206 7770.6221
 14.475 -0.811 12.583-28.657-15.148 12.697 11.725 -4.193  0.056
 -28.418-29.481 12.600 12.524  9.850  2.847-14.721-15.575 -36.15
 4 936 9 5 2 1 3 2 7769.6206 7770.6221
 14.066  0.150 13.872-36.958-23.859  3.569 20.280  5.550 -0.154
 -36.316-37.461 13.811 13.919  1.570  1.999-22.948-23.921 -16.78
 4 936 9 5 2 4 6 2 7769.6206 7770.6221
 14.202 -0.358 18.672-51.439-38.205 14.890  6.160 17.050 -1.527
 -47.443-53.684 17.511 19.324  5.355  9.535-36.214-40.715   6.40
 4 936 9 513193222 7769.6206 7770.6221
 13.375  0.017 21.172 20.490 32.897 58.166 85.809 15.460 -0.136
  24.092 17.910 20.243 21.837 24.277 33.889 35.123 29.032  -1.79
 41036 9 3 0 0 1 2 7770.6221 7771.6216
 13.659 -0.106-29.981-29.897-17.232 17.713  8.995  0.000  0.000
   0.000  0.000  0.000  0.000  0.000  0.000  0.000-17.902   0.00
 41036 9 3 1 1 2 1 7770.6221 7771.6216
 12.128 -1.325 18.313-38.205-27.071  6.160  1.219 23.452 -4.658
 -36.214-40.715 17.494 19.348  3.436  2.724  0.000  0.000   0.00
 41036 9 3 3 3 6 3 7770.6221 7771.6216
 15.067  0.133 11.770-15.148 -1.077 11.725 17.155-40.340 -0.411
 -14.721-15.575 12.126 11.416  5.856  5.870 -1.071 -1.769  35.04
 41136 9 4 1 1 2 3 7771.6216 7772.6055
 13.270  0.302-29.875-17.232 -5.144  8.995  7.517 23.477 -0.318
 -17.229-17.902-29.873-30.127  8.945  0.050 -5.007 -5.336 -50.19
 41136 9 4 0 0 1 1 7771.6216 7772.6055
 13.994 -0.545-27.716-48.760-35.960  9.805 11.838  0.000  0.000
   0.000  0.000  0.000  0.000  0.000  0.000  0.000  0.000   0.00
 41136 9 4 1 1 2 8 7771.6216 7772.6055
 12.509 -0.223 17.153-58.573-47.234 10.451  9.631 49.129  4.154
 -58.502-58.809 17.075 17.414  8.045  2.406-45.432-50.172 -58.94
 41136 9 4 0 0 1 3 7771.6216 7772.6055
 14.476  0.066 16.990-27.071-13.796  1.219  2.367  0.000  0.000
   0.000  0.000  0.000  0.000  0.000  0.000  0.000-13.910   0.00
 41136 9 4 2 1 3 7 7771.6216 7772.6055
 14.021  0.302 11.903 -1.077 11.750 17.155 41.794 -5.301  1.203
  -1.071 -1.769 11.904 11.841 17.011  0.145 11.841 10.749 -50.27
 41136 9 4 4 1 5 6 7771.6216 7772.6055
 14.205 -0.529 21.790 40.993 54.000 10.478 14.591 39.574  1.072
  42.094 40.616 20.945 22.079  2.669  7.810 55.665 53.268  -1.16
 41236 927 1 2 3 1 7772.6055 7773.6025
 13.254 -0.002-30.172 -5.144  7.090  7.517 15.996-26.716 -0.318
  -5.007 -5.336-30.231-30.088  4.385  3.132  0.000  0.000   0.00
 41236 927 0 0 1 7 7772.6055 7773.6025
 13.041 -0.538-27.180-35.960-23.939 11.838  9.844  0.000  0.000
   0.000  0.000  0.000  0.000  0.000  0.000  0.000-29.053   0.00
 41236 927 1 1 2 2 7772.6055 7773.6025
 13.959  0.045-17.127-52.674-39.737  0.606  1.390-64.369  0.079
 -52.582-52.694-17.312-17.088  0.106  0.500-39.627-39.929  36.12
 41236 927 3 3 611 7772.6055 7773.6025
 13.447  1.157 11.088-56.980-44.554 13.578 14.422-18.565  2.587
 -54.381-57.786 11.944 10.822  3.213 10.365-41.415-47.648  23.09
 41236 927 5 3 8 7 7772.6055 7773.6025
 15.202  0.061 16.934-47.234-33.057  9.631  8.367 -9.812 -0.247
 -45.432-50.172 17.232 16.448  5.970  3.661-31.875-36.368   0.47
 41236 927 1 1 2 1 7772.6055 7773.6025
 14.317 -0.506 16.927 -6.716  6.578  0.317  0.335 83.959 -1.337
  -6.693 -6.840 16.717 18.047  0.267  0.050  0.000  0.000   0.00
 41236 927 4 3 7 5 7772.6055 7773.6025
 14.724 -0.032 12.201 11.750 25.450 41.794 14.668-55.571  0.051
  11.841 10.749 12.331 10.773 38.294  3.500 25.964 23.981  57.64
 41336 931 0 0 1 1 7773.6025 7774.5967
 13.243  0.349-30.169  7.090 19.271 15.996 10.024  0.000  0.000
   0.000  0.000  0.000  0.000  0.000  0.000  0.000  0.000   0.00
 41336 931 3 4 7 4 7773.6025 7774.5967
 14.238  0.873-26.644-23.939-10.769  9.844  8.811-25.805 -5.579
 -22.992-29.053-27.053-24.434  8.307  1.538-10.500-10.933  54.76
 41336 931 7 41111 7773.6025 7774.5967
 14.614 -0.117 12.242-44.554-31.011 14.422 20.087  4.529  2.073
 -41.415-47.648 11.999 12.481  7.160  7.262-27.985-36.320   0.70
 41336 931 4 3 7 1 7773.6025 7774.5967
 15.665  0.162 16.995-33.057-18.470  8.367  5.338 -9.345 -4.355
 -31.875-36.368 17.181 16.473  6.166  2.202  0.000  0.000   0.00
 41336 931 2 3 510 7773.6025 7774.5967
 14.372 -0.272 12.169 25.450 38.753 14.668 12.784  2.064 -0.968
  25.964 23.981 12.151 12.221 10.866  3.802 39.194 38.298  23.53
 41436 941 0 0 1 1 7774.5967 7775.5952
 13.367  0.333-30.516 19.271 31.634 10.024 11.294  0.000  0.000
   0.000  0.000  0.000  0.000  0.000  0.000  0.000  0.000   0.00
 41436 941 1 3 4 2 7774.5967 7775.5952
 13.427  0.670-27.512-10.769  1.655  8.811  9.883 28.952  0.334
 -10.500-10.933-27.380-27.592  3.340  5.472  1.781  0.940 -12.50
 41436 941 1 1 2 4 7774.5967 7775.5952
 14.297  0.180-18.162-29.572-16.280  6.918  6.585 20.283 -0.299
 -27.352-29.850-17.382-18.259  0.770  6.148-14.335-16.514   1.82
 41436 941 0 0 1 1 7774.5967 7775.5952
 14.019 -0.247 17.156-18.470 -5.455  5.338  4.690  0.000  0.000
   0.000  0.000  0.000  0.000  0.000  0.000  0.000  0.000   0.00
 41436 941 5 510 9 7774.5967 7775.5952
 13.456 -0.318 11.899 38.753 51.205 12.784 14.803 25.598  0.515
  39.194 38.298 11.692 12.112  6.492  6.292 51.428 49.995 -44.90
 41536 942 0 0 1 1 7775.5952 7776.6001
 13.265 -0.194-30.849 31.634 43.972 11.294  8.405  0.000  0.000
   0.000  0.000  0.000  0.000  0.000  0.000  0.000  0.000   0.00
 41536 942 1 1 2 4 7775.5952 7776.6001
 13.569 -0.123-28.181  1.655 14.299  9.883 13.552 16.456 -0.006
   1.781  0.940-28.148-28.367  8.403  1.480 14.436 13.593 -30.35
 41536 942 5 4 9 9 7775.5952 7776.6001
 14.376 -0.038 11.307-14.076 -0.622 13.709 10.049  4.253 -0.049
 -12.845-15.158 11.217 11.386  6.413  7.296 -0.022 -2.290  -6.36
 41536 942 0 0 1 1 7775.5952 7776.6001
 14.040  0.048 16.909 -5.455  7.662  4.690  1.331  0.000  0.000
   0.000  0.000  0.000  0.000  0.000  0.000  0.000  0.000   0.00
 41636 935 0 0 1 3 7776.6001 7777.5923
 13.319  0.429-30.654 43.972 56.211  8.405 18.394  0.000  0.000
   0.000  0.000  0.000  0.000  0.000  0.000  0.000 54.037   0.00
 41636 935 2 2 4 3 7776.6001 7777.5923
 13.400  0.393-28.057 14.299 26.618 13.552 12.517-13.898 -0.136
  14.436 13.593-28.087-27.903 11.345  2.208 27.049 26.346  25.09
 41636 935 0 0 1 4 7776.6001 7777.5923
 13.725 -0.211-19.131  5.483 18.124  0.050  2.949  0.000  0.000
   0.000  0.000  0.000  0.000  0.000  0.000  0.000 16.472   0.00
 41636 935 1 2 3 1 7776.6001 7777.5923
 15.143  0.246-25.621  2.579 16.628  0.824  0.390 22.937 -1.564
   3.349  1.751-25.328-25.938  0.428  0.397  0.000  0.000   0.00
 41636 935 3 6 9 2 7776.6001 7777.5923
 14.730 -0.268 11.269 -0.622 13.017 10.049  4.654 -2.109  0.413
  -0.022 -2.290 11.291 11.209  7.392  2.657 14.903 12.288  15.48
 41636 935 0 0 1 1 7776.6001 7777.5923
 14.428 -0.184 16.957  7.662 21.001  1.331  2.093  0.000  0.000
   0.000  0.000  0.000  0.000  0.000  0.000  0.000  0.000   0.00
 41736 946 2 1 3 3 7777.5923 7778.5942
 11.487  2.778-28.447 26.618 37.141 12.517 11.714 11.189 -0.019
  27.049 26.346-28.372-28.494  4.845  7.672 37.535 36.820 -11.57
 41736 946 3 1 4 3 7777.5923 7778.5942
 15.602  2.710-18.921 18.124 32.771  2.949  6.565 -9.929 -3.129
  20.342 16.472-19.289-18.648  1.259  1.690 33.017 32.746 -54.74
 41736 946 0 0 1 1 7777.5923 7778.5942
 13.421  2.451-25.866 16.628 29.089  0.390  2.134  0.000  0.000
   0.000  0.000  0.000  0.000  0.000  0.000  0.000  0.000   0.00
 41736 946 0 0 1 1 7777.5923 7778.5942
 15.351 -2.614 16.774 21.001 35.396  2.093  4.889  0.000  0.000
   0.000  0.000  0.000  0.000  0.000  0.000  0.000  0.000   0.00
 41836 943 1 2 3 2 7778.5942 7779.5908
 15.735 -2.144-31.231 37.141 51.839 11.714 24.507 -0.386  1.483
  37.535 36.820-31.233-31.229  5.267  6.447 53.565 51.795 -42.02
 41836 943 1 2 3 1 7778.5942 7779.5908
 15.860 -1.436-21.637 32.771 47.593  6.565  1.116-64.674 -0.588
  33.017 32.746-22.121-21.589  0.592  5.973  0.000  0.000   0.00
 41836 943 2 1 3 5 7778.5942 7779.5908
 15.646  2.987-14.889-40.855-26.246  7.434  8.451-13.530  0.206
 -40.423-40.996-14.990-14.856  1.835  5.599-26.054-26.807  -8.98
 41836 943 0 0 1 1 7778.5942 7779.5908
 14.030  1.500  7.773 30.003 43.001  7.129  2.037  0.000  0.000
   0.000  0.000  0.000  0.000  0.000  0.000  0.000  0.000   0.00
 41936 948 0 0 1 1 7779.5908 7780.5942
 13.453 -0.474-26.847 45.133 57.644  2.095  0.456  0.000  0.000
   0.000  0.000  0.000  0.000  0.000  0.000  0.000  0.000   0.00
 41936 948 3 2 5 5 7779.5908 7780.5942
 14.199  0.243-17.865-26.246-12.987  8.451 20.105-22.510  0.026
 -26.054-26.807-17.941-17.644  6.300  2.151-12.821-13.295 -33.24
 41936 948 0 0 1 2 7779.5908 7780.5942
 14.007  0.298-18.769-35.830-22.764  3.543  4.056  0.000  0.000
   0.000  0.000  0.000  0.000  0.000  0.000  0.000-22.785   0.00
 41936 948 0 0 1 2 7779.5908 7780.5942
 13.337 -2.696-21.774-35.158-22.764  2.835  4.056  0.000  0.000
   0.000  0.000  0.000  0.000  0.000  0.000  0.000-22.785   0.00
 41936 948 7 81522 7779.5908 7780.5942
 13.224 -0.017-11.009-39.419-27.138 38.827 47.065-10.908  0.121
 -37.044-44.518-11.458-10.045 26.493 12.334-24.843-32.487   2.21
 42036 943 3 2 5 2 7780.5942 7781.7339
 13.946  0.213-18.109-12.987  1.781 20.105 18.290-55.749 -0.276
 -12.821-13.295-18.341-17.679 13.046  7.059  1.867  1.731 -19.99
 42036 943 1 1 2 2 7780.5942 7781.7339
 13.773  0.573-19.069-22.764 -8.193  4.056  4.625 84.094  0.462
 -22.756-22.785-18.993-19.258  2.896  1.160 -7.495 -8.266 -79.28
 42036 94315 722 9 7780.5942 7781.7339
 15.782  0.295-10.992-27.138-10.277 47.065 32.261 -8.697 -2.370
 -24.843-32.487-11.336-10.188 32.935 14.131 -8.237-13.489  18.24
 42136 623 1 1 2 2 7781.7339 7782.5991
 13.785  0.053-18.351  1.781 12.855 18.290 13.671-75.739  1.325
   1.867  1.731-18.673-18.164  6.731 11.559 12.887 10.942  72.00
 42136 623 1 1 2 1 7781.7339 7782.5991
 15.069  0.007-19.722 -8.193  3.993  4.625  6.080  4.818 -0.728
  -7.495 -8.266-19.667-19.728  0.438  4.186  0.000  0.000   0.00
 42136 623 3 6 915 7781.7339 7782.5991
 14.511  0.285-11.328-10.277  1.426 32.261 35.027  9.539 -2.735
  -8.237-13.489-10.992-11.857 19.730 12.530  2.495  0.280  19.75
 42236 937 1 1 2 1 7782.5991 7783.5854
 13.839 -0.140-18.397 12.855 25.530 13.671 25.812 -3.735 -1.850
  12.887 10.942-18.399-18.278 13.447  0.224  0.000  0.000   0.00
 42236 93710 51524 7782.5991 7783.5854
 15.580 -0.894-11.575  1.426 15.817 35.027 44.296 29.292  1.960
   2.495  0.280-10.988-12.205 18.124 16.904 17.773 13.325 -18.63
 42336 956 0 0 1 2 7783.5854 7784.5967
 13.487 -0.105-18.259 25.530 38.169 25.812 22.465  0.000  0.000
   0.000  0.000  0.000  0.000  0.000  0.000  0.000 38.099   0.00
 42336 95615 92417 7783.5854 7784.5967
 14.145  0.349-10.694 15.817 29.122 44.296 40.785 10.663 -1.387
  17.773 13.325-10.332-11.155 24.815 19.481 30.194 27.164 -24.45
 42436 941 1 1 2 2 7784.5967 7785.6025
 13.722  0.132-18.152 38.169 50.984 22.465 11.549 -9.396 -1.346
  40.084 38.099-18.453-18.141  0.791 21.673 51.290 50.983  68.37
 42436 941 5121716 7784.5967 7785.6025
 13.403  0.286-11.047 29.122 41.616 40.785 13.556-13.783  1.205
  30.194 27.164-11.305-10.575 26.361 14.424 43.981 40.081  40.06
 42436 941 1 1 2 2 7784.5967 7785.6025
 13.720 -0.300 37.420-51.901-39.088  6.326 13.526-47.105  0.287
 -51.754-52.239 37.546 37.130  4.409  1.917-38.638-39.098 -17.40
 42436 941 3 3 6 4 7784.5967 7785.6025
 11.458  0.079 36.651-20.119 -9.582 17.429  8.527  4.654 -0.158
 -19.354-23.719 36.601 36.886 14.373  3.057 -7.101-11.286  -2.74
 42536 931 2 1 3 2 7785.6025 7786.6978
 12.991 -0.411-26.509 31.991 45.138 18.758 33.608 -2.882 -3.797
  36.881 31.718-26.730-26.497  0.993 17.765 45.371 44.768  52.10
 42536 93112 416 4 7785.6025 7786.6978
 13.915  0.637-11.334 41.616 55.775 13.556 18.499 26.282  0.473
  43.981 40.081-10.189-12.078  5.337  8.219 58.234 53.486 -14.77
 42536 931 2 2 4 2 7785.6025 7786.6978
 11.755 -0.011 36.731 -9.582  2.211  8.527  7.988  1.917  0.545
  -7.101-11.286 36.664 36.776  3.473  5.054  7.040  2.181   1.16
 42636 715 1 1 2 2 7786.6978 7787.6943
 13.658  0.238-26.059 45.138 57.765 33.608 24.739 49.220  0.247
  45.371 44.768-25.816-26.444 20.610 12.999 58.784 57.650 -29.94
 42636 715 1 2 3 2 7786.6978 7787.6943
 12.165  1.532-15.051 20.927 32.067  7.465  2.191  2.195  2.816
  22.258 20.544-15.001-15.065  1.668  5.797 35.813 31.448  18.50
 42636 715 1 1 2 1 7786.6978 7787.6943
 16.608  0.064 12.061  5.143 20.710  2.988  6.479 16.667 -2.939
   5.471  2.592 11.965 12.808  2.648  0.340  0.000  0.000   0.00
 42736 719 0 0 1 1 7787.6943 7788.7817
 15.147  0.497 12.125 20.710 36.110  6.479  3.590  0.000  0.000
   0.000  0.000  0.000  0.000  0.000  0.000  0.000  0.000   0.00
 5 636 948 0 0 1 3 7796.5908 7797.5952
 15.533 -0.234 11.886-16.596 -1.988  4.409 10.635  0.000  0.000
   0.000  0.000  0.000  0.000  0.000  0.000  0.000 -4.414   0.00
 5 736 942 1 2 3 7 7797.5952 7798.5903
 11.753  1.502 11.651 -1.988  8.726 10.635 17.006-11.943  0.151
  -1.630 -4.414 11.726 11.149  9.265  1.369  9.837  7.970  63.71
 5 836 949 1 1 2 5 7798.5903 7799.5918
 13.937  0.258 14.405 -2.358 10.611  2.880  4.217 -9.301 -1.136
  -0.043 -2.399 14.772 14.399  0.050  2.830 11.033  9.876  -8.45
 5 836 949 5 2 712 7798.5903 7799.5918
 16.526 -0.288 13.146  8.726 24.288 17.006 12.341 51.764  1.954
   9.837  7.970 11.774 14.081  6.891 10.115 25.772 21.607 -17.88
 5 936 948 5 81310 7799.5918 7800.5923
 13.975  0.485-23.607-53.618-40.620 25.491 20.721 17.062 -0.943
 -51.903-57.223-23.124-24.621 17.271  8.220-39.136-43.688 -15.38
 5 936 948 3 2 5 2 7799.5918 7800.5923
 13.827 -0.157 14.664 10.611 23.462  4.217  1.154-17.748 -0.521
  11.033  9.876 14.794 14.436  2.680  1.538 23.958 23.394 -15.84
 5 936 948 6 612 3 7799.5918 7800.5923
 12.096  1.637 12.858 24.288 35.406 12.341  3.228 33.880  0.282
  25.772 21.607 11.886 14.613  7.942  4.398 38.959 34.479  -0.85
 51036 946 3 71013 7800.5923 7801.5933
 12.739  0.355-24.093-40.620-28.858 20.721 23.497  1.681  1.532
 -39.136-43.688-24.053-24.175 13.966  6.755-26.339-32.505   7.69
 51036 946 1 1 2 2 7800.5923 7801.5933
 14.748 -0.416 11.548 38.761 52.534  5.763  2.725-70.699  0.179
  38.780 38.658 11.599 11.259  4.888  0.876 52.540 52.183  21.33
 51136 945 5 813 9 7801.5933 7802.5981
 13.406 -0.809-24.448-28.858-16.377 23.497 30.113  9.371  0.073
 -26.339-32.505-24.069-24.995 13.897  9.600-13.789-20.041  -3.03
 51136 945 0 0 1 1 7801.5933 7802.5981
 14.149  0.135 22.044-24.026-10.799  0.050  0.687  0.000  0.000
   0.000  0.000  0.000  0.000  0.000  0.000  0.000  0.000   0.00
 51236 938 5 4 9 5 7802.5981 7803.6797
 15.949  0.143-23.634-16.377 -0.188 30.113 15.292  6.344 -4.829
 -13.789-20.041-23.371-24.007 17.646 12.467 -0.019 -0.751 -50.54
 51236 938 1 3 410 7802.5981 7803.6797
 11.795  1.968-24.774-59.999-48.304  3.820 48.065 12.210  3.132
 -57.464-61.843-24.276-25.136  1.608  2.212-43.421-51.491 -14.09
 51336 740 3 2 5 6 7803.6797 7804.5801
 12.894  0.278-23.788 -0.188 10.530 15.292 26.553-44.200  5.031
  -0.019 -0.751-23.939-23.288 11.762  3.530 11.538  6.060  77.18
 51336 740 4 61016 7803.6797 7804.5801
 15.519  0.391-26.903-48.304-35.223 48.065 83.192 -1.884 -0.177
 -43.421-51.491-27.046-26.810 18.981 29.084-31.152-39.037  -1.67
 51336 740 1 1 2 1 7803.6797 7804.5801
 15.174  0.679 20.380  6.677 19.447  5.784  2.439 20.606 -3.920
   6.753  2.839 20.353 21.733  5.671  0.113  0.000  0.000   0.00
 5143610 4 0 0 1 1 7804.5801 7805.5874
 12.820  0.119-24.859 21.006 32.932  6.520  2.045  0.000  0.000
   0.000  0.000  0.000  0.000  0.000  0.000  0.000  0.000   0.00
 5143610 4 5 1 6 7 7804.5801 7805.5874
 13.819 -0.920-24.039 10.530 23.462 26.553 16.908 32.979 -4.810
  11.538  6.060-23.441-26.688 21.666  4.887 24.072 22.858 -47.69
 5143610 4 5111613 7804.5801 7805.5874
 11.164 -0.715-27.255-35.223-24.967 83.192 81.277 -3.551 -0.297
 -31.152-39.037-27.479-27.044 40.240 42.953-21.557-28.971  13.08
 51536 953 0 0 1 1 7805.5874 7806.5869
 14.061 -0.085-24.979 32.932 45.999  2.045  0.356  0.000  0.000
   0.000  0.000  0.000  0.000  0.000  0.000  0.000  0.000   0.00
 51536 953 3 4 7 5 7805.5874 7806.5869
 13.575  0.033-23.112 23.462 36.044 16.908  8.581-14.714 -0.006
  24.072 22.858-23.259-22.966  8.416  8.491 36.880 35.672  29.52
 51536 953 6 71312 7805.5874 7806.5869
 16.098  0.561-26.534-24.967 -9.864 81.277 48.241  9.528  0.316
 -21.557-28.971-26.022-27.136 43.899 37.378 -5.998-13.907 -10.30
 51636 954 4 1 5 5 7806.5869 7807.5942
 13.598  0.294-23.145 36.044 48.753  8.581  4.306 14.806 -0.104
  36.880 35.672-22.942-23.236  2.642  5.938 48.829 48.462 -85.97
 51636 954 5 71215 7806.5869 7807.5942
 13.771 -0.207-27.094 -9.864  3.020 48.241 64.667 -0.775  0.949
  -5.998-13.907-27.141-27.046 24.659 23.582  6.140 -2.818   1.61
 51636 954 0 0 1 1 7806.5869 7807.5942
 14.710  0.590 16.979-58.311-44.481  0.360  0.982  0.000  0.000
   0.000  0.000  0.000  0.000  0.000  0.000  0.000  0.000   0.00
 51636 954 1 1 2 3 7806.5869 7807.5942
 12.318  0.441 20.496 45.188 56.607  3.394  3.206 13.783  1.146
  45.235 42.044 20.485 21.218  3.344  0.050 58.968 54.584   0.40
 51736 943 6 915 5 7807.5942 7808.5859
 11.673  2.570-26.886  3.020 13.619 64.667 21.690  0.834 -5.686
   6.140 -2.818-26.846-26.962 42.141 22.525 14.150 12.454 -50.98
 51836 956 1 4 5 7 7808.5859 7809.5918
 16.587 -2.948-29.435 13.619 29.308 21.690 14.141-50.150  1.978
  14.150 12.454-29.989-28.220 14.892  6.798 30.911 26.146  44.91
 51936 948 3 4 7 3 7809.5918 7810.5762
 15.507  0.267-26.470 29.308 43.608 14.141 29.720 -5.244 -1.109
  30.911 26.146-26.602-26.211  9.383  4.758 43.637 40.391 -18.75
 51936 948 2 1 3 3 7809.5918 7810.5762
 13.433 -0.558-28.173 20.576 32.834 10.145  8.375-30.451 -0.024
  20.654 19.974-28.213-27.861  8.978  1.167 33.516 32.762  25.17
 5203610 9 1 2 3 1 7810.5762 7811.5728
 13.660  0.512-26.734 43.608 56.240 29.720 10.816-23.999 -3.174
  43.637 40.391-26.745-25.454 29.454  0.266  0.000  0.000   0.00
 5203610 9 0 0 1 1 7810.5762 7811.5728
 14.652  0.820-23.216 40.731 54.351  0.842  0.470  0.000  0.000
   0.000  0.000  0.000  0.000  0.000  0.000  0.000  0.000   0.00
 5203610 9 2 1 3 1 7810.5762 7811.5728
 12.872  0.344-27.623 32.834 44.680  8.375  1.644 -5.279 -0.671
  33.516 32.762-27.679-27.618  0.800  7.575  0.000  0.000   0.00
 5203610 9 0 0 1 1 7810.5762 7811.5728
 11.937  1.438 10.797-33.934-23.020  0.166  0.050  0.000  0.000
   0.000  0.000  0.000  0.000  0.000  0.000  0.000  0.000   0.00
 521361015 1 2 3 6 7811.5728 7812.5728
 11.546  0.718-15.509-13.055 -2.494  8.419  4.011 14.166  1.518
 -12.387-14.583-15.346-15.880  5.856  2.563  0.571 -3.138   1.57
 522361015 2 2 4 3 7812.5728 7813.5820
 14.720 -0.478 -7.348 45.161 59.020 17.940 16.646-19.591  1.351
  47.730 44.129 -8.255 -6.984  5.142 12.798 62.239 57.107  11.81
 522361015 2 4 6 2 7812.5728 7813.5820
 16.400 -0.957-16.227 -2.494 13.061  4.011 12.801 15.736  0.440
   0.571 -3.138-15.398-16.402  0.697  3.314 15.803 11.582 -26.12
 5233610 1 1 1 211 7813.5820 7814.5933
 12.826  0.676-15.261 13.061 25.035 12.801 19.716-10.384  0.107
  15.803 11.582-15.746-15.000  4.486  8.315 26.828 23.001  40.32
 5233610 1 0 0 111 7813.5820 7814.5933
 17.192 -2.177-18.146  8.647 25.035  2.361 19.716  0.000  0.000
   0.000  0.000  0.000  0.000  0.000  0.000  0.000 23.001   0.00
 5233610 1 0 0 1 2 7813.5820 7814.5933
 16.249 -0.957 36.837-24.914 -9.479  0.559  6.650  0.000  0.000
   0.000  0.000  0.000  0.000  0.000  0.000  0.000-12.871   0.00
 52436 945 7 411 8 7814.5933 7815.5728
 15.110  0.448-15.945 25.035 38.876 19.716 12.108 29.941  0.097
  26.828 23.001-14.951-17.071 10.478  9.239 40.903 36.408 -22.96
 52436 945 6 1 7 7 7814.5933 7815.5728
 13.882  0.407-22.410-53.444-40.806 10.897  8.375-10.000  0.606
 -52.023-53.580-22.642-22.388  0.948  9.948-39.363-41.599  14.72
 52436 945 1 1 2 5 7814.5933 7815.5728
 11.877 -0.185 35.870 -9.479  1.194  6.650 15.666 37.636 -0.246
  -8.956-12.871 35.542 37.989  5.760  0.890  2.621 -1.422  -8.50
 52436 945 5 1 610 7814.5933 7815.5728
 13.909 -0.675 10.640 22.206 34.871 34.543 48.005  4.799  1.365
  25.170 21.041 10.395 10.736  9.752 24.791 38.737 33.231  -0.44
 525361015 5 3 8 4 7815.5728 7816.5728
 14.709 -0.881-16.383 38.876 52.601 12.108  7.115  6.978  0.070
  40.903 36.408-16.145-16.673  6.648  5.460 55.987 51.499 -18.51
 525361015 4 3 7 5 7815.5728 7816.5728
 14.132 -0.126-22.809-40.806-27.658  8.375 20.912  4.717 -0.641
 -39.363-41.599-22.699-22.869  2.968  5.407-27.268-28.242  46.26
 525361015 2 3 5 4 7815.5728 7816.5728
 14.322  0.557 35.688  1.194 14.532 15.666  5.496 29.133  1.908
   2.621 -1.422 35.042 36.873 10.136  5.530 17.318 10.769  -7.84
 525361015 8 210 5 7815.5728 7816.5728
 15.816  0.378  9.978 34.871 49.703 48.005 23.755  4.360  0.968
  38.737 33.231  9.688 10.102 14.297 33.708 52.896 46.421 -10.48
 526361015 0 0 1 2 7816.5728 7817.6841
 17.010  0.158-17.224 -8.407  9.400  0.980  8.346  0.000  0.000
   0.000  0.000  0.000  0.000  0.000  0.000  0.000  6.204   0.00
 526361015 2 3 5 4 7816.5728 7817.6841
 13.534  0.402-22.683-27.658-13.713 20.912  7.474 50.979  0.948
 -27.268-28.242-22.238-23.347 12.529  8.382-12.507-15.036 -39.30
 526361015 3 4 7 3 7816.5728 7817.6841
 16.237 -0.606-15.103-50.278-33.330 19.075 10.882 20.853 -1.235
 -49.563-51.740-14.840-15.641 12.808  6.267-32.960-34.001 -15.45
 52736 734 1 1 2 6 7817.6841 7818.6025
 11.310 -0.252-17.399  9.400 18.888  8.346 10.463 -1.537  0.899
   9.642  6.204-17.405-17.317  7.760  0.587 22.503 18.183  -7.64
 52736 734 3 1 4 2 7817.6841 7818.6025
 12.196  0.241-23.130-13.713 -3.412  7.474  9.254 11.678 -1.736
 -12.507-15.036-22.901-23.382  3.909  3.565 -2.737 -3.433  -9.99
 52736 734 1 2 3 4 7817.6841 7818.6025
 16.432 -0.002-14.430-33.330-19.137 10.882 15.162  5.400  2.886
 -32.960-34.001-14.396-14.491  7.010  3.872-18.989-22.992   0.89
 53136 919 4 2 610 7821.6113 7822.5737
 14.851 -2.405-17.167 18.888 32.236 10.463 14.111  4.029  3.172
  21.764 18.529-14.705-14.923 13.048  0.166 35.145 28.661  -2.17
 6 1361013 3 710 9 7822.5737 7823.5669
 13.743  0.630-14.853 32.236 44.907 14.111 17.763  1.854 -1.021
  35.145 28.661-14.762-14.964  7.779  6.332 48.172 42.726  -1.28
 6 1361013 4121612 7822.5737 7823.5669
 15.208 -0.276-16.301-26.110-11.984 25.708 52.293 12.292 -2.167
 -20.850-29.199-15.201-16.947  9.510 16.197 -8.478-14.556   2.21
 6 536104111 920 3 7826.5547 7827.5640
 16.294 -2.295-15.553 30.065 45.515 14.343  3.117-12.107  1.786
  30.745 27.528-15.693-15.028 11.312  3.031 45.697 41.595  48.41
 6 5361041 3 6 9 5 7826.5547 7827.5640
 16.318 -1.257-24.023 18.225 33.700 21.936 15.386  1.393  0.174
  21.972 15.107-23.940-24.092  9.963 11.973 36.647 29.728   6.80
 6 5361041 2 3 5 4 7826.5547 7827.5640
 11.186  2.974-27.419-44.507-34.212  4.020  8.216 22.578 -1.155
 -43.714-47.064-27.126-28.362  3.068  0.952-33.037-35.314  -4.46
 6 5361041 1 6 7 7 7826.5547 7827.5640
 13.436  0.267 20.061  9.750 22.316 19.929 20.307  0.313  1.621
  11.073  7.816 20.055 20.071 11.834  8.095 24.466 19.487   3.70
 6 9361020 2 1 3 2 7830.5688 7831.5581
 14.061  0.184-24.041-15.110 -2.167  9.939 20.132 10.997  0.167
 -14.845-15.411-23.994-24.094  5.280  4.660 -1.899 -2.611 -31.52
 6 9361020 0 0 1 1 7830.5688 7831.5581
 14.370 -0.072-22.976-21.947 -8.699  4.655  0.308  0.000  0.000
   0.000  0.000  0.000  0.000  0.000  0.000  0.000  0.000   0.00
 6 9361020 0 0 1 2 7830.5688 7831.5581
 13.663 -0.039-24.991-58.282-45.733 20.451  2.286  0.000  0.000
   0.000  0.000  0.000  0.000  0.000  0.000  0.000-45.808   0.00
 610361035 1 1 2 2 7831.5581 7832.5591
 12.898  0.259-24.223 -2.167  9.758 20.132  5.670-20.522  0.067
  -1.899 -2.611-24.314-24.071 12.537  7.595 10.012  9.642 -43.18
 610361035 1 1 2 1 7831.5581 7832.5591
 12.424  0.469-24.952-45.733-34.283  2.286  9.694-75.049 -0.269
 -45.731-45.808-24.958-24.698  2.236  0.050  0.000  0.000   0.00
 611361034 1 1 2 4 7832.5591 7833.5591
 14.042  0.439-24.481  9.758 22.818  5.670  9.378-63.700 -0.241
  10.012  9.642-24.950-24.268  1.773  3.897 22.949 22.573  14.68
 611361034 0 0 1 1 7832.5591 7833.5591
 14.033  0.528-25.422-34.283-21.232  9.694  0.207  0.000  0.000
   0.000  0.000  0.000  0.000  0.000  0.000  0.000  0.000   0.00
 612361034 3 1 4 1 7833.5591 7834.6006
 13.350  0.199-24.920 22.818 35.702  9.378  3.366-49.024 -0.520
  22.949 22.573-25.057-24.664  6.114  3.264  0.000  0.000   0.00
 612361034 0 0 1 3 7833.5591 7834.6006
 13.152  0.598-25.950-21.232 -8.554  0.207 16.333  0.000  0.000
   0.000  0.000  0.000  0.000  0.000  0.000  0.000 -8.633   0.00
 612361034 1 1 2 6 7833.5591 7834.6006
 14.321 -1.060 23.749-37.768-23.873  7.391 13.305 22.955 -0.066
 -36.810-39.612 23.378 24.464  4.865  2.526-22.588-25.188   5.10
 61336 934 0 0 1 1 7834.6006 7835.6646
 13.654 -0.511-25.127 35.702 49.184  3.366  7.962  0.000  0.000
   0.000  0.000  0.000  0.000  0.000  0.000  0.000  0.000   0.00
 61336 934 2 4 6 9 7834.6006 7835.6646
 12.647  0.537 22.645-23.873-11.462 13.305  5.103 28.057 -0.048
 -22.588-25.188 22.013 23.292  6.731  6.573 -9.568-12.451 -20.99
 61436 8 3 4 5 9 2 7835.6646 7836.5640
 15.489  0.122 23.216-11.462  1.585  5.103  0.428  7.071 -0.773
  -9.568-12.451 23.000 23.329  1.752  3.351  1.814 -0.148 -25.33
 615361027 1 1 2 4 7836.5640 7837.5557
 12.943  0.056 23.326  1.585 13.448  0.428  6.213-18.255  0.952
   1.814 -0.148 23.395 22.801  0.378  0.050 14.573 11.587  34.13
 616361039 2 2 412 7837.5557 7838.5654
 12.457  0.210 23.381 13.448 25.035  6.213  5.493 15.879  1.842
  14.573 11.587 23.087 23.867  3.872  2.341 28.903 23.838  -7.58
 617361026 2 1 3 2 7838.5654 7839.5610
 14.116 -0.221 14.234-58.635-45.555  7.026  0.331-18.349 -2.353
 -55.638-58.670 15.198 14.223  0.081  6.945-44.943-45.664  -1.51
 617361026 3 81113 7838.5654 7839.5610
 13.303  0.567 21.067-59.766-47.495 80.577 26.286 21.923 -0.292
 -57.043-62.843 20.044 22.223 42.759 37.818-43.636-49.006   3.81
 617361026 0 0 1 2 7838.5654 7839.5610
 15.416 -0.276 27.415-58.537-44.163 10.104  4.110  0.000  0.000
   0.000  0.000  0.000  0.000  0.000  0.000  0.000-44.673   0.00
 617361026 7 512 1 7838.5654 7839.5610
 12.939 -0.845 23.593 25.035 36.944  5.493  0.812  8.301 -4.691
  28.903 23.838 23.076 23.753  1.299  4.194  0.000  0.000   0.00
 618361031 7 61314 7839.5610 7840.5557
 16.934 -0.937 21.631-47.495-31.630 26.286 48.466 25.736  2.010
 -43.636-49.006 19.902 22.309  7.400 18.886-27.843-35.363  -4.41
 618361031 1 1 2 1 7839.5610 7840.5557
 13.537 -0.279 27.141-44.163-31.676  4.110  3.231-18.742 -4.579
 -39.800-44.673 28.458 26.987  0.430  3.680  0.000  0.000   0.00
 618361031 1 1 2 4 7839.5610 7840.5557
 15.651 -1.264 19.174 39.274 53.863  0.453  2.078-35.677  0.562
  39.431 38.008 19.280 18.315  0.403  0.050 54.406 52.423   4.06
 618361031 0 0 1 3 7839.5610 7840.5557
 14.964  0.414 23.339 42.866 56.772  1.390  0.608  0.000  0.000
   0.000  0.000  0.000  0.000  0.000  0.000  0.000 56.610   0.00
 62136 94811 314 1 7842.5908 7843.5610
 17.123  2.165 20.700-31.630-15.970 48.466  2.630 10.420-31.662
 -12.837-46.126 21.281 27.008 16.802  0.877  0.000  0.000   0.00
 622361031 0 0 1 1 7843.5610 7844.7144
 15.176 -0.294 27.524-30.217-13.843  1.656  0.622  0.000  0.000
   0.000  0.000  0.000  0.000  0.000  0.000  0.000  0.000   0.00
 622361031 5 4 9 5 7843.5610 7844.7144
 14.026  0.497 21.381  3.319 18.367 11.440 24.636-22.971 -1.357
   4.063  2.080 21.674 20.892  7.149  4.291 18.780 18.111   5.96
 622361031 4 3 7 5 7843.5610 7844.7144
 11.796  1.591 18.786 13.799 26.275 14.074  7.324 30.142 -4.842
  15.782 10.232 17.695 20.747  9.046  5.028 27.216 25.946 -14.56
 62336 651 1 2 3 8 7844.7144 7845.5605
 15.165  0.752-25.963 44.163 56.161 12.258 24.061 22.373  0.707
  45.869 41.803-25.332-26.837  7.116  5.143 57.562 52.597  -4.64
 62336 651 1 1 2 2 7844.7144 7845.5605
 13.574 -0.093-17.438-49.971-39.318 11.535 15.184  9.065  0.232
 -49.967-50.839-17.438-17.571 11.485  0.050-39.043-40.077  14.21
 62336 651 0 0 1 1 7844.7144 7845.5605
 13.229 -0.412-18.524-57.612-47.251  0.854  3.770  0.000  0.000
   0.000  0.000  0.000  0.000  0.000  0.000  0.000  0.000   0.00
 62336 651 1 4 5 2 7844.7144 7845.5605
 13.924 -0.377 21.953 18.367 29.315 24.636  6.883-17.012 -0.015
  18.780 18.111 22.070 21.881  9.434 15.202 29.492 28.846  35.48
 62336 651 3 2 5 8 7844.7144 7845.5605
 15.501 -1.811 20.621 26.275 38.557  7.324 22.712 15.586  2.116
  27.216 25.946 20.375 20.706  1.894  5.431 40.221 36.765  -2.73
 62336 651 1 2 3 1 7844.7144 7845.5605
 14.266 -1.319 27.671 27.492 38.730  5.165  1.040 13.336 -2.646
  28.271 25.364 27.508 28.118  3.782  1.383  0.000  0.000   0.00
 62336 651 0 0 1 1 7844.7144 7845.5605
 14.316 -0.757 27.184-13.843 -2.563  0.622  2.596  0.000  0.000
   0.000  0.000  0.000  0.000  0.000  0.000  0.000  0.000   0.00
 624361033 1 1 2 4 7845.5605 7846.5581
 14.476 -0.171-17.360-39.318-25.851 15.184  9.991 23.280 -0.263
 -39.043-40.077-17.247-17.672 11.138  4.046-25.557-26.406 -20.12
 624361033 0 0 1 2 7845.5605 7846.5581
 14.602 -0.409-18.175-47.251-33.658  3.770  0.198  0.000  0.000
   0.000  0.000  0.000  0.000  0.000  0.000  0.000-34.016   0.00
 624361033 0 0 1 1 7845.5605 7846.5581
 14.411  0.077 26.544 -2.563 10.840  2.596  1.777  0.000  0.000
   0.000  0.000  0.000  0.000  0.000  0.000  0.000  0.000   0.00
 624361033 1 1 2 3 7845.5605 7846.5581
 14.356 -0.771 14.074 19.311 32.659  0.361  1.010-34.665  2.368
  19.761 18.985 14.376 13.855  0.152  0.210 33.293 30.183  57.52
 624361033 1 1 2 2 7845.5605 7846.5581
 13.950  0.255 21.634 29.315 42.258  6.883  5.144 18.464  0.063
  29.492 28.846 21.579 21.780  4.999  1.884 42.572 41.822 -16.72
 624361033 5 3 812 7845.5605 7846.5581
 14.363  1.148 19.089 38.557 51.912 22.712 33.928 12.858  1.373
  40.221 36.765 18.730 19.476 11.777 10.935 53.950 49.017  -1.34
 625361035 1 3 4 3 7846.5581 7847.5562
 13.741  0.451-17.190-25.851-13.117  9.991  8.466  3.159  1.725
 -25.557-26.406-17.174-17.219  6.534  3.456-12.832-14.774  39.98
 625361035 0 0 1 2 7846.5581 7847.5562
 14.520 -0.256-18.113-59.054-45.542  0.722  2.342  0.000  0.000
   0.000  0.000  0.000  0.000  0.000  0.000  0.000-48.026   0.00
 625361035 3 5 819 7846.5581 7847.5562
 14.839 -1.148 19.943-13.007  0.823  3.999 24.347 18.212  3.517
 -12.222-14.141 19.700 20.294  2.362  1.637  3.277 -2.322  -6.29
 625361035 0 0 1 1 7846.5581 7847.5562
 14.060 -0.322 26.621 10.840 23.894  1.777  0.050  0.000  0.000
   0.000  0.000  0.000  0.000  0.000  0.000  0.000  0.000   0.00
 625361035 1 2 3 2 7846.5581 7847.5562
 12.908 -0.524 13.304 32.659 44.562  1.010  0.629 22.855 -1.244
  33.293 30.183 13.044 14.320  0.804  0.206 45.953 44.041 -46.76
 625361035 1 1 2 1 7846.5581 7847.5562
 13.709 -0.718 21.889 42.258 54.961  5.144 18.296  1.748 -0.696
  42.572 41.822 21.880 21.901  2.993  2.151  0.000  0.000   0.00
 626361038 1 2 3 9 7847.5562 7848.6021
 13.194  0.335-17.639-13.117 -0.343  8.466 12.011 43.140  2.800
 -12.832-14.774-17.385-19.119  7.223  1.242  0.970 -4.396 -26.16
 626361038 1 1 2 3 7847.5562 7848.6021
 15.759 -0.542-17.857-45.542-30.086  2.342  1.205 27.313  0.536
 -45.087-48.026-17.633-19.078  1.979  0.363-28.474-31.333  14.90
 626361038 7121915 7847.5562 7848.6021
 13.871  0.116 18.797  0.823 14.306 24.347 38.291 11.919  0.558
   3.277 -2.322 18.307 19.426 13.677 10.670 18.039 11.805  -2.72
 62736 933 4 5 9 5 7848.6021 7849.5737
 15.272 -0.528-17.990 -0.343 13.542 12.011 13.751 16.978 -4.117
   0.970 -4.396-17.609-19.167  9.072  2.939 13.815 12.553  -7.53
 62736 933 2 1 3 1 7848.6021 7849.5737
 13.498  1.116-17.290-30.086-17.924  1.205  2.889 42.209 -3.685
 -28.474-31.333-15.895-18.370  0.526  0.679  0.000  0.000   0.00
 62736 933 5101517 7848.6021 7849.5737
 15.526 -0.409 18.918 14.306 28.438 38.291 37.087  9.197  0.401
  18.039 11.805 18.347 19.302 15.362 22.929 31.379 24.718  -1.39
 628361013 2 1 3 8 7849.5737 7850.5742
 15.436 -0.419-17.701-23.961 -9.494  2.142  7.351-72.866  0.397
 -23.522-24.117-19.057-17.219  0.562  1.580 -8.721-10.596 112.35
 628361013 4131710 7849.5737 7850.5742
 14.746 -0.086 18.521 28.438 42.214 37.087 34.103  7.805  0.494
  31.379 24.718 18.139 19.004 20.715 16.372 43.934 36.767   0.36
 629361012 4 81211 7850.5742 7851.5659
 15.330  0.499-17.879 23.120 37.351 22.586 18.748 11.489  0.034
  26.797 19.735-17.168-18.534 10.826 11.760 39.782 32.637  -1.18
 629361012 3 5 8 1 7850.5742 7851.5659
 12.243 -0.113-17.282 -9.494  1.676  7.351  1.720 39.480 -2.320
  -8.721-10.596-16.674-18.149  4.322  3.029  0.000  0.000   0.00
 629361012 4 610 4 7850.5742 7851.5659
 15.815 -0.727 18.434 42.214 56.926 34.103 26.895  8.165 -5.746
  43.934 36.767 18.200 19.176 25.919  8.184 57.689 56.510  -6.32
 629361012 0 0 1 5 7850.5742 7851.5659
 15.700  0.660 27.153 41.011 55.609  4.708 13.055  0.000  0.000
   0.000  0.000  0.000  0.000  0.000  0.000  0.000 53.485   0.00
 630361024 5 61114 7851.5659 7852.5674
 12.718  0.362-18.374 37.351 49.105 18.748 21.059 10.313  0.540
  39.782 32.637-17.954-19.188 12.367  6.381 52.596 44.960   3.05
 7 1361022 2 1 311 7852.5674 7853.5693
 14.015  0.374 13.997 23.582 36.644  1.690 18.690  3.658  1.177
  24.086 20.915 13.966 14.162  1.421  0.269 38.324 34.069  10.92
 7 2361019 5 1 6 9 7853.5693 7854.5703
 15.494 -0.396 22.309-47.997-33.472 10.377 20.037  1.638  2.288
 -44.335-48.658 22.212 22.326  1.586  8.791-30.672-37.450  -1.94
 7 2361019 5 611 7 7853.5693 7854.5703
 13.734  0.123 14.371 36.644 49.408 18.690 13.578 14.575  1.030
  38.324 34.069 13.948 15.020 11.310  7.380 52.424 47.111  -1.11
 7283610 0 0 0 111 7879.5825 7880.5889
 11.863  0.613 25.921-39.026-28.072  1.922 10.986  0.000  0.000
   0.000  0.000  0.000  0.000  0.000  0.000  0.000-29.421   0.00
 7283610 0 1 1 2 1 7879.5825 7880.5889
 14.112  0.322 12.643 24.545 37.762  3.084  0.050 52.887 -0.382
  24.549 24.313 12.638 12.942  3.034  0.050  0.000  0.000   0.00
 72936 952 8 412 9 7880.5889 7881.7417
 12.620  0.145-24.281-56.578-43.158 20.028 14.391-12.476  3.422
 -54.973-60.545-24.605-23.481 14.257  5.771-40.275-49.627   3.31
 72936 952 2 2 4 4 7880.5889 7881.7417
 14.428  0.153-17.691-55.350-39.845  6.771  6.119 36.835 -1.544
 -54.873-58.271-17.351-19.776  5.822  0.949-37.890-40.232 -63.75
 72936 952 6 511 3 7880.5889 7881.7417
 16.418 -0.569 26.538-28.072-10.274 10.986  3.508 42.295 -1.284
 -27.291-29.421 25.902 27.636  6.957  4.029 -9.660-11.065 -54.29
 73036 611 6 3 920 7881.7417 7882.5889
 13.641 -1.185-24.447-43.158-32.430 14.391 29.824 -9.161 -0.792
 -40.275-49.627-24.871-23.498  9.955  4.436-28.756-37.290   7.91
 73036 611 1 2 323 7881.7417 7882.5889
 13.197  0.308 25.883-10.274  0.078  3.508 30.145-11.994  4.920
  -9.660-11.065 26.000 25.731  1.976  1.532  1.694 -5.013  26.24
 73136 95211 920 9 7882.5889 7883.5981
 12.419  1.438-23.444-32.430-20.886 29.824 12.342 -1.250  3.806
 -28.756-37.290-23.517-23.347 16.983 12.840-16.273-29.103   0.82
 73136 952 6172317 7882.5889 7883.5981
 12.865  0.154 26.144  0.078 12.072 30.145 28.917 14.244 -0.023
   1.694 -5.013 25.776 27.304 22.884  7.262 14.844  8.150  -0.08
 8 136 938 9 110 6 7883.5981 7884.5967
 14.423  0.263-16.542-15.425 -1.999 24.900 24.863 12.835  2.922
 -15.021-16.129-16.454-16.696 15.819  9.081  1.328 -2.845  -7.51
 8 136 938 41317 2 7883.5981 7884.5967
 16.896 -0.601 26.300 12.072 27.967 28.917 15.132 14.164 -5.203
  14.844  8.150 25.672 27.187 16.942 11.975 28.327 27.378 -44.03
 8 236 941 3 4 7 2 7884.5967 7885.5938
 14.778  0.557-24.256-11.739  2.022  3.811  0.248  2.640 -0.210
 -10.478-14.807-24.203-24.385  2.701  1.110  2.850 -1.251  -8.34
 8 236 941 3 4 7 4 7884.5967 7885.5938
 13.214 -0.167 26.825 21.365 33.567 10.004  6.087 -7.182  0.610
  21.667 21.158 26.859 26.802  4.073  5.931 34.148 33.053 -16.39
 8 236 941 1 1 2 3 7884.5967 7885.5938
 13.320 -0.049 25.699 27.967 40.275 15.132 18.379-29.868 -0.555
  28.327 27.378 25.886 25.394  9.399  5.733 40.461 40.083  -8.11
 8 336 94513 92228 7885.5938 7886.6025
 15.638 -0.309-20.548  9.772 24.564 35.651 53.625 33.461  4.705
  11.838  7.987-19.269-21.652 16.523 19.128 30.810 21.758 -13.66
 8 336 945 3 1 4 4 7885.5938 7886.6025
 14.163 -0.593 26.659 33.567 46.871  6.087  8.720-23.574  3.911
  34.148 33.053 26.885 26.458  2.857  3.230 51.713 46.460  42.15
 8 336 945 1 2 3 2 7885.5938 7886.6025
 13.475 -0.504 25.651 40.275 52.885 18.379  9.545-37.982  0.338
  40.461 40.083 25.782 25.516  9.328  9.050 53.391 52.701   2.26
 8 436 93112162826 7886.6025 7887.5938
 15.547 -0.194-20.236 24.564 39.001 53.625 47.565 19.805 -0.869
  30.810 21.758-18.126-21.185 16.625 36.999 43.089 35.204   4.96
 8 436 931 1 3 4 2 7886.6025 7887.5938
 12.621 -0.293 26.060 46.871 58.408  8.720  6.010 18.581 -3.798
  51.713 46.460 24.598 26.184  0.683  8.038 58.473 58.337  65.50
 8 536 94514122615 7887.5938 7888.6611
 12.407 -2.496-20.044 39.001 51.199 47.565 13.981 24.764 -0.656
  43.089 35.204-18.272-21.690 22.905 24.660 55.896 48.070 -30.14
 8 536 945 1 2 3 3 7887.5938 7888.6611
 15.829  0.636 13.260 30.748 46.598  4.320  3.424 -4.643  1.296
  32.127 29.425 13.369 13.155  2.115  2.205 47.212 43.180  -1.41
 8 636 8 7 1 1 2 1 7888.6611 7889.6699
 12.998  0.568-24.568 47.561 59.689  7.028  7.603 69.916 -0.599
  47.718 47.492-24.178-24.740  2.143  4.885  0.000  0.000   0.00
 8 636 8 7 1 1 2 9 7888.6611 7889.6699
 13.883 -0.405 22.700-52.569-39.547  9.017 24.090-59.697  0.663
 -52.474-52.912 22.849 22.159  7.074  1.943-38.792-40.362  53.42
 81036 942 4 5 9 1 7892.5952 7893.6626
 15.023  1.726 22.291-39.547-24.557 24.090  0.339 -7.976-37.260
 -11.012-50.892  5.404  0.233  4.277 31.055  0.000  0.000   0.00
 81136 8 5 2 2 4 1 7893.6626 7894.6040
 14.638 -0.431-28.308  1.558 14.420 10.512  7.497 13.544 -3.996
   2.536 -1.876-28.101-29.037  8.182  2.330  0.000  0.000   0.00
 81136 8 5 2 3 5 6 7893.6626 7894.6040
 13.054 -0.135-32.329 -8.436  2.935 14.401 14.920-45.125  0.277
  -7.817 -8.556-32.855-32.228  2.335 12.067  3.307  2.755 -21.16
 81136 8 5 0 0 1 1 7893.6626 7894.6040
 14.060 -0.402-12.698-25.065-12.748  2.362  3.540  0.000  0.000
   0.000  0.000  0.000  0.000  0.000  0.000  0.000  0.000   0.00
 81136 8 5 1 1 2 1 7893.6626 7894.6040
 14.190 -0.156-13.636-31.109-18.669 10.564 12.467-26.368 -0.705
 -30.462-31.112-13.948-13.635  0.050 10.514  0.000  0.000   0.00
 81136 8 5 0 0 1 3 7893.6626 7894.6040
 15.616  0.799 24.133-24.557-10.774  0.339  5.936  0.000  0.000
   0.000  0.000  0.000  0.000  0.000  0.000  0.000-10.807   0.00
 81136 8 5 2 1 3 2 7893.6626 7894.6040
 14.220  0.107 21.556 13.095 25.564 15.297  5.865 49.503 -0.751
  13.216 12.228 21.425 22.500 13.428  1.869 25.820 25.128 -63.42
 81236 930 0 0 1 1 7894.6040 7895.5991
 14.352  0.358-27.903 14.420 27.728  7.497  3.951  0.000  0.000
   0.000  0.000  0.000  0.000  0.000  0.000  0.000  0.000   0.00
 81236 930 3 3 6 5 7894.6040 7895.5991
 13.516 -0.056-32.202  2.935 15.411 14.920 30.830-66.288 -0.446
   3.307  2.755-32.920-31.856  4.854 10.066 15.500 14.858  25.68
 81236 930 0 0 1 2 7894.6040 7895.5991
 15.150  0.375-13.489-18.669 -4.566 12.467  0.386  0.000  0.000
   0.000  0.000  0.000  0.000  0.000  0.000  0.000 -5.051   0.00
 81236 930 1 2 3 2 7894.6040 7895.5991
 14.698  0.102 24.886-10.774  2.878  5.936  3.675 80.092  0.129
 -10.756-10.807 24.790 25.054  3.784  2.152  2.927  2.570 -44.75
 81236 930 1 1 2 3 7894.6040 7895.5991
 13.913 -0.015 21.657 25.564 38.435  5.865  3.679-13.915 -0.279
  25.820 25.128 21.716 21.556  3.696  2.169 38.624 38.237  -6.19
 81336 937 2 3 5 4 7895.5991 7896.5933
 13.101  0.056-32.146 15.411 27.457 30.830 10.590-40.613 -0.161
  15.500 14.858-32.210-31.744 26.574  4.257 27.518 26.866  33.73
 81336 937 3 4 7 8 7895.5991 7896.5933
 13.307 -0.023 20.329-20.853 -8.602 20.113 10.380 -5.409  0.996
 -19.592-22.958 20.441 20.142 12.577  7.536 -6.496-10.914  -0.66
 81336 937 0 0 1 6 7895.5991 7896.5933
 12.116 -0.393 24.892-53.417-42.349  9.595 12.215  0.000  0.000
   0.000  0.000  0.000  0.000  0.000  0.000  0.000-46.545   0.00
 81336 937 1 2 3 2 7895.5991 7896.5933
 13.437 -0.291 21.642 38.435 50.815  3.679  6.669-20.104  0.372
  38.624 38.237 21.706 21.575  1.880  1.800 51.306 50.503  12.03
 81436 945 2 2 4 4 7896.5933 7897.5771
 12.464  0.427-32.202 27.457 38.758 10.590 12.923 -6.882  0.842
  27.518 26.866-32.208-32.141  9.609  0.980 39.034 38.332 -58.09
 81436 945 4 4 811 7896.5933 7897.5771
 14.885  0.242 20.306 -8.602  5.080 10.380 18.055 -6.072  0.704
  -6.496-10.914 20.516 20.075  5.431  4.949  6.545  1.359  10.55
 81436 945 2 1 3 3 7896.5933 7897.5771
 14.208 -0.542 14.860  9.082 22.099  6.581  4.565  5.782  0.931
   9.891  8.449 14.780 14.922  2.887  3.694 22.352 19.948  -8.78
 8233610 3 2 3 5 2 7905.5811 7906.5874
 16.380  0.759 -6.443-42.341-26.845 15.402  5.577  9.139 -3.139
 -41.677-45.350 -6.337 -6.924 12.619  2.783-26.830-27.382   1.23
 8233610 3 2 3 5 2 7905.5811 7906.5874
 12.889  0.549 28.316  7.927 19.910  5.560 10.165-13.525 -0.557
   8.007  6.560 28.333 28.027  5.254  0.306 19.959 19.872  97.71
 8233610 3 2 4 6 3 7905.5811 7906.5874
 13.670  0.953 29.886 25.024 37.793 10.155 15.315-21.181 -0.597
  25.294 24.160 29.977 29.595  7.738  2.418 37.957 37.694  81.59
 82436 953 1 1 2 1 7906.5874 7907.5869
 14.444 -0.438 -7.207-26.845-13.391  5.577  7.848 10.368 -0.557
 -26.830-27.382 -7.204 -7.305  5.430  0.148  0.000  0.000   0.00
 82436 953 0 0 1 1 7906.5874 7907.5869
 13.401  0.229 28.568-53.465-41.053  5.809  5.420  0.000  0.000
   0.000  0.000  0.000  0.000  0.000  0.000  0.000  0.000   0.00
 82436 953 1 1 2 2 7906.5874 7907.5869
 13.592 -0.321 28.869 19.910 32.513 10.165  4.107 84.186  0.116
  19.959 19.872 28.449 29.199  4.469  5.696 32.517 32.183 -13.88
 82436 953 1 2 3 2 7906.5874 7907.5869
 13.027  0.174 30.845 37.793 49.832 15.315  6.697 60.405  0.066
  37.957 37.694 30.598 30.996  5.805  9.510 49.952 49.729   8.24
 82536 954 0 0 1 1 7907.5869 7908.5952
 14.157  0.034 -6.769-13.391 -0.105  7.848  2.921  0.000  0.000
   0.000  0.000  0.000  0.000  0.000  0.000  0.000  0.000   0.00
 82536 954 0 0 1 1 7907.5869 7908.5952
 13.993  0.729-19.775-49.036-35.915  8.108  8.400  0.000  0.000
   0.000  0.000  0.000  0.000  0.000  0.000  0.000  0.000   0.00
 82536 954 0 0 1 5 7907.5869 7908.5952
 13.995  0.061-14.906-20.825 -7.702  0.121 14.903  0.000  0.000
   0.000  0.000  0.000  0.000  0.000  0.000  0.000 -9.013   0.00
 82536 954 0 0 1 3 7907.5869 7908.5952
 13.179 -0.517 28.797-41.053-28.753  5.420  0.783  0.000  0.000
   0.000  0.000  0.000  0.000  0.000  0.000  0.000-28.821   0.00
 82536 954 1 1 2 1 7907.5869 7908.5952
 12.445  0.657 28.548 32.513 44.073  4.107  8.364 70.306 -0.870
  32.517 32.183 28.539 29.358  4.057  0.050  0.000  0.000   0.00
 82636 942 0 0 1 1 7908.5952 7909.5874
 14.912 -0.149 -6.804 -0.105 13.720  2.921  2.618  0.000  0.000
   0.000  0.000  0.000  0.000  0.000  0.000  0.000  0.000   0.00
 82636 942 3 2 5 7 7908.5952 7909.5874
 14.736  0.095-14.968 -7.702  5.949 14.903 31.373  4.143  1.867
  -6.929 -9.013-14.913-15.059  9.377  5.527  7.172  3.176   2.65
 82636 942 0 0 1 2 7908.5952 7909.5874
 14.291 -0.359-20.510-35.915-22.706  8.400 19.416  0.000  0.000
   0.000  0.000  0.000  0.000  0.000  0.000  0.000-23.080   0.00
 82636 942 2 4 614 7908.5952 7909.5874
 14.854 -1.023-24.996-54.777-41.009 44.203 20.200 33.880  1.302
 -54.165-55.088-24.624-25.186 14.888 29.315-39.968-41.814   9.20
 82636 942 2 1 3 5 7908.5952 7909.5874
 14.138  0.228 28.276-28.753-15.696  0.783  1.965 33.965 -0.177
 -28.282-28.821 27.996 28.316  0.100  0.683-15.473-15.779  13.32
 82636 942 0 0 1 1 7908.5952 7909.5874
 13.680  0.010 29.211 44.073 56.675  8.364  0.050  0.000  0.000
   0.000  0.000  0.000  0.000  0.000  0.000  0.000  0.000   0.00
 82736 953 0 0 1 1 7909.5874 7910.5869
 13.888  0.332 -6.655 13.720 26.617  2.618  8.760  0.000  0.000
   0.000  0.000  0.000  0.000  0.000  0.000  0.000  0.000   0.00
 82736 953 1 6 7 8 7909.5874 7910.5869
 13.616  0.270-15.062  5.949 18.574 31.373 15.064  6.796 -0.114
   7.172  3.176-14.921-15.381 21.769  9.604 20.232 16.439   7.24
 82736 953 1 1 2 2 7909.5874 7910.5869
 13.406  0.249-20.154-22.706-10.291 19.416  7.573 18.824 -0.199
 -22.597-23.080-20.119-20.273 15.036  4.380-10.170-10.366 -67.74
 82736 953 9 51415 7909.5874 7910.5869
 14.350  0.076-23.981-41.009-27.650 20.200 53.271 43.085  1.996
 -39.968-41.814-23.091-24.669  8.803 11.396-24.670-29.377 -39.56
 82736 953 1 4 5 5 7909.5874 7910.5869
 13.927 -1.194 28.502-15.696 -2.760  1.965  3.970 47.281  0.330
 -15.473-15.779 28.290 28.581  0.536  1.429 -2.207 -2.874 -82.58
 91936 9 8 1 1 2 3 7932.6187 7933.6729
 14.207  0.124-15.613-12.381  1.558  3.950  2.609 -1.406 -2.158
 -12.348-14.902-15.614-15.554  3.900  0.050  1.640  1.533 -68.62
 91936 9 8 3 2 5 1 7932.6187 7933.6729
 13.980  0.461-18.769-22.380 -8.680  8.025  1.850  1.834 -0.822
 -22.090-22.958-18.760-18.787  5.345  2.680  0.000  0.000   0.00
 91936 9 8 0 0 1 4 7932.6187 7933.6729
 11.886  2.960-16.794-33.436-21.943  0.050 19.862  0.000  0.000
   0.000  0.000  0.000  0.000  0.000  0.000  0.000-22.578   0.00
 92036 751 1 2 3 2 7933.6729 7934.6201
 14.566  0.153-15.745  1.558 14.423  2.609  0.354-70.024  0.041
   1.640  1.533-15.960-15.677  0.624  1.986 14.463 14.179  33.08
 92036 751 8 1 9 7 7933.6729 7934.6201
 12.988  0.181-21.031-58.353-46.983 11.351 30.929-11.286  1.718
 -57.986-59.351-21.099-20.845  8.300  3.050-44.906-48.105  20.02
 92036 751 2 3 510 7933.6729 7934.6201
 14.625  0.748 18.980-44.008-31.088 13.615 14.843  5.007  2.299
 -43.717-45.260 18.956 19.084 11.044  2.571-29.899-32.931  35.66
 92136 9 7 4 3 7 3 7934.6201 7935.6035
 13.838  0.652-21.202-46.983-34.343 30.929 21.084  8.738  1.883
 -44.906-48.105-20.904-21.363 10.852 20.077-33.483-38.760 -10.53
 92536 933 0 0 1 1 7938.6021 7939.5986
 14.433  0.675-15.420 11.483 24.885  3.484  1.844  0.000  0.000
   0.000  0.000  0.000  0.000  0.000  0.000  0.000  0.000   0.00
 92536 933 3 3 6 3 7938.6021 7939.5986
 12.410  0.432-22.305  6.110 17.496 21.400 11.401  6.346  2.697
   6.663  4.725-22.248-22.447 15.290  6.110 19.832 15.042 -17.39
 92536 933 4 5 9 5 7938.6021 7939.5986
 12.960  0.797-22.587-16.399 -4.465 29.288 44.512 15.846  0.389
 -15.234-17.194-22.281-22.795 11.883 17.405 -3.146 -5.593  -7.65
 92636 937 0 0 1 1 7939.5986 7940.6001
 14.063 -0.899-16.092 24.885 37.981  1.844  2.495  0.000  0.000
   0.000  0.000  0.000  0.000  0.000  0.000  0.000  0.000   0.00
 92636 937 1 2 3 3 7939.5986 7940.6001
 14.372 -0.122-22.736 17.496 30.901 11.401  3.671-11.049  0.419
  19.832 15.042-23.156-22.294  5.841  5.561 33.157 27.833   8.29
 92636 937 2 3 5 5 7939.5986 7940.6001
 15.308 -0.593-23.381 -4.465  9.878 44.512 29.604  8.193  0.403
  -3.146 -5.593-23.207-23.530 20.523 23.990 10.509  7.618  -3.98
 92636 937 0 0 1 6 7939.5986 7940.6001
 14.297 -0.873 16.553-24.142-10.811  2.014  9.994  0.000  0.000
   0.000  0.000  0.000  0.000  0.000  0.000  0.000-12.944   0.00
 92636 937 0 0 1 6 7939.5986 7940.6001
 12.612 -0.025 15.085-49.445-37.801  3.041 12.309  0.000  0.000
   0.000  0.000  0.000  0.000  0.000  0.000  0.000-41.715   0.00
 92736 935 2 1 3 1 7940.6001 7941.5972
 15.827 -0.251-22.613 30.901 45.702  3.671  0.553 -2.758 -4.920
  33.157 27.833-22.713-22.476  2.115  1.555  0.000  0.000   0.00
 92736 935 1 4 5 3 7940.6001 7941.5972
 12.550 -0.469-22.787  9.878 21.411 29.604 31.854  4.214  0.103
  10.509  7.618-22.744-22.941 23.146  6.459 23.414 20.434   2.54
 92736 935 1 5 6 4 7940.6001 7941.5972
 11.480  0.544 15.060-37.801-27.335 12.309 14.295 17.187 -0.974
 -35.689-41.715 14.429 16.229  7.995  4.315-26.215-31.240   1.79
 92736 935 2 4 6 4 7940.6001 7941.5972
 12.680  0.077 15.679-10.811  0.851  9.994  4.249  7.837  1.938
 -10.254-12.944 15.605 15.962  7.926  2.068  2.481 -2.218 -14.38
10 436 935 2 3 510 7947.6001 7948.6006
 13.819  0.006-18.471 11.279 24.122  1.712  6.834-10.413 -2.003
  12.122  7.677-18.617-17.843  1.387  0.324 24.927 22.790  37.82
10 436 935 0 0 1 2 7947.6001 7948.6006
 14.233  0.128-10.828-16.573 -3.317  2.577  4.834  0.000  0.000
   0.000  0.000  0.000  0.000  0.000  0.000  0.000 -3.417   0.00
10 436 935 8 91718 7947.6001 7948.6006
 12.454  0.707 20.441-22.562-11.086 31.188 39.646 15.772 -0.674
 -18.557-27.398 19.381 21.721 17.059 14.129 -5.859-13.888   3.53
10 436 935 1 4 5 9 7947.6001 7948.6006
 13.714 -0.809 17.252  9.875 22.612 28.993 33.902 10.545 -0.358
  12.167  9.257 16.844 17.362  6.159 22.834 23.944 21.515   8.85
10 436 935 2 1 3 1 7947.6001 7948.6006
 14.477 -0.613  8.183 12.952 26.453  3.346  3.944-34.679 -1.731
  12.974 11.535  8.198  7.213  3.296  0.050  0.000  0.000   0.00
101236 92810 010 6 7955.6050 7956.6680
 13.898 -2.031-16.321-16.937 -3.210 16.803 15.676-35.882-23.072
  23.214  0.000 16.116  0.000 15.766  1.000 -1.592 -6.139  31.04
101236 928 4 0 4 2 7955.6050 7956.6680
 15.884  2.296 17.278 -5.481 10.358 11.970  0.150-83.486-13.825
  -1.712  0.000-14.315  0.000 10.455  1.000 10.640 10.218  36.57
102136 641 1 4 5 4 7964.7207 7965.6182
 12.683  0.139-17.539 47.737 58.231 22.957  0.573 -2.472  1.694
  48.770 47.406-17.582-17.526  5.565 17.393 61.043 57.900   1.40
102136 641 0 0 1 5 7964.7207 7965.6182
 16.415 -0.738-10.817 33.930 47.773  3.238  1.842  0.000  0.000
   0.000  0.000  0.000  0.000  0.000  0.000  0.000 47.018   0.00
102136 641 2 1 3 2 7964.7207 7965.6182
 14.631  0.010-11.237 27.915 40.157  4.198  4.286-22.998  1.115
  28.240 27.761-11.372-11.173  1.354  2.844 41.692 40.139  43.50
102136 641 1 1 2 2 7964.7207 7965.6182
 14.216 -0.170 22.652-18.746 -6.876 10.427  0.646-51.566 -0.207
 -18.476-18.941 22.966 22.426  4.370  6.057 -6.605 -7.008  12.20
102236 9 9 2 1 3 2 7965.6182 7966.7466
 13.908  0.353 16.509-57.418-42.837 13.844 33.389-55.979  0.513
 -57.386-57.752 16.554 16.035 12.643  1.201-42.612-43.097  -9.99
102336 6 4 1 1 2 3 7966.7466 7967.6738
 13.577 -0.184 16.907-42.837-31.164 33.389 17.774-65.971 -0.194
 -42.612-43.097 17.389 16.348 17.933 15.456-31.016-31.759  24.74
102336 6 4 0 0 1 1 7966.7466 7967.6738
 14.236 -0.890 18.754-53.203-40.919  8.674 17.800  0.000  0.000
   0.000  0.000  0.000  0.000  0.000  0.000  0.000  0.000   0.00
102436 749 1 2 3 4 7967.6738 7968.6895
 14.854  0.384 16.737-31.164-17.075 17.774 17.771-41.230 -0.037
 -31.016-31.759 16.860 16.237 14.241  3.534-16.808-17.444  -6.79
102436 749 0 0 1 1 7967.6738 7968.6895
 14.991  0.267 17.929-40.919-26.691 17.800  6.394  0.000  0.000
   0.000  0.000  0.000  0.000  0.000  0.000  0.000  0.000   0.00
102536 726 1 3 4 2 7968.6895 7969.6763
 13.569 -0.643 17.126-17.075 -4.658 17.771 12.055-48.016 -0.003
 -16.808-17.444 17.410 16.735 10.297  7.474 -4.365 -5.033   3.00
102536 726 0 0 1 2 7968.6895 7969.6763
 13.319 -1.009 18.200-26.691-14.521  6.394  0.156  0.000  0.000
   0.000  0.000  0.000  0.000  0.000  0.000  0.000-14.724   0.00
102536 726 0 0 1 9 7968.6895 7969.6763
 14.834  1.817-11.922-21.170 -7.505  0.841 19.080  0.000  0.000
   0.000  0.000  0.000  0.000  0.000  0.000  0.000 -8.865   0.00
102636 746 4 5 9 1 7969.6763 7970.6904
 17.287  0.417-13.715 -7.505  9.022 19.080 10.648 -1.881 -2.750
  -6.037 -8.865-13.762-13.672  9.176  9.904  0.000  0.000   0.00
102636 746 1 1 2 1 7969.6763 7970.6904
 13.567  0.150 17.204-14.521 -1.766  0.156  0.624  8.941 -0.611
 -14.092-14.724 17.140 17.235  0.050  0.106  0.000  0.000   0.00
102636 746 1 1 2 2 7969.6763 7970.6904
 14.133 -0.309 16.491 -4.658  8.671 12.055 17.612-45.016 -0.034
  -4.365 -5.033 16.773 16.132  6.761  5.295  9.064  8.317  10.45
102736 725 0 0 1 1 7970.6904 7971.6826
 14.963 -0.055-14.138  9.022 22.892 10.648  1.270  0.000  0.000
   0.000  0.000  0.000  0.000  0.000  0.000  0.000  0.000   0.00
102736 725 1 1 2 1 7970.6904 7971.6826
 13.972  0.295-14.150  3.057 15.943  3.680  0.722 32.418 -0.516
   3.063  2.613-14.146-14.423  3.630  0.050  0.000  0.000   0.00
102736 725 1 1 2 4 7970.6904 7971.6826
 14.031 -0.235 16.178  8.671 21.616 17.612 29.778-34.566  0.155
   9.064  8.317 16.438 15.944  8.349  9.263 21.854 21.213 -18.50
102736 725 0 0 1 1 7970.6904 7971.6826
 13.658 -1.087 17.356 -1.766 10.809  0.624  0.050  0.000  0.000
   0.000  0.000  0.000  0.000  0.000  0.000  0.000  0.000   0.00
102836 737 0 0 1 1 7971.6826 7972.7183
 15.967  0.140-23.145 35.828 51.339  5.746  1.480  0.000  0.000
   0.000  0.000  0.000  0.000  0.000  0.000  0.000  0.000   0.00
102836 737 0 0 1 2 7971.6826 7972.7183
 14.991  0.361-14.084 22.892 37.392  1.270  0.184  0.000  0.000
   0.000  0.000  0.000  0.000  0.000  0.000  0.000 37.364   0.00
102836 737 0 0 1 1 7971.6826 7972.7183
 14.110  0.013-22.251-54.244-40.655 12.278  2.089  0.000  0.000
   0.000  0.000  0.000  0.000  0.000  0.000  0.000  0.000   0.00
102836 737 4 1 513 7971.6826 7972.7183
 14.533 -0.253 19.873-58.927-44.900 32.172 56.832 49.462  2.314
 -58.585-59.510 19.498 20.514 20.292 11.879-42.036-45.549 -24.51
102836 737 1 3 4 5 7971.6826 7972.7183
 14.233  0.028 15.945 21.616 35.332 29.778 10.064-53.069  0.368
  21.854 21.213 16.250 15.430 18.706 11.073 35.767 34.318  54.72
11 636 753 0 0 1 2 7980.6714 7981.6738
 15.568  0.103-15.596 23.281 37.893  0.120  0.965  0.000  0.000
   0.000  0.000  0.000  0.000  0.000  0.000  0.000 37.480   0.00
11 636 753 3 0 3 1 7980.6714 7981.6738
 14.492 -2.448-14.714-25.768-12.234  7.141  3.506-37.017-28.498
  23.526  0.000-17.157  0.000  3.915  1.000  0.000  0.000   0.00
11 636 753 2 0 2 1 7980.6714 7981.6738
 12.803 -2.278-15.520-34.046-22.204  2.972  0.160-36.108-27.821
  23.327  0.000-16.395  0.000  1.703  1.000  0.000  0.000   0.00
11 636 753 2 0 2 1 7980.6714 7981.6738
 14.500  2.351-10.880-35.747-22.204 12.578  0.160-53.283-20.727
  12.619  0.000-16.615  0.000  7.245  1.000  0.000  0.000   0.00
11 636 753 0 0 1 1 7980.6714 7981.6738
 15.222 -0.731 15.121-55.564-41.298  0.050 63.362  0.000  0.000
   0.000  0.000  0.000  0.000  0.000  0.000  0.000  0.000   0.00
11 736 749 5 813 1 7981.6738 7982.6875
 16.705  0.621-14.815 20.795 36.733 46.898  5.367-18.726 -5.859
  24.088 18.348-15.894-14.013 19.994 26.904  0.000  0.000   0.00
11 736 749 0 0 1 1 7981.6738 7982.6875
 14.161 -0.729-10.500 -0.725 12.633 11.617  6.865  0.000  0.000
   0.000  0.000  0.000  0.000  0.000  0.000  0.000  0.000   0.00
11 736 749 0 0 1 1 7981.6738 7982.6875
 13.866  1.226  9.447-57.657-44.598 18.421  9.614  0.000  0.000
   0.000  0.000  0.000  0.000  0.000  0.000  0.000  0.000   0.00
11 736 749 0 0 1 1 7981.6738 7982.6875
 13.960  0.896 15.113-49.416-36.262 16.661  7.483  0.000  0.000
   0.000  0.000  0.000  0.000  0.000  0.000  0.000  0.000   0.00
11 736 749 0 0 1 1 7981.6738 7982.6875
 13.657  0.706 14.389-41.298-28.451 63.362 13.986  0.000  0.000
   0.000  0.000  0.000  0.000  0.000  0.000  0.000  0.000   0.00
11 736 749 0 0 1 1 7981.6738 7982.6875
 13.658  0.999 14.029 -3.051  9.796 11.458  1.048  0.000  0.000
   0.000  0.000  0.000  0.000  0.000  0.000  0.000  0.000   0.00
11 836 730 0 0 1 1 7982.6875 7983.6646
 13.933 -0.038 -9.761 12.633 25.283  6.865  7.979  0.000  0.000
   0.000  0.000  0.000  0.000  0.000  0.000  0.000  0.000   0.00
11 836 730 0 0 1 1 7982.6875 7983.6646
 14.143 -0.528 10.691-44.598-31.742  9.614 10.544  0.000  0.000
   0.000  0.000  0.000  0.000  0.000  0.000  0.000  0.000   0.00
11 836 730 0 0 1 1 7982.6875 7983.6646
 13.824 -0.756 16.021-36.262-23.718  7.483  7.194  0.000  0.000
   0.000  0.000  0.000  0.000  0.000  0.000  0.000  0.000   0.00
11 836 730 0 0 1 1 7982.6875 7983.6646
 14.293 -0.690 15.104-28.451-15.449 13.986 31.988  0.000  0.000
   0.000  0.000  0.000  0.000  0.000  0.000  0.000  0.000   0.00
11 836 730 0 0 1 1 7982.6875 7983.6646
 13.968  0.261 15.042  9.796 22.482  1.048  1.398  0.000  0.000
   0.000  0.000  0.000  0.000  0.000  0.000  0.000  0.000   0.00
111336 739 5 4 9 6 7987.6812 7988.7241
 15.175  0.235-17.948 14.055 28.855 19.273 21.911 15.955 -1.141
  16.356  9.308-17.322-19.239 12.979  6.294 29.693 23.706  -3.15
111336 739 2 3 5 2 7987.6812 7988.7241
 13.872  0.603-17.649 -2.610 10.831 21.411  5.189 34.095 -0.614
  -2.295 -3.604-17.445-18.290 16.255  5.156 10.889  9.979 -19.67
111336 739 5 2 7 1 7987.6812 7988.7241
 15.672  0.747-12.475-15.762 -0.443 16.142  5.242 11.165 -6.097
 -12.697-18.823-11.884-13.064  8.066  8.076  0.000  0.000   0.00
111336 739 1 7 8 5 7987.6812 7988.7241
 16.741  1.413 -6.245-16.721 -0.287 22.417 12.734 -0.355  0.997
 -14.940-17.736 -6.256 -6.238  8.135 14.282  1.157 -2.053 -32.25
111336 739 1 1 2 1 7987.6812 7988.7241
 14.002 -0.020 10.599 22.813 36.390 26.201  7.798-13.249 -2.729
  22.863 20.160 10.610  9.985 25.722  0.478  0.000  0.000   0.00
111336 739 1 1 2 1 7987.6812 7988.7241
 13.725 -0.751 15.061 30.874 44.163  0.617  0.050-20.184 -0.541
  30.917 30.391 15.076 14.889  0.567  0.050  0.000  0.000   0.00
111336 739 2 2 4 3 7987.6812 7988.7241
 13.832 -0.163 13.331 38.148 51.548 14.532 12.545 58.776  0.242
  38.416 37.744 12.902 13.981  8.752  5.780 51.981 51.266   3.64
111436 637 2 4 6 5 7988.7241 7989.6650
 14.462  0.075-18.193 28.855 41.536 21.911 31.927 12.802 -3.639
  29.693 23.706-18.012-19.305 18.845  3.067 41.760 39.618   9.20
111436 637 1 1 2 5 7988.7241 7989.6650
 14.323  0.176-18.278 10.831 23.381  5.189 10.257 14.427  0.573
  10.889  9.979-18.264-18.486  4.862  0.327 23.587 22.570  34.42
111436 637 2 3 511 7988.7241 7989.6650
 11.948 -1.070 -7.718 -0.287 10.028 12.734 37.547-32.607  0.051
   1.157 -2.053 -8.633 -6.599  7.007  5.726 11.862  8.009  32.16
111436 637 0 0 1 1 7988.7241 7989.6650
 14.558  0.171-13.254 -0.443 12.328  5.242  2.051  0.000  0.000
   0.000  0.000  0.000  0.000  0.000  0.000  0.000  0.000   0.00
111436 637 1 1 2 1 7988.7241 7989.6650
 14.303  0.180-13.797 -5.635  6.897  0.609  8.754 88.701 -0.327
  -5.629 -5.637-13.551-13.877  0.150  0.459  0.000  0.000   0.00
111436 637 0 0 1 1 7988.7241 7989.6650
 14.140  0.087 10.578 36.390 48.768  7.798 26.430  0.000  0.000
   0.000  0.000  0.000  0.000  0.000  0.000  0.000  0.000   0.00
111436 637 0 0 1 1 7988.7241 7989.6650
 14.273 -0.494 14.278 44.163 56.666  0.050  9.749  0.000  0.000
   0.000  0.000  0.000  0.000  0.000  0.000  0.000  0.000   0.00
111536 8 1 1 4 5 3 7989.6650 7990.7236
 13.614 -0.972-18.263 41.536 54.902 31.927 42.542 22.000 -0.458
  41.760 39.618-18.178-18.999 28.597  3.330 55.008 53.658 -64.06
111536 8 1 1 4 5 4 7989.6650 7990.7236
 13.904 -0.555-18.443 23.381 37.054 10.257  3.099 48.852  0.696
  23.587 22.570-18.220-19.324  8.186  2.071 37.693 35.736 -18.32
111536 8 1 6 511 6 7989.6650 7990.7236
 14.718 -0.098 -6.712 10.028 24.562 37.547 16.152 -0.452  1.456
  11.862  8.009 -6.726 -6.696 19.679 17.868 26.274 20.961  -2.15
111536 8 1 0 0 1 1 7989.6650 7990.7236
 14.305 -0.055-13.415 12.328 26.425  2.051  6.600  0.000  0.000
   0.000  0.000  0.000  0.000  0.000  0.000  0.000  0.000   0.00
111536 8 1 0 0 1 1 7989.6650 7990.7236
 14.285 -0.554-13.966  6.897 20.972  8.754  6.276  0.000  0.000
   0.000  0.000  0.000  0.000  0.000  0.000  0.000  0.000   0.00
111836 8 1 3 3 6 3 7992.6650 7993.7432
 16.801  0.281-19.895-51.083-34.037 39.765 26.079  8.276 -2.571
 -48.647-53.857-19.562-20.275 21.175 18.591-33.344-35.706 -29.58
111936 6 9 2 1 3 4 7993.7432 7994.6875
 14.594 -0.089-20.198-34.037-21.184 26.079 21.029-21.305 -0.209
 -33.344-35.706-20.452-19.587 18.432  7.647-20.068-22.115  -6.36
111936 6 9 1 1 2 4 7993.7432 7994.6875
 13.479  0.368-22.503-42.299-30.499  9.348 10.711 72.215 -0.071
 -41.694-42.308-20.761-22.527  0.129  9.219-29.593-30.717 -17.71
112036 730 1 3 4 8 7994.6875 7995.6616
 12.768 -0.100-20.114-21.184 -9.703 21.029 25.132-27.667  2.530
 -20.068-22.115-20.663-19.656  9.566 11.462 -7.694-12.680  23.07
112036 730 3 1 4 4 7994.6875 7995.6616
 14.277 -0.168-22.850-30.499-17.549 10.711  4.320 54.501 -0.348
 -29.593-30.717-21.679-23.132  2.078  8.633-17.316-17.985  10.07
112536 739 2 1 3 2 7999.6807 8000.6646
 13.181 -0.392-20.904 44.356 56.358 31.185101.221  5.761  0.017
  44.600 43.713-20.881-20.965 22.598  8.587 56.669 56.269  58.06
112536 739 1 2 3 2 7999.6807 8000.6646
 12.285  1.758-21.695 35.797 46.917 10.969 22.168 21.338  1.158
  37.318 35.421-21.143-21.831  2.172  8.797 49.034 46.854  27.69
112536 739 5 2 7 5 7999.6807 8000.6646
 14.273 -0.143 18.593-48.718-35.641 44.205 62.249-48.979 -0.045
 -47.357-49.807 20.076 17.407 19.646 24.559-34.137-37.687  33.56
112636 8 3 6 3 913 8000.6646 8001.6650
 15.620  0.931 -9.599-36.562-21.916 29.750 35.670  4.832 -0.191
 -34.776-40.077 -9.450 -9.892 19.724 10.026-20.174-25.239   5.04
112636 8 3 3 2 521 8000.6646 8001.6650
 14.654 -0.419 18.452-35.641-21.962 62.249118.017-15.422  0.323
 -34.137-37.687 18.845 17.916 35.876 26.372-20.209-23.993  -4.01
112736 8 1 4 91315 8001.6650 8002.6787
 13.500  0.359-10.530-21.916 -9.235 35.670 46.258  9.870  1.517
 -20.174-25.239-10.232-11.099 23.401 12.269 -6.571-13.140   1.17
112736 8 1 6 1 714 8001.6650 8002.6787
 12.985  0.851-12.997-57.780-45.621 34.825108.467 -3.374  1.072
 -53.665-58.602-13.234-12.950  5.798 29.028-42.812-48.854   8.75
112736 8 114 72118 8001.6650 8002.6787
 13.860 -0.484 18.032-21.962 -8.915118.017 76.352-19.435  0.108
 -20.209-23.993 18.620 17.350 63.363 54.654 -6.857-10.832   4.35
112836 742 8 71513 8002.6787 8003.6680
 15.147 -0.415-10.894 -9.235  4.781 46.258 49.745 11.039 -0.526
  -6.571-13.140-10.383-11.642 27.499 18.759  7.373  1.336  -0.10
112836 742 8 61416 8002.6787 8003.6680
 15.033 -0.649-13.860-45.621-31.718108.467 69.602  5.377  3.315
 -42.812-48.854-13.603-14.155 58.035 50.432-25.912-35.361  -7.79
112836 742 1 1 2 4 8002.6787 8003.6680
 17.057 -0.396 15.011-20.183 -4.277  2.849  5.083-29.195  0.544
 -19.509-20.834 15.374 14.659  1.401  1.448 -4.052 -6.021  47.79
112836 74212 61812 8002.6787 8003.6680
 14.430 -0.935 17.541 -8.915  4.391 76.352 68.857-15.083  1.208
  -6.857-10.832 18.070 17.049 36.816 39.536  7.095  1.831  25.66
12 536 740 1 2 3 5 8009.6797 8010.6797
 16.085  1.928 19.307  2.196 17.298  5.643  8.622 55.463 -1.060
   3.090  1.133 16.158 18.841 29.097 11.681 18.168 15.997 -78.41
12 536 740 2 0 2 1 8009.6797 8010.6797
 14.206  0.753 16.291  9.253 22.476  8.013  3.268-54.931-25.587
  15.316  0.000 20.941  0.000  2.221  1.000  0.000  0.000   0.00
12 936 744 1 3 4 2 8013.6777 8014.6709
 15.010 -0.335-20.046-46.764-32.834  7.715  1.124 11.642 -1.102
 -46.300-48.218-19.956-20.327  5.852  1.863-32.432-32.971  34.89
12 936 744 2 5 7 4 8013.6777 8014.6709
 14.009  0.643 14.022-16.551 -3.616 23.710  6.902-17.422  0.471
 -15.593-18.387 14.313 13.463 15.577  8.132 -2.455 -5.878  16.10
12 936 744 1 2 3 4 8013.6777 8014.6709
 13.903 -0.206 21.993 26.692 39.522 12.988 19.913 65.812 -0.120
  27.585 26.499 20.149 22.391  2.308 10.680 40.277 38.986  -6.64
12 936 744 0 0 1 2 8013.6777 8014.6709
 13.286 -0.091-34.822 28.780 40.998  5.911  9.400  0.000  0.000
   0.000  0.000  0.000  0.000  0.000  0.000  0.000 40.572   0.00
121036 753 1 1 2 1 8014.6709 8015.6675
 13.332  0.644-34.732 40.998 53.304  9.400 15.471 -7.356 -0.461
  41.128 40.572-34.746-34.687  7.203  2.198  0.000  0.000   0.00
121036 753 1 1 2 6 8014.6709 8015.6675
 11.744 -0.484-19.713-32.834-22.109  1.124 10.952 46.534  3.214
 -32.432-32.971-19.314-19.849  0.286  0.837-20.788-24.971 -44.63
121036 753 3 1 4 5 8014.6709 8015.6675
 15.552 -0.627 14.660 -3.616 10.904  6.902 18.721 -1.320 -0.953
  -2.455 -5.878 14.686 14.610  4.562  2.340 12.360  9.935  -2.85
121036 753 2 2 4 3 8014.6709 8015.6675
 13.602 -1.177 21.788 39.522 52.098 19.913 12.412 59.171  0.220
  40.277 38.986 20.614 22.622  8.276 11.638 52.785 51.538   3.68
121136 759 2 4 6 2 8015.6675 8016.6631
 16.219  0.117-19.231-22.109 -6.935 10.952 11.089  1.907 -2.567
 -20.788-24.971-19.189-19.321  7.493  3.459 -6.589 -7.727 -41.09
121136 759 1 4 5 1 8015.6675 8016.6631
 16.322 -0.063 14.036 10.904 26.180 18.721  8.293 -4.169 -2.359
  12.360  9.935 14.139 13.967  7.482 11.239  0.000  0.000   0.00
122136 548 0 0 1 3 8025.7578 8026.6694
 13.770  0.527-21.610 21.891 33.553  6.345 29.217  0.000  0.000
   0.000  0.000  0.000  0.000  0.000  0.000  0.000 28.876   0.00
122136 548 1 2 3 5 8025.7578 8026.6694
 12.981  0.686-22.991  9.735 20.677  0.303  2.854 18.252  0.410
  11.410  9.404-22.482-23.091  0.050  0.253 21.561 20.330  43.11
122136 548 1 1 2 4 8025.7578 8026.6694
 11.860  0.604-24.077-42.950-33.030  8.009  9.303 24.559  0.936
 -41.816-43.525-23.604-24.316  2.696  5.313-31.477-33.889   9.62
122136 548 1 1 2 4 8025.7578 8026.6694
 13.721 -0.194 18.094-59.202-47.586  0.258 14.508-69.423  1.162
 -58.708-59.653 19.345 16.952  0.123  0.135-47.212-51.099  75.41
122136 548 1 5 6 8 8025.7578 8026.6694
 15.136  0.006 23.723-39.434-26.528 10.049 47.922  7.699  0.771
 -38.308-42.516 23.583 24.104  7.360  2.689-25.263-30.231   4.83
122136 548 1 1 2 5 8025.7578 8026.6694
 14.199 -1.143 17.001 14.137 26.190 11.653 12.401 75.399  0.978
  14.516 14.135 15.610 17.007  0.050 11.603 26.982 24.470 -79.40
122236 755 1 2 3 3 8026.6694 8027.6597
 12.750  1.423-22.090 33.553 45.207 29.217  7.804 31.820  0.044
  33.742 28.876-21.981-24.779 28.080  1.137 45.676 41.019   5.21
122236 755 3 2 5 2 8026.6694 8027.6597
 15.498 -1.467-23.616 20.677 35.054  2.854  7.293 61.365  0.812
  21.561 20.330-22.132-24.199  0.805  2.049 35.461 33.266 -11.31
122236 755 3 1 4 1 8026.6694 8027.6597
 16.700 -1.435-24.627-33.030-17.464  9.303  0.909 34.183 -2.651
 -31.477-33.889-23.668-25.158  3.314  5.989  0.000  0.000   0.00
122236 755 3 1 4 4 8026.6694 8027.6597
 12.718  0.033 17.917-47.586-35.963 14.508 15.643  5.991  0.048
 -47.212-51.099 17.879 18.268 13.113  1.395-33.975-37.894   2.15
122236 755 1 1 2 2 8026.6694 8027.6597
 14.298 -0.028 18.551-55.388-42.201 15.255 13.448-23.307 -0.093
 -51.549-55.934 20.119 18.328  1.900 13.355-38.589-43.084   7.28
122236 755 2 6 8 3 8026.6694 8027.6597
 16.053 -0.451 23.729-26.528-11.602 47.922 13.986 12.526 -3.394
 -25.263-30.231 23.471 24.482 35.721 12.201-10.965-11.793 -65.59
122236 755 1 1 2 5 8026.6694 8027.6597
 11.707  0.245 35.685-55.781-45.159  2.718 15.971 11.432 -0.234
 -52.584-56.786 35.160 35.850  0.650  2.068-41.562-45.539  -4.03
122236 755 4 1 5 4 8026.6694 8027.6597
 15.618 -1.628 15.958 26.190 40.684 12.401 12.793 -4.000  2.072
  26.982 24.470 16.012 15.843  8.488  3.913 41.721 37.184  15.94
122336 8 9 2 1 3 1 8027.6597 8028.6812
 13.737 -1.139-23.499 45.207 58.238  7.804  6.448 37.032 -5.350
  45.676 41.019-23.174-26.396  7.018  0.786  0.000  0.000   0.00
122336 8 9 1 1 2 2 8027.6597 8028.6812
 16.058  0.878-22.163 35.054 50.456  7.293 11.078 50.058 -0.584
  35.461 33.266-21.713-24.140  5.939  1.354 50.671 50.175  29.78
122336 8 9 0 0 1 2 8027.6597 8028.6812
 12.196 -2.438-25.551 38.999 50.456  0.050 11.078  0.000  0.000
   0.000  0.000  0.000  0.000  0.000  0.000  0.000 50.175   0.00
122336 8 9 1 1 2 2 8027.6597 8028.6812
 15.059  1.168-27.895-56.283-41.902 10.567  7.313-52.178 -0.194
 -56.030-56.695-28.183-27.425  6.548  4.019-41.777-42.477  15.29
122336 8 9 1 1 2 1 8027.6597 8028.6812
 13.520 -0.887 18.523-42.201-29.392 13.448  7.787-16.029 -4.434
 -38.589-43.084 19.507 18.283  2.643 10.805  0.000  0.000   0.00
122336 8 9 2 2 4 1 8027.6597 8028.6812
 12.603 -0.714 17.949-35.963-24.091 15.643  6.599  8.146 -3.767
 -33.975-37.894 17.678 18.212  7.708  7.935  0.000  0.000   0.00
122336 8 9 4 1 5 2 8027.6597 8028.6812
 13.166 -0.700 35.928-45.159-32.711 15.971  9.842  7.404 -2.784
 -41.562-45.539 35.550 35.968  1.528 14.443-32.213-32.721 -33.57
122336 8 9 7 411 9 8027.6597 8028.6812
 13.556  0.427 24.634-17.884 -5.038 24.343 24.416 44.293 -0.622
 -17.106-18.646 23.944 25.309 12.043 12.300 -4.677 -5.790 -85.21
122336 8 9 2 2 4 1 8027.6597 8028.6812
 16.149  0.899 14.346 40.684 56.179 12.793  0.195 11.939 -4.493
  41.721 37.184 14.134 15.063  9.869  2.924  0.000  0.000   0.00
122336 8 9 2 1 3 3 8027.6597 8028.6812
 14.457 -0.447 23.282-11.602  2.164 13.986 24.276-53.060 -0.133
 -10.965-11.793 24.060 23.049  3.222 10.763  2.458  1.310  32.32
122336 8 9 0 0 1 1 8027.6597 8028.6812
 14.614  0.599 14.653 42.252 56.179  2.456  0.195  0.000  0.000
   0.000  0.000  0.000  0.000  0.000  0.000  0.000  0.000   0.00
122436 739 1 1 2 2 8028.6812 8029.7056
 13.352 -0.348-29.087-41.902-29.229  7.313  8.979-36.889 -0.012
 -41.777-42.477-29.169-28.710  6.006  1.306-29.094-29.947  42.70
122436 739 2 2 4 1 8028.6812 8029.7056
 15.124 -1.047-14.478-41.921-27.434  8.124  6.289 20.640 -1.394
 -41.558-42.906-14.345-14.837  5.935  2.189  0.000  0.000   0.00
122436 739 1 2 3 2 8028.6812 8029.7056
 11.624  0.761 16.958-36.036-25.134  5.746  7.594  0.354  2.795
 -35.894-37.793 16.957 16.968  5.316  0.429-21.330-26.102   9.34
122436 739 0 0 1 1 8028.6812 8029.7056
 14.989  0.374 23.599-40.953-26.603  1.354  0.050  0.000  0.000
   0.000  0.000  0.000  0.000  0.000  0.000  0.000  0.000   0.00
122436 739 0 0 1 1 8028.6812 8029.7056
 14.430  0.316 17.617-29.392-15.615  7.787  6.720  0.000  0.000
   0.000  0.000  0.000  0.000  0.000  0.000  0.000  0.000   0.00
122436 739 0 0 1 1 8028.6812 8029.7056
 14.732 -0.098 17.467-19.004 -4.918  3.088  1.399  0.000  0.000
   0.000  0.000  0.000  0.000  0.000  0.000  0.000  0.000   0.00
122436 739 1 1 2 1 8028.6812 8029.7056
 13.819  0.180 35.213-32.711-19.560  9.842  1.019-26.165 -0.463
 -32.213-32.721 35.413 35.209  0.202  9.640  0.000  0.000   0.00
122436 739 5 4 910 8028.6812 8029.7056
 14.376 -1.786 25.070 -5.038  8.684 24.416  8.529-40.913  0.677
  -4.677 -5.790 25.353 24.479 16.503  7.913  9.804  7.837  66.91
122436 739 2 1 3 3 8028.6812 8029.7056
 15.559 -0.172 22.826  2.164 17.097 24.276 35.615-20.736 -0.467
   2.458  1.310 22.928 22.527 18.067  6.209 17.186 16.484  33.71
