 1 4732145 6 5112521189.906321190.7852
 14.293  0.226 12.751-21.343 -9.638 50.081 43.803  5.674  0.110
 -18.193-25.075 12.446 13.113 27.159 22.922 -6.119-13.091   1.88
 1 4732145 1 1 21421189.906321190.7852
 12.725 -0.555  7.634  8.570 18.897 18.097 31.885 -2.179  7.550
   8.880  8.002  7.646  7.613 11.704  6.394 20.608 12.479 -14.49
 1 57318511114252421190.785221191.7383
 15.710 -0.597 12.950 -9.638  4.387 43.803 29.401  7.553  0.998
  -6.119-13.091 12.495 13.396 21.696 22.107  7.174 -0.723   3.23
 1 5731851 5 914 621190.785221191.7383
 16.002  0.619  7.146 18.897 33.199 31.885 25.398-16.674 -6.862
  20.608 12.479  7.655  5.239 25.172  6.713 34.024 32.481  27.92
 110731910 0 0 1 121195.798821196.7676
 15.297  1.660-19.275  2.957 16.817  0.064  0.385  0.000  0.000
   0.000  0.000  0.000  0.000  0.000  0.000  0.000  0.000   0.00
 1127317 0 1 3 4 421197.709021198.7246
 14.986  0.339-15.127-14.258 -0.037  0.446  0.864 10.814 -1.082
 -13.537-15.680-14.994-15.389  0.296  0.150  0.126 -0.698 -49.90
 114732226 1 2 3 421199.935521201.6836
 14.021 -0.192 10.940-47.340-24.534 17.119 16.868 72.989  0.504
 -47.005-47.369  9.867 11.035  1.394 15.725-23.659-24.954 -30.54
 119731756 1 1 2 221204.748021205.7910
 13.840 -0.939 10.041-56.451-43.036  3.096  6.255 -1.432  0.882
 -56.403-59.374 10.043  9.969  3.046  0.050-41.321-45.177   0.61
 119731756 1 1 2 421204.748021205.7910
 14.044  0.399 10.778 15.139 28.768 16.466  5.906 29.849  0.512
  15.303 14.599 10.685 11.082 12.635  3.830 29.248 28.242  11.26
 119731756 3 2 51221204.748021205.7910
 15.834 -0.297-13.051 23.914 39.409  7.688 11.192-26.966 -0.217
  25.800 22.234-13.985-12.218  3.621  4.066 41.486 38.070   1.80
 120731858 1 1 2 121205.791021206.7012
 16.968  0.575  9.062-43.036-28.457  6.255  6.469 -0.817 -3.808
 -41.321-45.177  9.086  9.032  3.472  2.783  0.000  0.000   0.00
 120731858 2 2 4 421205.791021206.7012
 14.109  0.541 11.194 28.768 40.740  5.906 15.625 41.109 -0.392
  29.248 28.242 10.783 11.644  3.087  2.819 41.221 40.287 -36.48
 121731651 1 1 2 221206.701221207.8262
 13.421  2.605-13.706-13.307  0.683  0.907  1.073 46.724  0.363
 -13.180-15.480-13.575-15.948  0.857  0.050  2.931  0.648   6.14
 121731651 0 0 1 121206.701221207.8262
 12.701 -1.732  9.586-28.457-15.278  6.469  3.666  0.000  0.000
   0.000  0.000  0.000  0.000  0.000  0.000  0.000  0.000   0.00
 121731651 1 2 3 121206.701221207.8262
 14.332 -2.910 10.464-36.234-21.221 13.875  3.912 -1.116 -3.910
 -35.525-39.500 10.477 10.401 11.400  2.476  0.000  0.000   0.00
 122731950 0 0 1 521207.826221208.8965
 16.882  2.719  7.192-21.221 -4.213  3.912  3.635  0.000  0.000
   0.000  0.000  0.000  0.000  0.000  0.000  0.000 -8.428   0.00
 123732130 1 4 5 221208.896521209.8086
 11.939  0.262 10.100 -4.213  5.789  3.635  2.608 11.825 -3.600
  -2.628 -8.428  9.773 10.969  2.642  0.993  5.830  3.795 -38.14
 124731923 1 1 2 521209.808621210.7324
 12.995  1.359 10.339  5.789 16.887  2.608  6.147-26.315 -0.990
   5.830  3.795 10.359  9.369  2.555  0.053 17.577 16.307  25.92
 215732152 1 3 4 121231.912121232.8867
 13.582  0.202-17.029  5.337 17.634 14.382 16.861 68.549 -0.476
   5.474  5.292-16.697-17.139  3.587 10.795  0.000  0.000   0.00
 215732152 0 0 1 121231.912121232.8867
 13.440  0.091-15.984 -0.291 11.867  0.334 15.511  0.000  0.000
   0.000  0.000  0.000  0.000  0.000  0.000  0.000  0.000   0.00
 216732118 0 0 1 521232.886721233.6855
 12.385 -0.257-17.226 17.634 26.742 16.861 21.176  0.000  0.000
   0.000  0.000  0.000  0.000  0.000  0.000  0.000 22.729   0.00
 217731628 2 3 5 321233.685521234.7402
 16.214  0.897-17.021 26.742 42.790 21.176  4.714-10.900 -2.287
  28.492 22.729-17.343-16.282 14.746  6.430 42.872 40.701  62.51
 217731628 1 2 3 421233.685521234.7402
 14.291 -0.377-16.524-18.101 -4.078  1.644  1.145 57.276  0.138
 -17.939-18.739-16.282-17.477  1.311  0.333 -3.615 -5.050 -29.42
 218731745 2 2 4 621234.740221235.9043
 11.912  1.464-16.127 -4.078  8.652  1.145 11.395 27.853  1.338
  -3.615 -5.050-15.892-16.620  0.775  0.370 10.770  7.795 -39.89
 3 1731745 3 6 9 421245.740221246.7773
 14.057 -0.223  7.025 22.040 35.606 56.765 42.696-39.606 -0.189
  22.127 21.371  7.097  6.476 50.190  6.575 35.670 35.023   4.62
 3 2731838 1 3 4 321246.777321247.6738
 13.871 -0.275  6.794 35.606 47.169 42.696 45.379-34.982  1.558
  35.670 35.023  6.839  6.389 38.420  4.277 47.352 45.917 -17.53
 314731635 6 6121521258.691421259.7266
 16.923  0.473 -7.452 27.671 44.164 19.902 22.164 -8.970 -0.125
  32.394 26.619 -8.191 -7.287  3.627 16.275 46.695 41.212  -7.83
 315731725 0 0 1 121259.726621260.8750
 13.951  0.007-15.007 40.084 54.987 18.107 24.639  0.000  0.000
   0.000  0.000  0.000  0.000  0.000  0.000  0.000  0.000   0.00
 315731725 0 0 1 221259.726621260.8750
 13.172  0.244-11.211 28.658 42.667  9.482  5.204  0.000  0.000
   0.000  0.000  0.000  0.000  0.000  0.000  0.000 42.655   0.00
 315731725 411151021259.726621260.8750
 12.073 -0.034 -7.941 44.164 56.910 22.164 22.124-16.799  0.798
  46.695 41.212 -8.698 -7.059 11.931 10.233 61.162 55.048  -3.81
 3167321 0 0 0 11021260.875021262.6602
 13.366 -0.081 15.516-57.405-35.307  9.493 35.293  0.000  0.000
   0.000  0.000  0.000  0.000  0.000  0.000  0.000-37.046   0.00
 3217315 2 3 4 7 621265.627021266.6602
 14.710 -0.072 14.047  4.826 19.019 19.655 16.623 -5.372 -0.321
   5.650  2.993 14.122 13.880 13.554  6.101 19.419 17.119  -4.94
 327731822 3 0 3 521271.765621272.9375
 16.155 -2.092  7.094  6.753 24.536 35.601 40.382-28.442-28.466
  27.171  0.000 14.604  0.000  0.150  1.000 24.671 22.548  12.77
 3297317 011 9202421273.709021274.6602
 14.863 -2.308 -7.865-33.910-20.706 24.559 40.963  6.331 -1.162
 -30.895-38.466 -7.534 -8.366 14.779  9.780-17.899-24.302  -2.89
 3297317 0 1 1 21021273.709021274.6602
 13.591 -1.726  8.406 32.592 44.585 38.496 32.178-24.762  4.392
  32.825 30.487  8.512  7.445 34.670  3.827 46.483 39.638  36.33
 3307315511014242321274.660221275.7441
 14.415 -0.028 -5.669-20.706 -6.157 40.963 61.800  3.442  0.730
 -17.899-24.302 -5.501 -5.885 23.003 17.960 -2.965-10.099  -6.91
 330731551 2 3 5 921274.660221275.7441
 13.965  1.699 11.538-59.768-45.707 11.734 21.337-34.875 -0.147
 -58.894-59.828 12.135 11.497  0.752 10.982-45.352-46.266  11.42
 3317317511013232721275.744121276.6875
 12.837 -0.158 -5.639 -6.157  5.036 61.800 37.012 -3.466 -0.327
  -2.965-10.099 -5.831 -5.401 34.148 27.652  8.634  1.853  -2.50
 331731751 2 7 91121275.744121276.6875
 13.282 -1.629 13.378-45.707-34.093 21.337 33.837-23.455  0.604
 -45.352-46.266 13.528 13.142 13.063  8.274-33.399-34.833  -3.31
 4 1731630 3 5 8 121276.687521277.7871
 14.001 -0.344-13.800-46.818-32.518  5.330  5.944-22.172 -2.511
 -44.805-47.200-14.596-13.648  0.851  4.479  0.000  0.000   0.00
 4 1731630 8 311 521276.687521277.7871
 15.451 -0.280 11.840-34.093-18.200 33.837 19.766-26.764  0.027
 -33.399-34.833 12.183 11.475 17.467 16.370-17.889-19.511  20.28
 4 17316301512271621276.687521277.7871
 15.851  0.441 -5.490  5.036 21.368 37.012 75.182 -5.966  0.161
   8.634  1.853 -5.864 -5.159 17.375 19.637 24.453 17.527  -1.51
 4 2731852 2 3 5 421277.787121278.9336
 14.153 -0.554 11.533-18.200 -3.104 19.766 15.319 -6.481 -0.326
 -17.889-19.511 11.568 11.387 15.968  3.798 -2.926 -4.216   0.59
 4 2731852 8 8161721277.787121278.9336
 14.492 -0.385 -5.975 21.368 36.854 75.182 48.345 -7.473 -0.397
  24.453 17.527 -6.377 -5.473 41.700 33.482 38.810 32.269   1.06
 4 3732223 3 3 6 621278.933621279.7617
 13.814 -0.642-13.519-51.322-40.685  8.212 10.461  2.608 -0.264
 -51.080-51.856-13.509-13.543  5.654  2.558-40.533-41.031   5.82
 4 3732223 1 3 41021278.933621279.7617
 13.440  0.340 10.898 -3.104  7.223 15.319  7.698 -5.893  0.144
  -2.926 -4.216 10.916 10.785 13.205  2.114  7.860  6.418   1.92
 4 4731818 0 0 1 121279.761721280.7129
 14.622  0.195-14.309-51.939-38.975  2.943  6.454  0.000  0.000
   0.000  0.000  0.000  0.000  0.000  0.000  0.000  0.000   0.00
 4 4731818 2 810 721279.761721280.7129
 14.392  0.376 11.180  7.223 19.969  7.698 18.045 -3.973  0.266
   7.860  6.418 11.224 11.125  4.298  3.400 20.643 19.317  43.54
 4 4731818 4 610 421279.761721280.7129
 15.755  1.983 -5.086 45.511 59.552 14.492 11.412 17.565  1.067
  48.450 42.433 -4.160 -6.057  7.413  7.079 62.761 55.399 -11.07
 4 57317 7 0 0 1 121280.712921281.9512
 14.094  0.161-14.495-38.975-22.753  6.454  4.924  0.000  0.000
   0.000  0.000  0.000  0.000  0.000  0.000  0.000  0.000   0.00
 4 57317 7 3 5 81421280.712921281.9512
 14.383  0.793-10.250-24.602 -8.022 10.996 18.751 38.902  1.920
 -22.244-27.142 -8.378-12.267  5.701  5.295 -4.539-11.292  -3.63
 4 57317 7 3 4 7 521280.712921281.9512
 14.791 -0.861 11.538 19.969 37.053 18.045 11.675 39.568 -0.090
  20.643 19.317 10.992 12.065  8.873  9.172 37.166 35.920   0.26
 4 6732249 7 7141321281.951221282.7285
 16.090 -1.631-11.232 -8.022  3.715 18.751 33.962 35.273 -0.493
  -4.539-11.292 -8.815-13.500  9.078  9.673  6.195 -0.403  -3.79
 4 6732249 4 4 81821281.951221282.7285
 13.949  0.018 -8.981-40.937-30.863 52.788 72.464-42.709  0.441
 -39.561-42.398-10.234 -7.648 27.201 25.587-28.541-32.709  28.09
 4 6732249 1 4 5 421281.951221282.7285
 13.939  0.619 10.473 37.053 47.118 11.675  5.353 39.832 -0.489
  37.166 35.920 10.380 11.401 10.617  1.059 47.368 46.451  -4.47
 4107317331418322021285.730521286.6816
 14.934 -0.407 -8.685 10.688 23.948 42.863 39.311-10.765  0.638
  12.542  9.182 -9.033 -8.402 19.205 23.658 25.924 21.941  -0.56
 411731622 812202021286.681621287.6777
 14.200 -0.121 -8.298 23.948 37.107 39.311 26.948-11.324  0.033
  25.924 21.941 -8.690 -7.900 19.818 19.494 39.354 35.261   9.63
 41273161511 9201221287.677721288.7461
 14.650  0.378 -8.178 37.107 51.701 26.948 35.121 -1.693  1.388
  39.354 35.261 -8.243 -8.124 12.155 14.792 54.815 49.344  -4.32
 413731753 1 1 2 121288.746121289.7090
 15.380 -0.604 -0.716-33.928-20.064  0.309  2.887 14.172 -1.492
 -33.694-35.140 -0.657 -1.022  0.259  0.050  0.000  0.000   0.00
 4147317 0 0 0 1 321289.709021290.6465
 14.426 -0.078 -0.134-20.064 -7.473  2.887  1.899  0.000  0.000
   0.000  0.000  0.000  0.000  0.000  0.000  0.000 -9.274   0.00
 418731722 6 2 81121293.724621294.6973
 14.839  0.544-15.269-25.231-11.764 20.927 15.799  2.052 -0.107
 -22.936-27.680-15.190-15.354 10.801 10.126 -9.959-14.607  -2.40
 418731722 1 7 81021293.724621294.6973
 15.413  1.007 10.538-58.786-44.759 29.864 29.294-18.571 -0.535
 -55.613-61.017 11.586  9.800 12.332 17.533-41.961-47.109  12.88
 419731643 6 511 821294.697321295.6719
 15.081  0.253-15.798-11.764  1.988 15.799 17.120 -0.352  2.240
  -9.959-14.607-15.809-15.781  9.664  6.134  4.966 -1.866  12.31
 419731643 3 710 921294.697321295.6719
 11.940 -0.626 11.516-44.759-34.072 29.294 55.955 -5.688 -0.057
 -41.961-47.109 11.790 11.287 13.371 15.923-30.644-35.720  -0.36
 4207316 7 6 2 8 921295.671921296.7070
 13.096 -0.070-16.045  1.988 14.510 17.120 17.052 11.962 -2.270
   4.966 -1.866-15.438-16.829  9.658  7.463 16.346 11.847   1.26
 4207316 7 3 6 92421295.671921296.7070
 12.621 -0.218 10.906-34.072-22.041 55.955 40.560 -6.046 -0.953
 -30.644-35.720 11.262 10.734 18.171 37.784-19.372-23.228 -15.03
 421731657 4 5 9 921296.707021297.6895
 15.909  0.088-15.973 14.510 29.195 17.052  8.924 13.225 -0.271
  16.346 11.847-15.558-16.574 10.093  6.959 30.600 26.404   1.66
 4217316571212242721296.707021297.6895
 15.110  0.185 10.681-22.041 -8.143 40.560 42.025-21.072  0.024
 -19.372-23.228 11.691 10.231 12.484 28.076 -5.818 -9.892   9.50
 4227316341116272621297.689521298.6680
 14.472  0.262 10.862 -8.143  5.044 42.025 39.358-11.573 -0.532
  -5.818 -9.892 11.330 10.511 18.041 23.984  7.236  3.680   0.74
 4237316 210 414 921298.668021299.9180
 15.196 -0.296 -4.844-54.284-36.511 35.969 48.636-33.180 -0.959
 -53.193-56.984 -5.555 -3.085 25.619 10.350-34.038-37.591  37.83
 4237316 21214261021298.668021299.9180
 14.575 -1.504 11.119  5.044 22.039 39.358 23.546-10.838 -0.775
   7.236  3.680 11.531 10.863 15.092 24.266 22.973 20.541 -19.34
 4247322 3 6 3 91121299.918021300.8926
 15.003  1.946 -4.473-36.511-22.865 48.636 32.555  4.654  0.178
 -34.038-37.591 -4.273 -4.561 14.781 33.855-20.410-24.045 -19.17
 4247322 3 5 5101921299.918021300.8926
 13.679  2.129  9.237 22.039 34.397 23.546 26.595-30.174  1.311
  22.973 20.541  9.773  8.377 14.506  9.040 35.905 31.862  15.99
 425732125 6 5111021300.892621301.9648
 14.193 -1.338 -6.368-22.865 -8.695 32.555 43.473-14.515  1.761
 -20.410-24.045 -7.000 -6.065 10.571 21.984 -6.816-11.751 -11.96
 42573212510 919 721300.892621301.9648
 12.585 -2.114 11.310 34.397 46.841 26.595 67.399-14.180 -1.343
  35.905 31.862 11.683 10.681 16.679  9.916 47.614 45.446  52.95
 426732310 5 5102221301.964821302.8828
 13.790  2.971 -4.933 -8.695  3.051 43.473 31.071-26.471 -0.056
  -6.816-11.751 -5.865 -3.417 26.922 16.551  5.565  0.696  53.90
 426732310 5 2 71021301.964821302.8828
 14.200 -1.166  9.042 46.841 58.963 67.399 90.039 38.771 -1.284
  47.614 45.446  8.429 10.148 43.369 24.030 59.307 58.116 -74.94
 5 17322 6 5 4 91921306.919921307.7051
 12.234 -0.363-13.290-56.494-47.683 32.454 63.147 -2.838  1.854
 -54.600-60.325-13.381-13.105 21.716 10.738-45.143-52.718  -3.96
 5 273165311 8192721307.705121308.6641
 14.989 -0.093-13.006-47.683-34.254 63.147 57.902 -6.801 -1.560
 -45.143-52.718-13.301-12.421 41.974 21.173-31.709-37.561  -6.96
 5 3731555 1 1 2 221308.664121309.7305
 15.745 -0.116-13.429  6.239 21.982  0.978  5.648-31.679  1.430
   6.305  5.017-13.468-12.695  0.928  0.050 22.358 19.398  24.92
 5 37315551611273021308.664121309.7305
 16.015  0.313-12.917-34.254-18.223 57.902 86.515-13.762  2.256
 -31.709-37.561-13.524-12.127 32.722 25.180-14.358-22.445  -0.68
 5 3731555 0 0 1 121308.664121309.7305
 15.470 -0.308-10.668-50.940-35.491  0.292  0.050  0.000  0.000
   0.000  0.000  0.000  0.000  0.000  0.000  0.000  0.000   0.00
 5 47317301218306021309.730521310.7246
 13.348  0.017-13.251-18.223 -5.921 86.515 61.345-14.441  1.579
 -14.358-22.445-14.220-12.193 45.168 41.346 -0.575-10.225  -0.22
 5 4731730 0 0 1 121309.730521310.7246
 13.307  0.408-12.502-58.972-46.711  0.479  0.664  0.000  0.000
   0.000  0.000  0.000  0.000  0.000  0.000  0.000  0.000   0.00
 5 57317232733603621310.724621311.6953
 14.748  0.254-13.268 -5.921  7.421 61.345 56.212-14.657  1.841
  -0.575-10.225-14.629-12.172 27.360 33.986 13.865  2.302   1.45
 5 6731640 1 1 2 221311.695321312.7559
 14.528 -0.498 13.500 -0.997 13.373  6.882  2.042 27.319 -0.159
  -0.929 -3.598 13.466 14.807  6.707  0.175 13.495 11.179   7.89
 5 77318 71111221521312.755921313.7773
 15.117 -0.198-14.422 25.674 40.119 48.277 32.762-22.210 -0.996
  28.527 18.670-15.550-11.652 34.301 13.976 42.438 33.516   0.39
 5 8731840 51015 521313.777321314.7520
 16.378  0.685-14.219 40.119 55.104 32.762  6.721-21.815 -8.287
  42.438 33.516-15.119-11.658 24.245  8.517 55.709 54.665  33.21
 5157317 7 2 5 7 521320.714821321.6895
 13.669  0.100 -9.806-13.108 -0.732  6.553  6.711-20.977  0.318
 -11.943-16.108-10.246 -8.673  4.721  1.832  1.125 -3.422   2.85
 5157317 7 1 1 2 121320.714821321.6895
 14.139 -0.039 11.750-57.727-44.893  7.024  6.050 68.332 -0.553
 -57.707-57.916 11.701 12.214  6.354  0.670  0.000  0.000   0.00
 516731633 3 2 5 221321.689521322.7090
 16.149  0.466 -9.904 -0.732 14.738  6.711  6.327-18.125 -4.060
   1.125 -3.422-10.503 -9.037  3.970  2.741 14.804 14.648  94.58
 516731633 3 6 9 921321.689521322.7090
 13.677 -0.054  9.422-50.623-37.675 36.041 27.816 16.455  0.055
 -48.659-51.091  8.850  9.559  6.941 29.100-36.582-39.173 -16.91
 516731633 0 0 1 221321.689521322.7090
 14.016 -0.129 11.712-44.893-31.600  6.050  8.002  0.000  0.000
   0.000  0.000  0.000  0.000  0.000  0.000  0.000-35.324   0.00
 516731633 3 2 5 921321.689521322.7090
 16.324 -0.231  9.602-53.323-37.675  4.891 27.816-74.459 -0.121
 -52.917-53.645 11.043  8.463  2.160  2.731-36.582-39.173  74.00
 5177317 2 2 7 9 721322.709021323.7383
 14.771  0.566  9.366-37.675-23.487 27.816 39.003 -0.456 -0.269
 -36.582-39.173  9.375  9.355 16.078 11.738-22.845-25.154   6.94
 518731744 3 4 71621323.738321324.7207
 15.036 -0.205  9.949-23.487 -9.699 39.003 40.391  6.486  3.080
 -22.845-25.154  9.877 10.136 28.154 10.849 -5.291-10.307 -29.44
 519731717 8 8161421324.720721325.6797
 14.055  0.459  9.748 -9.699  2.845 40.391 35.313-22.949 -2.740
  -5.291-10.307 11.588  9.495  4.897 35.493  5.030  2.521   2.91
 520731619 1 2 3 221325.679721326.9414
 13.060 -0.165  1.599-59.886-44.640  3.513  6.637 -6.451  0.850
 -59.707-62.455  1.620  1.309  3.284  0.229-42.173-45.787   4.72
 520731619 6 814 221325.679721326.9414
 14.467 -0.277 10.189  2.845 19.867 35.313 18.555-20.042 -0.673
   5.030  2.521 10.973 10.072  4.565 30.748 19.877 19.801 107.84
 521732237 1 1 2 221326.941421327.9785
 14.842  0.495  9.838 19.867 34.216 18.555 14.779 87.797 -0.380
  19.877 19.801  9.585 11.539 16.150  2.406 34.241 34.203-176.44
 521732237 1 1 2 121326.941421327.9785
 16.622 -0.004  1.391-44.640-28.448  6.637  0.811 -1.733 -3.614
 -42.173-45.787  1.465  1.356  2.106  4.531  0.000  0.000   0.00
 522732328 1 1 2 321327.978521328.8945
 13.872  0.871 -4.905-30.572-18.749 22.207 14.221 -7.310  0.551
 -28.317-32.158 -5.193 -4.702  9.171 13.037-15.012-19.397  -0.95
 522732328 0 0 1 221327.978521328.8945
 14.076 -0.668  1.387-28.448-16.438  0.811  3.039  0.000  0.000
   0.000  0.000  0.000  0.000  0.000  0.000  0.000-16.795   0.00
 522732328 1 1 2 421327.978521328.8945
 13.652  1.155 10.350 34.216 45.837 14.779 11.281-88.642 -0.496
  34.241 34.203 11.378  9.803  5.136  9.643 46.083 45.820  12.45
 526732325 1 3 4 721331.976621332.9121
 14.150 -0.785 -1.650 39.019 51.353 28.031 16.950 -4.920 -2.145
  39.406 35.098 -1.684 -1.313 25.516  2.515 51.880 49.793 -11.59
 6107318 8 1 1 2 121346.755921347.6836
 14.020  0.200-15.470-17.228 -5.150  2.880  1.831 36.979 -0.622
 -17.193-17.708-15.444-15.818  2.685  0.195  0.000  0.000   0.00
 6107318 8 2 3 5 721346.755921347.6836
 14.460 -0.409 15.485-17.080 -4.595  9.041  7.480 18.248 -1.340
 -16.473-19.091 15.292 16.123  6.944  2.098 -4.290 -5.483 -47.23
 6107318 8 4 2 61021346.755921347.6836
 15.478  1.165 11.593 36.505 49.935  2.189 14.313  0.481  0.015
  40.049 35.832 11.564 11.598  0.349  1.840 52.101 47.868   4.52
 611731622 0 0 1 221347.683621348.7891
 14.220 -0.058-15.655 -5.150  9.486  1.831  4.401  0.000  0.000
   0.000  0.000  0.000  0.000  0.000  0.000  0.000  5.628   0.00
 611731622 3 4 7 521347.683621348.7891
 14.707  0.507 15.105 -4.595 10.579  7.480  7.308-28.980 -0.498
  -4.290 -5.483 15.268 14.630  5.567  1.912 10.960 10.322 -12.34
 617731833 3 2 5 821353.773421354.7031
 15.514  0.447 11.122 14.139 27.653  8.142  6.588 11.835  1.559
  14.722 13.473 11.002 11.259  4.343  3.800 28.840 26.439 -44.99
 618731652 3 5 8 821354.703121355.7637
 14.461  0.153 -7.496-56.322-42.009 40.406 50.369 13.056  0.331
 -54.328-59.513 -7.037 -8.230 24.862 15.544-40.152-45.811 -12.32
 618731652 2 6 8 621354.703121355.7637
 16.615 -0.441 11.537 27.653 44.254  6.588  6.609-33.156 -1.794
  28.840 26.439 12.297 10.760  3.331  3.257 45.073 44.038  36.17
 619731821 1 7 81521355.763721356.7109
 14.834 -0.182 -7.658-42.009-28.896 50.369 39.215  0.731 -0.428
 -40.152-45.811 -7.635 -7.706 33.845 16.524-27.649-32.869  -3.58
 619731821 4 5 9 721355.763721356.7109
 14.476 -0.204 -3.178-56.311-43.537 32.939 36.114 -9.611  1.015
 -54.725-59.892 -3.446 -2.572 22.828 10.111-41.419-47.611   1.39
 6207317 4 213151721356.710921357.6934
 13.778  0.598 -7.486-28.896-16.320 39.215 24.203 -2.851 -1.268
 -27.649-32.869 -7.548 -7.290 29.850  9.365-14.655-18.596  -1.50
 6207317 4 2 5 7 521356.710921357.6934
 15.626  1.047 -2.984-43.537-29.146 36.114 29.033 -8.224 -0.137
 -41.419-47.611 -3.290 -2.396 23.763 12.352-28.326-34.355  -1.96
 621731638 8 9171721357.693421358.6914
 13.574 -1.118 -8.074-16.320 -3.761 24.203 19.871 -4.355 -1.951
 -14.655-18.596 -8.199 -7.902 13.980 10.223 -2.855 -4.537 -27.37
 621731638 3 2 5 621357.693421358.6914
 12.829 -2.466 -4.013-29.146-17.330 29.033 23.991-10.186 -0.582
 -28.326-34.355 -4.160 -3.080 25.082  3.951-15.572-20.871  -6.45
 622731635 413171821358.691421359.6230
 15.132  0.598 -6.959 -3.761  9.438 19.871 15.451-31.726 -0.111
  -2.855 -4.537 -7.515 -6.483  9.160 10.710 10.040  8.349   6.62
 622731635 4 2 61121358.691421359.6230
 15.281  1.978 -1.554-17.330 -3.993 23.991 11.517-16.638 -0.621
 -15.572-20.871 -2.080 -0.497 16.028  7.962 -2.792 -7.675   9.91
 623731458 810182221359.623021360.6016
 14.658  0.735 -7.517  9.438 22.801 15.451 14.793-25.109 -0.618
  10.040  8.349 -7.797 -7.011  9.947  5.504 23.428 22.181  25.04
 623731458 7 4111021359.623021360.6016
 14.653  0.025 -3.399 -3.993  9.367 11.517  8.598 -6.728 -3.222
  -2.792 -7.675 -3.540 -2.965  8.686  2.831 10.040  8.355   2.44
 623731458 0 0 1 321359.623021360.6016
 15.314  0.624-12.113-14.918 -0.913  4.583  5.371  0.000  0.000
   0.000  0.000  0.000  0.000  0.000  0.000  0.000 -1.333   0.00
 624731425 418221221360.601621361.7285
 14.273  1.103 -8.235 22.801 37.793 14.793 15.061 -0.069 -0.094
  23.428 22.181 -8.236 -8.234  7.363  7.430 38.418 37.266  -4.19
 624731425 3 710 521360.601621361.7285
 14.565  0.532 -3.423  9.367 24.688  8.598 13.107 -4.291 -0.463
  10.040  8.355 -3.474 -3.347  5.165  3.432 25.136 23.916  -1.59
 624731425 1 2 3 621360.601621361.7285
 14.517  0.573-12.723 -0.913 14.354  5.371  5.523-17.410  0.785
  -0.835 -1.333-12.747-12.595  4.528  0.842 14.691 13.740 -27.01
 625731729 3 2 5 321361.728521362.7148
 14.383  0.778 -4.023 24.688 37.905 13.107 12.903 -5.884 -0.198
  25.136 23.916 -4.069 -3.943  8.297  4.810 38.136 37.248 -24.47
 625731729 21012 821361.728521362.7148
 14.032  0.808 -9.479 37.793 50.663 15.061  9.413 -4.259  1.380
  38.418 37.266 -9.525 -9.440  6.884  8.177 51.563 49.010  -0.27
 625731729 2 4 6 821361.728521362.7148
 15.185  0.469-13.369 14.354 28.362  5.523 11.559-44.423 -0.643
  14.691 13.740-13.690-12.784  3.570  1.953 28.442 28.026  96.19
 6267317 8 1 2 3 221362.714821363.8867
 14.229  0.280 -4.790 37.905 53.446 12.903  4.050-30.354 -0.061
  38.136 37.248 -4.925 -4.407  9.557  3.346 53.535 53.249 -42.48
 6267317 8 5 3 8 421362.714821363.8867
 13.697  1.100-13.832 28.362 43.278 11.559  5.042 51.768  2.006
  28.442 28.026-13.735-14.246  9.355  2.204 44.714 42.051 -66.46
 6307317 2 1 2 3 621366.709021367.7148
 13.879 -0.136 12.656-50.677-37.715 61.806 52.211-24.896 -0.298
 -50.642-52.852 12.671 11.671 60.837  0.969-37.400-39.018 -15.65
 7 17317 8 2 4 6 321367.714821368.7188
 14.716 -0.002 12.519-37.715-23.911 52.211 94.139-40.550 -0.096
 -37.400-39.018 12.782 11.431 42.062 10.150-23.911-24.150 -42.69
 7 2731715 4 2 61421368.718821369.6953
 14.231  0.276 -5.453-21.248 -8.318  7.018 12.402 -2.402  1.446
 -19.833-23.286 -5.512 -5.368  4.142  2.876 -5.523-10.434   2.70
 7 2731715 2 1 31421368.718821369.6953
 13.589 -0.173 12.517-23.911-11.608 94.139 41.902-83.241  0.744
 -23.911-24.150 12.520 10.550 94.020  0.120-11.005-13.575 106.25
 7 3731641 7 7141521369.695321370.6973
 13.315  0.354 -5.722 -8.318  4.035 12.402 12.510  0.296 -1.904
  -5.523-10.434 -5.707 -5.733  5.343  7.059  5.464  2.470  -3.82
 7 3731641 11314 921369.695321370.6973
 15.077 -0.151 12.348-11.608  2.510 41.902 36.483 23.005  0.037
 -11.005-13.575 12.098 13.164 32.076  9.826  2.702 -0.124 -20.94
 7 4731643 6 9151221370.697321371.7324
 14.410 -0.073 -6.077  4.035 17.942 12.510 15.699 -3.524  0.178
   5.464  2.470 -6.164 -5.981  6.539  5.971 18.725 15.550   1.32
 7 4731643 1 8 9 521370.697321371.7324
 13.281  0.331 12.197  2.510 15.248 36.483 75.194  2.067  2.256
   2.702 -0.124 12.190 12.290 33.998  2.485 16.177 11.061   3.77
 7 5731734 8 4121021371.732421372.7227
 13.367 -0.273 -6.001 17.942 30.227 15.699 17.014 -2.207 -0.912
  18.725 15.550 -6.031 -5.910 11.824  3.875 31.543 29.284   2.09
 7 5731734 3 5 8 521371.732421372.7227
 13.302 -0.763  2.039 -6.305  5.915  9.341 15.415-31.553  0.611
  -5.930 -8.489  2.270  0.699  7.969  1.372  7.646  4.591  -0.74
 7 5731734 1 4 5 921371.732421372.7227
 14.448  0.262 12.540 15.248 28.604 75.194 47.540  5.840 -0.449
  16.177 11.061 12.447 12.958 61.531 13.663 29.176 24.490  -4.00
 7 6731722 7 310 421372.722721373.6953
 15.341  0.136 -5.731 30.227 44.180 17.014  1.678 -0.115  1.504
  31.543 29.284 -5.733 -5.729  7.102  9.912 46.259 42.487   0.08
 7 6731722 2 3 51521372.722721373.6953
 13.984 -0.711  1.282  5.915 18.550 15.415 10.794-32.295  0.087
   7.646  4.591  2.376  0.446  6.679  8.736 20.210 17.302  -5.88
 7 6731722 1 8 91021372.722721373.6953
 12.777 -0.657 12.800 28.604 40.066 47.540 27.949  1.838 -0.337
  29.176 24.490 12.782 12.928 41.743  5.797 41.757 37.447  -7.64
 7 7731641 7 815 721373.695321374.7676
 13.516 -0.223  0.592 18.550 31.984 10.794  7.975-38.179  0.364
  20.210 17.302  1.897 -0.390  4.634  6.160 34.559 31.072   7.25
 7 7731641 3 7101421373.695321374.7676
 15.464 -0.210 12.162 40.066 55.588 27.949 98.316 -5.801 -0.128
  41.757 37.447 12.330 11.902 16.984 10.965 56.693 52.512  10.77
 716731554 1 2 3 121382.662121383.7070
 16.139 -0.663-12.092 34.865 50.699  2.183  1.098 -9.376 -2.252
  35.999 33.727-12.275-11.908  1.093  1.090  0.000  0.000   0.00
 716731554 2 3 5 421382.662121383.7070
 14.851  0.344 -5.984 -2.665 11.825  5.613  8.958 -9.670 -0.116
  -1.334 -4.179 -6.209 -5.727  2.988  2.626 12.685  9.949   0.47
 726731625 2 2 4 221392.683621393.7012
 14.303  0.787 -3.979-48.913-35.347 13.817 14.255 34.199 -0.035
 -48.608-48.980 -3.772 -4.024  2.493 11.324-35.328-35.368-118.77
 8 2731858 2 2 4 221399.791021400.7988
 14.950 -0.204 -8.675-48.915-34.837 13.758  9.302 22.681 -3.028
 -48.497-53.128 -8.502-10.416 12.517  1.241-34.836-34.872-111.64
 8 37319 8 1 1 2 121400.798821401.6777
 14.032 -0.445 -8.469-34.837-23.360  9.302  8.429-88.964 -1.934
 -34.836-34.872 -8.480 -6.546  9.252  0.050  0.000  0.000   0.00
 8 37319 8 2 5 71021400.798821401.6777
 13.404  0.862  5.835-16.794 -5.870  8.023 15.565 30.619 -0.458
 -14.844-17.999  4.686  6.544  3.062  4.960 -3.775 -6.843 -13.41
 8 4731615 0 0 1 221401.677721402.7070
 14.422 -0.005 -8.078-23.360 -9.506  8.429 17.811  0.000  0.000
   0.000  0.000  0.000  0.000  0.000  0.000  0.000 -9.571   0.00
 8 4731615 6 4101221401.677721402.7070
 16.449 -0.045  6.592 -5.870 10.074 15.565 21.921 17.210  1.170
  -3.775 -6.843  5.948  6.891  4.935 10.631 12.488  8.275  -0.93
 8 5731659 1 1 2 121402.707021403.7988
 14.334  0.339 -8.074 -9.506  5.075 17.811 15.973 29.209 -0.130
  -9.456 -9.571 -8.046 -8.110 10.100  7.712  0.000  0.000   0.00
 8 5731659 4 8121321402.707021403.7988
 15.357 -0.028  6.546 10.074 25.770 21.921 37.715 16.281  1.177
  12.488  8.275  5.846  7.068  9.359 12.562 29.500 23.939 -12.58
 8 6731911 4 913 221403.798821404.7832
 12.334  0.540  6.516 25.770 36.936 37.715  8.800  3.701 -3.215
  29.500 23.939  6.276  6.633 12.423 25.292 37.538 35.222   4.31
 8 6731911 0 0 1 121403.798821404.7832
 14.500  0.093 -8.444  5.075 18.371 15.973  9.575  0.000  0.000
   0.000  0.000  0.000  0.000  0.000  0.000  0.000  0.000   0.00
 8 6731911 1 2 3 221403.798821404.7832
 16.563 -0.831 -7.717-45.472-30.148 11.483  7.198 18.733 -3.250
 -43.078-46.956 -6.913 -8.216  4.396  7.087-29.507-30.181 -52.76
 8 7731847 0 0 1 121404.783221405.7109
 14.173  0.283 -8.535 18.371 30.622  9.575  4.692  0.000  0.000
   0.000  0.000  0.000  0.000  0.000  0.000  0.000  0.000   0.00
 8 7731847 1 1 2 121404.783221405.7109
 14.249 -0.180  7.046 36.936 49.258  8.800  6.709  8.010 -2.322
  37.538 35.222  6.962  7.286  6.513  2.287  0.000  0.000   0.00
 8 7731847 0 0 1 121404.783221405.7109
 13.838 -0.448  6.518 43.130 55.070 12.619 10.934  0.000  0.000
   0.000  0.000  0.000  0.000  0.000  0.000  0.000  0.000   0.00
 8 7731847 1 1 2 521404.783221405.7109
 14.113  0.230 -6.900-30.148-17.952  7.198  3.555-34.031  1.050
 -29.507-30.181 -7.329 -6.877  0.362  6.836-17.786-18.987  84.11
 8 87317 4 0 0 1 121405.710921406.6875
 14.241  0.389 -8.798 30.622 43.570  4.692  1.808  0.000  0.000
   0.000  0.000  0.000  0.000  0.000  0.000  0.000  0.000   0.00
 8 87317 4 3 2 5 221405.710921406.6875
 14.775  0.313 -7.113-17.952 -4.482  3.555  0.629 50.075 -0.057
 -17.786-18.987 -6.915 -8.340  3.062  0.493 -4.375 -5.725  -8.13
 827731614 9 7161021424.675821425.7305
 15.612  0.058  2.775 -8.600  6.813 14.638 24.389 -3.236  0.165
  -4.435-10.570  3.011  2.664  4.700  9.939 10.905  4.609   7.01
 827731614 0 0 1 121424.675821425.7305
 14.053 -0.001 15.015-16.990 -3.219 15.750  6.503  0.000  0.000
   0.000  0.000  0.000  0.000  0.000  0.000  0.000  0.000   0.00
 828731730 0 0 1 121425.730521426.7090
 14.262  0.441 15.014 -3.219  9.776  6.503 11.099  0.000  0.000
   0.000  0.000  0.000  0.000  0.000  0.000  0.000  0.000   0.00
 8297317 0 2 2 4 621426.709021427.7422
 13.528  0.145-13.936-54.813-41.848 38.737 39.811 11.892 -0.076
 -53.472-58.103-13.662-14.608 27.522 11.214-40.589-45.169  -1.42
 8297317 0 0 0 1 121426.709021427.7422
 14.330 -0.075 15.446  9.776 23.570 11.099 11.493  0.000  0.000
   0.000  0.000  0.000  0.000  0.000  0.000  0.000  0.000   0.00
 8297317 0 1 2 3 321426.709021427.7422
 15.163  0.182  2.869 16.677 31.331  6.704  0.757-12.983  0.384
  17.406 16.505  3.037  2.830  1.281  5.424 31.689 30.513  39.11
 8297317 0 0 0 1 121426.709021427.7422
 14.590 -0.860  1.701 24.654 38.716  4.099  4.416  0.000  0.000
   0.000  0.000  0.000  0.000  0.000  0.000  0.000  0.000   0.00
 830731748 2 3 5 921427.742221428.6602
 14.168  0.673-13.023  7.767 19.883  2.574  5.009 32.369 -2.039
  10.173  6.570-11.538-13.763  0.856  1.718 20.699 18.535 -39.13
 830731748 1 5 61521427.742221428.6602
 13.803  0.082-14.086-41.848-30.068 39.811 72.716 10.471 -0.249
 -40.589-45.169-13.860-14.681 28.872 10.939-28.541-32.870  -0.02
 830731748 2 4 6 721427.742221428.6602
 14.017 -0.523  4.807 15.983 27.959 13.785  8.706 -1.215  0.674
  17.679 13.389  4.843  4.752  8.334  5.451 30.747 25.791  -1.91
 830731748 1 2 3 421427.742221428.6602
 14.046 -1.063  3.058 31.331 43.335  0.757  3.297 26.131  0.341
  31.689 30.513  2.883  3.459  0.527  0.230 44.139 42.513 -16.40
 830731748 0 0 1 121427.742221428.6602
 14.485 -0.802  0.812 38.716 51.123  4.416  3.973  0.000  0.000
   0.000  0.000  0.000  0.000  0.000  0.000  0.000  0.000   0.00
 830731748 0 0 1 121427.742221428.6602
 14.394 -0.395 15.368 23.570 35.893 11.493 15.629  0.000  0.000
   0.000  0.000  0.000  0.000  0.000  0.000  0.000  0.000   0.00
 831731551 7 2 91021428.660221429.8027
 15.490 -0.196-13.641 19.883 36.457  5.009 28.418 -6.756  1.652
  20.699 18.535-13.735-13.486  3.121  1.888 38.077 34.833  39.93
 831731551 7 815 721428.660221429.8027
 14.940 -0.135-14.161-30.068-14.122 72.716 34.761 10.452 -0.657
 -28.541-32.870-13.888-14.662 47.068 25.648-13.691-17.410  -8.19
 831731551 2 4 61021428.660221429.8027
 14.511 -0.064 14.910-58.888-43.432 37.790 36.354 -3.483  2.182
 -57.736-61.814 14.978 14.738 27.121 10.669-42.606-48.851  13.48
 831731551 0 0 1 121428.660221429.8027
 14.048 -0.456 15.005 35.893 50.820 15.629  8.909  0.000  0.000
   0.000  0.000  0.000  0.000  0.000  0.000  0.000  0.000   0.00
 831731551 4 3 7 621428.660221429.8027
 15.906 -0.377  4.326 27.959 45.008  8.706 12.171 -3.127 -0.615
  30.747 25.791  4.478  4.208  3.808  4.897 45.648 41.310   0.10
 9 1731915 5 510 921429.802721430.6563
 14.826 -0.195-13.418 36.457 48.264 28.418 28.369 33.170  2.247
  38.077 34.833-12.388-14.451 14.229 14.189 50.874 45.256  -8.53
 9 1731915 2 1 3 121429.802721430.6563
 16.773  0.609 -9.061  6.847 20.313  2.876  2.563 -6.882 -3.092
   7.884  4.775 -9.185 -8.814  1.917  0.959  0.000  0.000   0.00
 9 1731915 2 5 71321429.802721430.6563
 13.518  0.067-14.006-14.122 -3.430 34.761 32.484  2.259 -0.174
 -13.691-17.410-13.990-14.132 30.738  4.023 -2.502 -6.004 -10.95
 9 1731915 2 810 621429.802721430.6563
 14.477 -0.362 14.836-43.432-31.923 36.354  5.835  9.994 -4.874
 -42.606-48.851 14.696 15.760 31.543  4.811-31.409-32.702  -5.13
 9 1731915 4 3 72021429.802721430.6563
 14.389 -0.306 22.522 -7.804  3.630 21.068 18.094  3.646  0.910
  -5.892 -9.024 22.410 22.594  8.205 12.863  5.733  1.634   1.55
 9 1731915 3 3 61221429.802721430.6563
 12.334  0.779  3.895 45.008 54.690 12.171 13.074 -3.031 -1.255
  45.648 41.310  3.929  3.700 10.375  1.795 56.570 53.482   1.16
 9 2731544 4 9131221430.656321431.7813
 14.511  0.386-14.063 -3.430 11.809 32.484 22.020 -8.689  0.327
  -2.502 -6.004-14.201-13.681 23.870  8.613 12.334  8.452  11.65
 9 273154410 4141721430.656321431.7813
 13.674  0.359-16.648-35.909-21.612 21.800 28.178  7.396  0.693
 -33.097-39.275-16.299-17.067 11.878  9.923-17.066-23.982  -0.40
 9 2731544 0 0 11021430.656321431.7813
 13.003  0.379-12.457-59.796-46.255  7.308 23.260  0.000  0.000
   0.000  0.000  0.000  0.000  0.000  0.000  0.000-49.626   0.00
 9 2731544 1 5 61221430.656321431.7813
 14.966 -0.216 14.527-31.923-16.171  5.835 47.842  4.867  1.469
 -31.409-32.702 14.485 14.592  3.516  2.319-14.066-16.396 -38.91
 9 2731544 812201121430.656321431.7813
 14.170 -0.046 22.262  3.630 18.485 18.094 37.681  5.197  0.306
   5.733  1.634 22.085 22.430  8.811  9.284 20.367 15.998   5.34
 9 3731845 5 7121021431.781321432.7090
 13.693  0.472-14.498 11.809 23.603 22.020 29.263  2.966 -1.184
  12.334  8.452-14.472-14.667 19.045  2.975 24.212 21.815  23.14
 9 3731845 2 8101121431.781321432.7090
 13.795 -0.467-12.884-46.255-34.368 23.260 33.732 -3.583  0.373
 -44.107-49.626-13.015-12.678 14.204  9.056-31.460-37.118 -12.99
 9 3731845 21012 121431.781321432.7090
 13.855 -0.632 14.284-16.171 -4.228 47.842 46.536-34.048 -2.726
 -14.066-16.396 15.663 14.137  4.621 43.221  0.000  0.000   0.00
 9 3731845 2 911 721431.781321432.7090
 14.896 -0.261 22.210 18.485 31.394 37.681 28.849 10.539  0.393
  20.367 15.998 21.886 22.638 21.449 16.233 32.596 27.835   1.06
 9 47317 2 5 510 421432.709021433.8047
 14.138 -0.397-14.936 23.603 38.011 29.263 31.437 26.111  0.845
  24.212 21.815-14.647-15.782 21.822  7.441 38.599 35.104 -34.97
 9 47317 2 7 2 9 421432.709021433.8047
 14.103  0.308-17.699-12.143  2.227 12.586 16.790-16.772  0.036
 -11.516-12.569-17.879-17.577  5.095  7.491  2.347  1.976  87.76
 9 47317 2 110112021432.709021433.8047
 15.968 -0.043-12.451-34.368-17.956 33.732 52.431-16.570 -1.034
 -31.460-37.118-13.295-11.651 16.398 17.334-17.039-21.881  15.77
 9 47317 2 0 0 1 321432.709021433.8047
 13.891 -0.267 13.698 -4.228  9.910 46.536 47.691  0.000  0.000
   0.000  0.000  0.000  0.000  0.000  0.000  0.000  7.919   0.00
 9 47317 2 1 6 7 421432.709021433.8047
 14.001  0.136 21.968 31.394 45.652 28.849 39.568 11.595  0.161
  32.596 27.835 21.739 22.645 21.566  7.283 46.403 41.468   0.10
 9 5731919 3 1 4 821433.804721434.6758
 14.198  0.917-14.501 38.011 49.510 31.437 30.790 -8.859 -2.167
  38.599 35.104-14.590-14.063 26.143  5.295 49.962 48.867 -24.00
 9 5731919 2 2 4 621433.804721434.6758
 13.804  0.935-18.037  2.227 13.384 16.790 11.343 70.983  0.059
   2.347  1.976-17.706-18.731 11.373  5.418 13.680 13.173  -5.84
 9 5731919 713202321433.804721434.6758
 12.930 -0.799-12.403-17.956 -7.559 52.431 37.307 -0.795 -0.230
 -17.039-21.881-12.416-12.350 42.504  9.927 -5.385 -9.806 -15.02
 9 5731919 1 2 3 321433.804721434.6758
 14.085 -0.411 13.406  9.910 21.311 47.691 37.662 13.423  0.764
   9.919  7.919 13.404 13.868 47.467  0.224 21.428 18.829  10.23
 9 5731919 1 3 4 721433.804721434.6758
 13.883 -0.779 22.117 45.652 56.878 39.568 41.111 11.695 -0.370
  46.403 41.468 21.973 22.919 33.545  6.023 57.348 52.814  -0.79
 9 6731612 2 4 6 321434.675821435.7520
 14.369  0.148-18.851 13.384 27.794 11.343  5.517 65.142  0.353
  13.680 13.173-18.246-19.284  4.733  6.610 28.916 27.727 -23.85
 9 6731612 914231621434.675821435.7520
 14.355  0.001-11.708 -7.559  6.835 37.307 40.768-15.815  1.234
  -5.385 -9.806-12.311-11.085 18.959 18.348  9.877  4.034  11.91
 9 6731612 1 2 3 121434.675821435.7520
 14.188  0.491 13.048 21.311 35.526 37.662 37.428 23.650 -2.764
  21.428 18.829 12.998 14.107 35.971  1.691  0.000  0.000   0.00
 9 77318 2 2 1 3 121435.752021436.7695
 13.027  0.658-19.010 27.794 40.065  5.517  1.560 41.290 -1.497
  28.916 27.727-18.078-19.066  0.314  5.203  0.000  0.000   0.00
 9 77318 2 9 7162421435.752021436.7695
 13.306  0.429-11.709  6.835 19.390 40.768 42.847 -3.902  0.751
   9.877  4.034-11.912-11.521 19.542 21.226 23.182 16.549   4.26
 9 77318 2 0 0 1 221435.752021436.7695
 14.072 -1.124 13.576 35.526 48.861 37.428 34.557  0.000  0.000
   0.000  0.000  0.000  0.000  0.000  0.000  0.000 48.860   0.00
 9 8731829 3 811 921436.769521437.7227
 14.047 -0.283-10.122 36.044 48.501 23.241 27.959 32.953  1.106
  37.030 34.582 -9.493-11.055 13.876  9.364 50.442 46.590 -15.53
 9 8731829 81624 821436.769521437.7227
 14.205 -0.499-12.145 19.390 31.998 42.847 31.361  0.353 -0.992
  23.182 16.549-12.123-12.162 18.351 24.496 35.415 29.807  -1.55
 9 9731722 3 6 9 921437.722721438.6777
 13.013  0.956 -9.852 48.501 59.971 27.959 21.188 17.428 -1.804
  50.442 46.590 -9.252-10.443 13.870 14.089 61.000 59.191  17.76
 9 9731722 3 5 8 521437.722721438.6777
 13.245 -0.861-11.670 31.998 43.689 31.361 12.971 -1.197 -2.842
  35.415 29.807-11.740-11.625 12.248 19.113 45.980 43.292  -3.94
 915731727 1 3 4 321443.726621444.7168
 16.264 -0.561 14.102-58.960-43.849 19.957 12.118  0.791 -0.100
 -56.890-62.014 14.074 14.143 11.893  8.064-43.733-48.743  -0.41
 916731711 1 2 3 121444.716821445.7969
 14.502  0.281 13.547-43.849-29.241 12.118  3.313  0.377 -4.871
 -43.733-48.743 13.546 13.578 11.839  0.279  0.000  0.000   0.00
 9177319 7 0 0 1 121445.796921446.7090
 14.039  0.194 13.850-29.241-17.337  3.313  3.950  0.000  0.000
   0.000  0.000  0.000  0.000  0.000  0.000  0.000  0.000   0.00
 9187317 0 0 0 1 121446.709021447.6602
 13.660 -0.202 14.027-17.337 -5.268  3.950  4.824  0.000  0.000
   0.000  0.000  0.000  0.000  0.000  0.000  0.000  0.000   0.00
 919731551 0 0 1 121447.660221448.6563
 14.385  0.111 13.835 -5.268  8.077  4.824  0.238  0.000  0.000
   0.000  0.000  0.000  0.000  0.000  0.000  0.000  0.000   0.00
 920731545 1 1 2 221448.656321449.6875
 13.652  0.159  5.344-59.630-46.575 16.226 11.657-68.229 -0.003
 -59.499-59.787  5.671  4.955  8.817  7.409-46.514-46.735  -5.12
 920731545 0 0 1 221448.656321449.6875
 13.416 -0.153 13.946  8.077 20.889  0.238  3.314  0.000  0.000
   0.000  0.000  0.000  0.000  0.000  0.000  0.000 20.825   0.00
 921731629 1 1 2 221449.687521450.6641
 14.572 -0.326  5.508-46.575-33.289 11.657  3.342-73.351  0.162
 -46.514-46.735  5.713  4.977  8.414  3.243-33.054-33.595  18.72
 921731629 6 410 821449.687521450.6641
 13.198 -2.108 14.392-52.092-40.149 28.050 11.294  1.795 -2.327
 -50.178-55.604 14.334 14.498 18.156  9.893-38.348-40.907 -33.29
 921731629 1 1 2 121449.687521450.6641
 14.575  0.054 13.788 20.889 34.178  3.314  6.663 71.276 -0.200
  20.891 20.825 13.781 13.971  3.203  0.111  0.000  0.000   0.00
 922731556 1 2 3 321450.664121451.6484
 14.838 -0.022  4.919-10.880  2.752  5.143 12.612 24.071  0.395
 -10.815-11.801  4.890  5.328  4.803  0.340  3.350  1.879 -28.12
 922731556 1 1 2 421450.664121451.6484
 14.384 -0.064  5.190-33.289-20.104  3.342  7.992-54.636 -0.048
 -33.054-33.595  5.520  4.761  1.889  1.453-19.740-20.471  20.26
 922731556 4 4 81321450.664121451.6484
 13.655  1.794 12.330-40.149-27.681 11.294 34.165-31.494  2.898
 -38.348-40.907 13.408 11.876  3.346  7.948-23.969-29.979  31.36
 922731556 5 4 91321450.664121451.6484
 13.250 -0.472 14.561-39.751-27.681 14.712 34.165  6.289 -0.254
 -35.403-41.651 14.097 14.763  4.474 10.238-23.969-29.979  -6.42
 922731556 0 0 11321450.664121451.6484
 16.410 -0.131 14.224-42.860-27.681 14.182 34.165  0.000  0.000
   0.000  0.000  0.000  0.000  0.000  0.000  0.000-29.979   0.00
 922731556 0 0 1 121450.664121451.6484
 13.820  0.128 13.840 34.178 46.808  6.663  1.614  0.000  0.000
   0.000  0.000  0.000  0.000  0.000  0.000  0.000  0.000   0.00
 923731534 1 3 4 321451.648421452.8301
 15.040 -1.194  5.127-20.104 -3.500  7.992  8.289-34.378 -0.028
 -19.740-20.471  5.375  4.877  4.021  3.971 -3.373 -3.950 -13.22
 924731955 1 2 3 221452.830121453.8828
 13.120 -0.015  3.717 -3.500  9.267  8.289 13.018-47.602 -0.002
  -3.373 -3.950  3.856  3.225  6.463  1.826  9.680  8.866  29.80
 925732110 1 1 2 221453.882821454.8926
 14.121 -1.392  3.701  9.267 22.549 13.018  9.557-17.800  0.044
   9.680  8.866  3.833  3.573  6.413  6.605 23.068 22.182   9.12
 925732110 3 1 4 121453.882821454.8926
 13.688  1.546 -9.288-58.939-46.094 11.940  3.049 35.605 -0.309
 -58.847-59.102 -9.223 -9.403  7.650  4.290  0.000  0.000   0.00
 925732110 0 0 1 221453.882821454.8926
 14.158 -1.854 26.070-50.042-36.723 14.391 12.971  0.000  0.000
   0.000  0.000  0.000  0.000  0.000  0.000  0.000-37.694   0.00
 925732110 2 4 6 321453.882821454.8926
 15.361 -1.713 12.874  5.602 20.138 35.523 20.977  7.173 -6.168
   7.121 -0.056 12.688 13.569 28.008  7.515 20.376 19.599  23.25
 926732126 0 0 1 121454.892621455.8008
 13.980  0.841-10.851-46.094-34.290  3.049  3.489  0.000  0.000
   0.000  0.000  0.000  0.000  0.000  0.000  0.000  0.000   0.00
 926732126 1 1 2 121454.892621455.8008
 14.920 -1.203 24.196-36.723-24.065 12.971  3.834 30.773 -1.035
 -36.719-37.694 24.194 24.724 12.921  0.050  0.000  0.000   0.00
 926732126 1 1 2 221454.892621455.8008
 13.952 -1.783 12.257 12.540 24.319 11.322 10.129-53.948 -0.095
  12.864 12.365 12.691 12.022  3.976  7.346 24.679 24.297  -5.18
 926732126 2 1 3 221454.892621455.8008
 14.808 -1.389 11.143 20.138 32.694 20.977 19.992 30.424  0.109
  20.376 19.599 11.006 11.453 14.559  6.417 32.749 31.745 -26.25
 926732126 1 1 2 221454.892621455.8008
 14.431 -1.739  2.293 22.549 34.762  9.557  1.588 -8.677 -0.249
  23.068 22.182  2.372  2.237  3.956  5.601 35.322 34.674   8.18
 9287317 0 1 2 3 621456.709021457.7266
 14.846 -0.907-15.490-20.371 -6.259  8.492  4.089 17.174  0.583
 -19.273-20.558-15.164-15.546  1.239  7.252 -5.273 -6.904  15.68
 9287317 0 5 3 81521456.709021457.7266
 13.734  1.602-12.684-41.849-28.869 13.462  6.688-14.985 -0.203
 -39.836-43.066-13.210-12.366  5.073  8.389-27.260-30.411  18.60
 9287317 0 0 0 1 121456.709021457.7266
 14.174 -0.301 11.723-46.185-32.758 17.499 17.482  0.000  0.000
   0.000  0.000  0.000  0.000  0.000  0.000  0.000  0.000   0.00
 9287317 0 0 0 1 121456.709021457.7266
 13.781 -0.027 20.345-13.812 -0.785  2.202 11.946  0.000  0.000
   0.000  0.000  0.000  0.000  0.000  0.000  0.000  0.000   0.00
 9287317 0 2 5 7 321456.709021457.7266
 15.624  0.317 13.153 42.172 57.075 43.498 31.466  0.249 -7.266
  43.927 35.669 13.146 13.181 34.253  9.244 57.169 56.392  12.74
 929731726 3 3 6 421457.726621458.7266
 17.001  0.249-14.567 -6.259  9.757  4.089  8.067 32.858 -0.415
  -5.273 -6.904-13.950-14.970  1.616  2.473  9.974  8.575 -10.24
 92973172610 515 821457.726621458.7266
 14.927 -0.623-14.315-28.869-14.927  6.688 15.387  3.613 -0.295
 -27.260-30.411-14.217-14.409  3.273  3.415-13.983-16.733  11.20
 929731726 0 0 1 121457.726621458.7266
 14.493 -0.031 11.416-32.758-19.249 17.482 14.847  0.000  0.000
   0.000  0.000  0.000  0.000  0.000  0.000  0.000  0.000   0.00
 929731726 0 0 1 121457.726621458.7266
 13.892  0.030 20.318 -0.785 12.122 11.946 10.439  0.000  0.000
   0.000  0.000  0.000  0.000  0.000  0.000  0.000  0.000   0.00
 930731726 1 3 4 821458.726621459.7051
 13.438  0.307-14.816  9.757 21.950  8.067 15.819 22.614  2.103
   9.974  8.575-14.729-15.292  6.818  1.249 23.021 19.365 -31.08
 930731726 3 5 8 621458.726621459.7051
 13.855  0.378-13.692-14.927 -2.325 15.387  6.642 14.810 -0.362
 -13.983-16.733-13.450-14.156 10.107  5.279 -1.127 -3.603 -16.22
 930731726 0 0 1 121458.726621459.7051
 13.885  0.062 11.385-19.249 -6.618 14.847 15.861  0.000  0.000
   0.000  0.000  0.000  0.000  0.000  0.000  0.000  0.000   0.00
 930731726 0 0 1 121458.726621459.7051
 13.754 -0.057 20.348 12.122 24.625 10.439 10.982  0.000  0.000
   0.000  0.000  0.000  0.000  0.000  0.000  0.000  0.000   0.00
10 1731656 3 5 8 321459.705121460.9043
 12.208  0.182-15.117 21.950 35.394 15.819  1.582 -8.462 -1.771
  23.021 19.365-15.271-14.746 11.187  4.632 35.796 34.228  41.18
10 1731656 3 3 6 321459.705121460.9043
 13.657  0.082-14.062 -2.325 12.855  6.642  6.559 -1.412 -0.939
  -1.127 -3.603-14.091-14.032  3.427  3.215 14.096 12.666  19.99
10 1731656 0 0 1 121459.705121460.9043
 14.398 -0.190 11.446 -6.618  9.449 15.861 16.529  0.000  0.000
   0.000  0.000  0.000  0.000  0.000  0.000  0.000  0.000   0.00
10 1731656 0 0 1 121459.705121460.9043
 13.764  0.059 20.292 24.625 39.933 10.982  7.388  0.000  0.000
   0.000  0.000  0.000  0.000  0.000  0.000  0.000  0.000   0.00
10 2732141 0 0 1 121460.904321461.6816
 13.744 -0.263 11.218  9.449 19.373 16.529 20.905  0.000  0.000
   0.000  0.000  0.000  0.000  0.000  0.000  0.000  0.000   0.00
10 2732141 0 0 1 121460.904321461.6816
 13.237  0.239 20.363 39.933 49.462  7.388 10.120  0.000  0.000
   0.000  0.000  0.000  0.000  0.000  0.000  0.000  0.000   0.00
10 2732141 2 1 3 721460.904321461.6816
 13.624 -0.128-15.335 35.394 45.224  1.582  1.689 32.716  2.027
  35.796 34.228-15.086-16.057  1.176  0.406 47.568 43.633 -25.84
10 2732141 2 1 31121460.904321461.6816
 12.080  2.278-14.160 12.855 21.484  6.559  8.361 18.583  5.562
  14.096 12.666-13.755-14.222  0.867  5.692 27.585 20.329 -11.92
10 3731621 0 0 1 121461.681621462.8945
 14.192 -0.019 11.013 19.373 35.403 20.905 13.393  0.000  0.000
   0.000  0.000  0.000  0.000  0.000  0.000  0.000  0.000   0.00
10 3731621 6 511 121461.681621462.8945
 15.202 -0.153-15.932 21.484 38.742  8.361  0.050  6.661 -7.025
  27.585 20.329-15.247-16.062  1.330  7.031  0.000  0.000   0.00
10 4732129 0 0 1 121462.894521463.7148
 14.317 -0.135 10.990 35.403 46.327 13.393  8.359  0.000  0.000
   0.000  0.000  0.000  0.000  0.000  0.000  0.000  0.000   0.00
1014731541 2 2 4 321472.654321473.7480
 15.531 -0.255 -5.247 31.155 47.064 11.367 12.041 -0.573  2.342
  32.574 30.357 -5.261 -5.239  4.093  7.274 49.102 44.557   6.24
1014731541 1 1 2 321472.654321473.7480
 12.607  0.207 11.386 46.344 59.054  2.363  2.446-41.153  1.234
  46.659 46.024 11.656 11.112  1.189  1.175 59.297 57.229  51.68
1024731930 1 1 2 121482.812521483.8027
 14.347  0.758 18.486 19.037 32.278  6.919  2.767  2.530 -2.795
  21.837 18.892 18.369 18.492  0.341  6.578  0.000  0.000   0.00
1027731529 0 0 1 121485.644521486.9297
 15.232  2.295  9.226-24.587 -6.276 10.577 17.701  0.000  0.000
   0.000  0.000  0.000  0.000  0.000  0.000  0.000  0.000   0.00
1028732220 2 2 4 421486.929721487.8203
 14.969  1.399-17.253 23.643 36.072 55.890 25.579  2.985 -0.884
  25.347 20.712-17.168-17.399 35.347 20.543 36.855 33.132   2.83
1028732220 0 0 1 121486.929721487.8203
 13.633 -1.941 12.176 -6.276  4.966 17.701  2.756  0.000  0.000
   0.000  0.000  0.000  0.000  0.000  0.000  0.000  0.000   0.00
1029731940 0 0 1 121487.820321488.7031
 13.769  0.546 10.451  4.966 16.257  2.756  4.534  0.000  0.000
   0.000  0.000  0.000  0.000  0.000  0.000  0.000  0.000   0.00
1030731652 0 0 1 121488.703121489.7422
 13.771 -0.323 10.933 16.257 29.548  4.534  5.335  0.000  0.000
   0.000  0.000  0.000  0.000  0.000  0.000  0.000  0.000   0.00
1124731722 1 2 3 821513.722721514.7891
 13.332 -0.079 -9.628-24.229-11.083 32.110 35.351-16.728  0.507
 -23.554-25.199 -9.828 -9.341 18.935 13.175 -9.839-12.065  20.91
1124731722 1 1 2 221513.722721514.7891
 13.473  0.595-10.846-32.891-19.596 24.596  8.974-80.337  0.007
 -32.827-32.988-11.218-10.289 14.747  9.849-19.547-19.623  -5.16
1124731722 1 1 2 321513.722721514.7891
 16.021 -0.265  5.426  2.237 18.246  3.300 16.726 -4.729  1.817
   4.512  1.999  5.613  5.406  0.313  2.986 19.485 15.149   1.13
1125731855 4 4 8 821514.789121515.7324
 16.454 -0.333 -9.544-11.083  3.527 35.351 32.590  4.182  0.070
  -9.839-12.065 -9.454 -9.615 15.593 19.758  4.817  2.733  20.83
1125731855 1 1 2 421514.789121515.7324
 17.228  1.758-11.479-19.596 -4.254  8.974  3.891-85.499  1.024
 -19.547-19.623-12.082-11.136  3.254  5.720 -4.117 -5.064  23.36
1126731735 4 4 82921515.732421516.8184
 12.633 -1.928 -9.229  3.527 16.170 32.590 63.005 25.007  3.018
   4.817  2.733 -8.635 -9.595 12.415 20.175 17.981 14.040  17.32
1126731735 3 3 6 221515.732421516.8184
 15.748  2.489 10.006 33.087 49.112 12.518  5.447 -8.933 -4.559
  33.371 28.374 10.050  9.276 11.807  0.711 49.115 48.818  55.69
1128732115 9 4131821517.886721518.7988
 13.552 -0.100 -3.548 30.639 42.108 39.727 33.015  7.073  2.346
  31.781 28.656 -3.407 -3.794 25.213 14.515 43.470 39.734  40.12
12 9731626 0 0 1 121528.685521529.8457
 14.467 -0.476  2.748-40.128-24.472  7.885  7.218  0.000  0.000
   0.000  0.000  0.000  0.000  0.000  0.000  0.000  0.000   0.00
1210732018 0 0 1 121529.845721530.7422
 14.605 -0.029  2.195-24.472-12.258  7.218  4.192  0.000  0.000
   0.000  0.000  0.000  0.000  0.000  0.000  0.000  0.000   0.00
1211731749 0 0 1 121530.742221531.7617
 13.949 -0.297  2.169-12.258  0.970  4.192  9.997  0.000  0.000
   0.000  0.000  0.000  0.000  0.000  0.000  0.000  0.000   0.00
1212731818 0 0 1 121531.761721532.6738
 14.537 -0.058  1.866  0.970 13.330  9.997  3.965  0.000  0.000
   0.000  0.000  0.000  0.000  0.000  0.000  0.000  0.000   0.00
1212731818 0 0 0 121531.761721532.6738
 15.601  1.989  0.000  0.000 13.330  1.000  3.965  0.000  0.000
   0.000  0.000  0.000  0.000  0.000  0.000  0.000  0.000   0.00
12217318 6 1 3 4 121540.753921541.7422
 14.165  0.280-18.477 24.187 37.207 37.496 64.742-50.561 -0.472
  24.435 24.119-18.764-18.399  8.042 29.454  0.000  0.000   0.00
12217318 6 5 1 6 121540.753921541.7422
 14.077  0.841-17.983 14.997 27.930 15.332  4.762  0.352 -0.950
  15.314 14.315-17.981-17.987 10.465  4.867  0.000  0.000   0.00
