 1 531 727 1 2 3 6 5848.6890 5849.7686
 13.140  0.402-17.278-59.909-46.777  4.604 12.346 86.012 -1.176
 -59.897-60.071-17.112-19.497  4.284  0.320-46.726-47.971 -98.48
 11131 741 1 2 3 3 5854.6792 5855.6821
 13.560 -0.431-18.154 17.615 30.231  4.407  2.036-84.398  0.279
  17.642 17.601-18.411-18.012  1.566  2.841 30.730 30.039  70.02
 11831 751 1 5 6 4 5861.6729 5862.6772
 15.401 -0.818  6.590-21.825 -7.342  3.759  4.286 57.573  1.377
 -21.506-22.200  6.092  7.176  2.033  1.726 -6.201 -7.369-121.67
 11931 745 2 2 415 5862.6772 5863.6787
 14.263  0.037  5.768 -7.342  5.961  4.286  8.832-64.095 -0.620
  -6.201 -7.369  8.106  5.712  0.100  4.186  6.403  4.407  50.72
 12031 742 1 1 2 1 5863.6787 5864.6904
 15.356  0.427  2.284-56.378-41.830  6.388  0.472  7.049 -3.904
 -56.313-60.191  2.276  2.755  6.281  0.107  0.000  0.000   0.00
 12031 742 9 615 7 5863.6787 5864.6904
 13.863 -0.539  5.805  5.961 18.998  8.832  6.036-13.372  0.260
   6.403  4.407  5.910  5.437  6.875  1.957 20.415 18.117   7.18
 12131 725 5 2 711 5864.6904 5865.6929
 13.197 -0.272  5.260 18.998 31.250  6.036  5.321 -6.190  2.501
  20.415 18.117  5.413  5.165  2.312  3.724 33.946 29.126   4.94
 21731 726 1 1 2 2 5891.6895 5892.6855
 14.414  0.183 -2.769-37.545-24.167 12.318  6.815-44.513 -1.235
 -36.179-37.615 -4.110 -2.701  0.600 11.718-23.737-24.413  15.05
 21731 726 4 71114 5891.6895 5892.6855
 16.944  0.375  6.214-43.862-27.965 10.299 20.623 -2.154 -0.243
 -39.515-45.123  6.377  6.167  2.316  7.984-25.780-31.151   1.76
 21731 726 5 712 6 5891.6895 5892.6855
 16.145 -0.175 10.889 38.852 53.954 12.383  8.515  1.696  1.141
  40.960 37.448 10.827 10.930  4.952  7.431 54.783 50.129   3.39
 21831 732 1 1 2 2 5892.6855 5893.7944
 13.718 -0.074 -2.952-24.167-10.040  6.815  4.490-29.466  0.092
 -23.737-24.413 -3.194 -2.813  2.486  4.329 -9.355-10.051  -7.27
 21831 732 7 71418 5892.6855 5893.7944
 14.049  0.417  6.588-27.965-13.471 20.623 65.140 -0.389  0.229
 -25.780-31.151  6.603  6.567 12.234  8.389-10.431-16.031   3.13
 21931 455 1 1 2 3 5893.7944 5894.7090
 14.832  0.297 -2.869-10.040  2.629  4.490  6.247-36.732  0.069
  -9.355-10.051 -3.380 -2.861  0.072  4.418  3.313  2.378  32.66
 21931 455 9 91818 5893.7944 5894.7090
 14.746 -0.014  7.051-13.471 -0.881 65.140110.868  2.742  2.712
 -10.431-16.031  6.907  7.173 29.786 35.354  3.648 -4.650  -8.44
 21931 455 1 2 3 4 5893.7944 5894.7090
 13.874 -0.261  9.121  0.613 12.405  3.205 10.660  2.465  1.615
   1.324 -1.305  9.091  9.202  2.338  0.868 14.538 10.314   5.46
 22031 65911 71827 5894.7090 5895.6616
 17.216  0.199  7.038 -0.881 14.588110.868160.835 -5.698  1.086
   3.648 -4.650  7.487  6.665 50.351 60.517 18.135  8.809  -3.10
 22131 8 7 72027 8 5895.6616 5896.7207
 13.001  0.557  7.228 14.588 27.317160.835103.584 -8.795  1.090
  18.135  8.809  7.772  6.341 99.658 61.177 31.894 21.444   0.84
 22131 8 7 7 51210 5895.6616 5896.7207
 14.085 -0.874 -4.334 11.489 25.367  9.779 24.518 11.941  2.478
  13.714  9.881 -3.865 -4.673  4.101  5.678 28.999 22.603 -11.63
 22231 641 2 2 4 8 5896.7207 5897.6724
 13.598  0.327 11.862-45.564-33.560 14.972  8.213 52.436 -1.494
 -44.026-46.196  9.904 12.666  4.361 10.612-32.892-34.222  -3.21
 22231 641 3 5 833 5896.7207 5897.6724
 14.752 -0.392  7.818 27.317 40.420103.584153.354 -7.960 -0.610
  31.894 21.444  8.451  7.004 58.219 45.365 44.641 34.812  -0.05
 22231 641 4 61017 5896.7207 5897.6724
 15.433  0.586 -3.409 25.367 39.118 24.518 38.662  0.310 -0.139
  28.999 22.603 -3.389 -3.424 10.596 13.921 42.273 36.118  10.23
 22331 752 9 21115 5897.6724 5898.6660
 13.528  0.547 10.113-29.788-17.319 10.241 16.843 12.122  2.046
 -28.220-31.299  9.782 10.433  5.027  5.214-14.449-19.332   9.05
 22331 752 3 5 815 5897.6724 5898.6660
 17.324 -1.525 12.173-33.560-17.319  8.213 16.843 49.225  3.156
 -32.892-34.222 11.417 12.924  4.092  4.121-14.449-19.332 -28.05
 22331 75212213328 5897.6724 5898.6660
 15.155  0.662  7.445 40.420 54.506153.354 98.332 -8.012  1.117
  44.641 34.812  8.034  6.662 87.489 65.865 58.570 47.545   2.82
 22331 752 6111712 5897.6724 5898.6660
 16.075 -0.704 -3.967 39.118 54.118 38.662 10.969 10.539 -0.881
  42.273 36.118 -3.381 -4.523 18.842 19.820 55.535 50.340   4.25
 22431 8 0 2 6 8 2 5898.6660 5899.6606
 12.987 -1.036  7.747-52.007-40.068  6.452  2.968-26.114  0.594
 -50.777-53.746  8.344  6.902  3.778  2.674-36.420-40.130   8.28
 22431 8 0 6 91512 5898.6660 5899.6606
 14.616  0.414 10.657-17.319 -3.760 16.843 10.539 21.172 -1.234
 -14.449-19.332  9.565 11.424  6.945  9.899 -2.249 -6.112  -6.92
 22531 8 8 1 1 2 2 5899.6606 5900.6626
 16.890  1.106  6.717-40.068-24.126  2.968  2.423-17.835  0.193
 -36.420-40.130  7.882  6.697  0.050  2.918-22.282-26.277   4.71
 22531 8 8 6 61217 5899.6606 5900.6626
 13.737  0.039 11.069 -3.760  9.023 10.539 13.710 14.251 -0.358
  -2.249 -6.112 10.693 11.656  6.418  4.122 10.963  7.579   6.64
 3 231 742 1 1 2 3 5904.6787 5905.6929
 14.497  0.135 -6.575 -9.920  3.792 10.697 24.872-17.943  1.170
  -9.901-10.643 -6.581 -6.342 10.417  0.280  3.809  1.993  40.01
 3 231 742 2 4 6 8 5904.6787 5905.6929
 14.144 -0.793 -8.633-18.102 -4.748  7.508  1.786-44.341  0.835
 -17.711-18.277 -9.012 -8.464  2.318  5.189 -3.985 -5.064  -4.31
 3 331 722 2 1 3 3 5905.6929 5906.6777
 14.344  0.692 -6.712  3.792 16.951 24.872  9.471 22.067  1.446
   3.809  1.993 -6.705 -7.436 24.648  0.224 17.121 13.743 -30.96
 3 331 722 3 5 8 3 5905.6929 5906.6777
 14.374  0.211 -7.828 -4.748  8.440  1.786  1.189-48.648 -1.115
  -3.985 -5.064 -8.688 -7.473  0.523  1.263  8.450  8.433 -39.46
 3 331 722 7 61315 5905.6929 5906.6777
 14.702  0.415 -9.161-54.146-40.635 24.225 21.529  7.360  2.126
 -48.483-56.266 -8.439 -9.431  6.600 17.625-33.655-43.578   0.35
 3 431 744 2 1 312 5906.6777 5907.6699
 11.666 -0.055 -7.393 16.951 27.553  9.471 39.848 -8.895  3.368
  17.121 13.743 -7.420 -6.895  8.994  0.477 30.346 23.542   5.67
 3 431 744 51015 1 5906.6777 5907.6699
 16.947  0.363 -9.570-40.635-24.792 21.529  0.107  7.714 -9.874
 -33.655-43.578 -8.638 -9.963  6.384 15.145  0.000  0.000   0.00
 3 531 754 11112 6 5907.6699 5908.6675
 16.110  0.344 -7.338 27.553 42.639 39.848 26.479 -3.223  1.194
  30.346 23.542 -7.494 -7.114 23.493 16.355 43.584 35.567   0.74
 3 531 754 0 0 1 9 5907.6699 5908.6675
 12.607 -0.403 -9.930-24.792-13.199  0.107 15.156  0.000  0.000
   0.000  0.000  0.000  0.000  0.000  0.000  0.000-17.262   0.00
 3 631 759 1 5 6 1 5908.6675 5909.6362
 15.449  0.387 -7.682 42.639 56.654 26.479 26.346 -2.482 -7.953
  43.584 35.567 -7.722 -7.378 23.357  3.122  0.000  0.000   0.00
 3 631 759 6 3 914 5908.6675 5909.6362
 16.200 -0.212 -9.529-13.199  1.543 15.156 18.177  7.456  2.475
  -9.343-17.262 -9.031-10.053  7.776  7.380  6.543 -3.816   1.61
 3 831 9 9 5 2 717 5910.6182 5911.6201
 11.509  0.684 -9.001 18.928 29.477  2.613 14.373 26.501  2.275
  19.156 17.261 -8.888 -9.822  2.298  0.315 31.486 27.081 -20.32
 3 931 9 713 417 8 5911.6201 5912.6196
 15.084  0.272 -9.686 29.477 43.568 14.373 12.880  6.185  0.892
  31.486 27.081 -9.471 -9.942  7.816  6.556 46.030 40.692  -4.91
 31331 8 314 31716 5915.6646 5916.6675
 15.355 -0.263  4.856-22.417 -8.006 53.492 29.269  4.767-39.709
  -8.378-54.441  5.075  8.902 33.548 19.545 -5.504-11.870  -6.12
 31331 8 3 5 0 5 2 5915.6646 5916.6675
 17.124 -1.173  8.120-37.866-21.680 19.117  5.454-27.152 -9.837
  -9.890  0.000  5.022  0.000  4.953  1.000-20.839-21.845  58.28
 31431 759 1 1 2 2 5916.6675 5917.6133
 15.234  0.621  6.943-21.680 -8.201  5.454  4.956 31.128 -0.172
 -20.839-21.845  6.439  7.042  0.893  4.561 -7.847 -8.603   9.95
 31431 759 9 71617 5916.6675 5917.6133
 12.815  0.069  4.592 -8.006  3.185 29.269 41.175 -1.358  0.234
  -5.504-11.870  4.652  4.501 17.768 11.501  7.232  0.658  -4.07
 31531 916 1 1 2 4 5917.6133 5918.8130
 15.188 -1.146  7.738-46.387-29.341 31.102 18.210 16.936 -0.137
 -45.929-46.645  7.600  7.816 11.202 19.900-29.047-29.489  26.39
 31531 916 1 1 2 1 5917.6133 5918.8130
 14.756 -0.722  7.531 -8.201  8.326  4.956  0.050 41.078 -0.995
  -7.847 -8.603  7.224  7.878  2.633  2.323  0.000  0.000   0.00
 31531 91610 717 9 5917.6133 5918.8130
 13.105 -0.342  4.658  3.185 17.731 41.175 14.805 -5.430 -4.506
   7.232  0.658  5.041  4.418 15.829 25.347 18.669 16.979 -30.29
 31631 429 2 2 4 6 5918.8130 5919.6650
 13.796  0.496  6.363-29.341-18.423 18.210 27.101 43.322  0.140
 -29.047-29.489  6.087  6.502  6.089 12.121-18.029-18.778 -46.42
 31631 429 5 4 912 5918.8130 5919.6650
 13.324  1.359  4.247 17.731 28.246 14.805 27.248-35.721  0.146
  18.669 16.979  4.920  3.708  6.590  8.215 28.859 27.809 -26.22
 31731 8 1 3 3 6 3 5919.6650 5920.6665
 13.948 -0.327  6.786-18.423 -5.441 27.101 12.107 -3.096  0.157
 -18.029-18.778  6.807  6.767 12.842 14.259 -4.809 -5.648  25.59
 31731 8 1 4 81217 5919.6650 5920.6665
 14.711 -0.779  5.405 28.246 41.993 27.248 12.753-61.943  4.199
  28.859 27.809  6.549  4.588 11.353 15.894 46.947 41.268  33.78
 31731 8 1 3 6 9 3 5919.6650 5920.6665
 15.773  1.619  5.981 34.334 49.144 16.118  0.817 69.444 -7.000
  35.252 32.694  3.545 10.330 10.332  5.786 49.174 48.929 -77.85
 31831 8 0 1 2 3 5 5920.6665 5921.8037
 14.204 -0.040  6.459 -5.441  9.589 12.107 13.379 22.489  0.211
  -4.809 -5.648  6.199  6.544  2.995  9.112 10.422  9.303 -19.95
 31831 8 0 1 2 3 6 5920.6665 5921.8037
 14.574 -0.296-19.922-17.134 -1.684  2.033  7.939-29.658  1.202
 -16.829-18.003-20.086-19.457  1.505  0.528 -0.897 -2.940  -9.22
 31831 8 0 6111711 5920.6665 5921.8037
 14.063  1.112  4.625 41.993 56.861 12.753 13.447-28.164 -0.057
  46.947 41.268  7.269  4.238  1.626 11.126 59.372 55.409 -23.56
 31931 442 2 4 6 3 5921.8037 5922.6777
 13.926 -0.320-19.585 -1.684  9.631  7.939  3.042-38.881  0.890
  -0.897 -2.940-20.183-18.632  4.880  3.060 11.004  8.089   3.80
 31931 442 1 1 2 5 5921.8037 5922.6777
 13.633  0.372  8.036-20.921 -9.862  2.080  5.474 -1.709  1.079
 -19.795-22.761  8.069  7.981  1.290  0.790 -7.754-11.690  15.89
 31931 442 3 2 5 4 5921.8037 5922.6777
 14.879  0.186  6.413  9.589 21.738 13.379  6.542  2.541 -0.245
  10.422  9.303  6.376  6.425  3.417  9.961 21.965 21.092  -4.16
 32031 744 2 2 4 3 5922.6777 5923.6743
 14.261 -0.391  6.575 21.738 34.969  6.542  5.767 -1.617 -0.139
  21.965 21.092  6.582  6.557  4.841  1.701 35.109 34.377   4.50
 32131 748 2 1 3 3 5923.6743 5924.7056
 15.099  0.100  6.186 34.969 49.526  5.767 19.931  2.882  0.229
  35.109 34.377  6.179  6.216  4.669  1.097 49.865 48.926 -15.94
 32631 654 0 0 1 2 5928.7124 5929.6201
 13.941 -1.232 -8.405-47.170-35.410 17.771 10.085  0.000  0.000
   0.000  0.000  0.000  0.000  0.000  0.000  0.000-35.511   0.00
 33031 915 1 1 2 2 5932.6147 5933.6152
 14.105  0.243 -7.260  4.314 17.443 13.711 10.551 23.972  0.121
   4.700  4.294 -7.090 -7.269  0.666 13.045 17.871 17.356   0.74
 33131 913 1 1 2 2 5933.6152 5934.6699
 14.384 -0.132 -7.503 17.443 31.577 10.551  7.279 24.711  0.019
  17.871 17.356 -7.308 -7.543  1.775  8.777 31.581 31.030  -4.64
 33131 913 4 1 5 8 5933.6152 5934.6699
 16.207 -0.566  8.116-38.383-22.326  7.650  8.703 20.371  2.249
 -36.987-38.833  7.603  8.281  1.861  5.788-19.902-24.118 -25.86
 4 131 754 1 1 2 3 5934.6699 5935.6763
 13.891  0.225 -7.364 31.577 44.564  7.279  6.953 20.070 -0.056
  31.581 31.030 -7.362 -7.562  7.229  0.050 44.686 44.252  14.87
 4 131 754 4 4 8 3 5934.6699 5935.6763
 15.124 -0.306  7.519-22.326 -8.099  8.703  1.510 -5.485  0.401
 -19.902-24.118  7.750  7.349  3.698  5.005 -6.054-10.638  -3.06
 4 231 746 1 2 3 2 5935.6763 5936.6772
 14.249 -0.370 -7.590 44.564 57.837  6.953 17.216 34.935  0.329
  44.686 44.252 -7.505 -7.806  4.997  1.956 58.134 57.342 -11.88
 4 331 745 0 0 1 1 5936.6772 5937.6831
 13.799  0.586 -2.278-50.290-37.396  7.307  6.650  0.000  0.000
   0.000  0.000  0.000  0.000  0.000  0.000  0.000  0.000   0.00
 4 931 930 7 81521 5942.6040 5943.6138
 13.572  0.456  4.295-24.995-12.287 26.921 34.275-11.992  0.698
 -21.716-26.687  4.989  3.936  9.162 17.759 -9.131-14.826   1.89
 41231 915 0 8 8 3 5945.6147 5946.6147
 12.843 -2.528 -3.519 24.663 36.520 12.548  6.664 83.878 -2.175
   0.000  0.559  0.000  5.207  1.000 27.725 36.660 33.681 -97.19
 41431 930 3 4 7 7 5947.6040 5948.6040
 15.329  0.207  7.777-39.414-25.071 23.695 32.364 -6.792 -2.805
 -39.041-42.952  7.821  7.359 21.437  2.259-24.368-25.474   2.31
 41431 930 1 1 2 3 5947.6040 5948.6040
 14.741  0.254 23.417-53.919-40.165  3.801  5.997 36.052 -0.647
 -53.312-54.090 23.012 23.531  0.834  2.966-40.090-40.337 -19.60
 42031 941 1 1 2 4 5953.5957 5954.5991
 14.076 -0.325 11.506 14.360 27.494 25.309 17.797-39.010  0.220
  14.433 12.192 11.564  9.784 24.483  0.826 27.570 24.509  48.67
 42031 941 2 3 514 5953.5957 5954.5991
 15.590 -0.645  9.436 38.754 53.408  0.587 23.749 12.224  2.839
  40.711 38.352  9.018  9.522  0.100  0.487 55.556 50.402   0.43
 42931 8 0 1 2 3 1 5962.6660 5963.6104
 14.459  0.064  4.769-10.746  1.978  6.721  0.455-19.998 -2.462
 -10.363-12.685  4.908  4.066  5.611  1.110  0.000  0.000   0.00
 42931 8 0 3 3 6 5 5962.6660 5963.6104
 13.015  0.757 13.426 32.658 44.018  3.970 17.960 26.474  1.126
  33.092 30.836 13.216 14.309  3.206  0.764 46.010 42.620  -3.22
 43031 920 3 2 5 3 5963.6104 5964.6074
 14.629 -0.186 14.141 44.018 57.623 17.960 31.506 23.256  0.815
  46.010 42.620 13.311 14.724  7.409 10.551 59.254 55.091  -0.16
 5 531 949 1 1 2 1 5968.5903 5969.5918
 15.891  0.651 10.980 -9.100  5.826  3.401  2.451-29.431 -2.296
  -8.531-10.568 11.296 10.167  2.451  0.950  0.000  0.000   0.00
 5 93110 0 2 4 613 5972.5825 5973.5894
 13.003  1.988  8.231-49.913-37.812 23.784 36.197 37.059 -1.231
 -47.768-51.079  6.628  9.102  8.375 15.409-36.672-39.539 -25.91
 51031 950 3 4 7 6 5973.5894 5974.5820
 14.571 -0.114 -0.880 37.953 51.435 13.258  7.386 -6.401  1.344
  38.852 36.314 -0.980 -0.696  8.562  4.696 53.195 49.322  12.89
 51031 950 8 513 7 5973.5894 5974.5820
 15.185 -1.014 10.233-37.812-23.721 36.197 64.688 11.146  1.709
 -36.672-39.539 10.012 10.568 21.801 14.396-22.757-26.842  17.26
 5113110 1 2 5 7 5 5974.5820 5975.5806
 14.860 -0.111  9.226-23.721 -9.866 64.688 23.844 28.404  0.328
 -22.757-26.842  8.712 10.893 49.419 15.268 -8.961-13.676  -9.79
 5123110 3 3 2 5 8 5975.5806 5976.6841
 13.476 -0.381  9.116 -9.866  3.917 23.844 30.919 18.613 -1.819
  -8.961-13.676  8.815 10.383 19.266  4.577  5.567  2.954 -51.97
 51331 734 3 5 813 5976.6841 5977.5854
 16.615 -0.402  8.696  3.917 18.005 30.919 34.313-33.358 -0.549
   5.567  2.954  9.770  8.069 11.395 19.525 18.972 16.401  34.81
 51431 956 8 51311 5977.5854 5978.5791
 14.023  0.718  8.333 18.005 30.961 34.313 22.866  1.454  0.814
  18.972 16.401  8.309  8.374 21.410 12.903 33.337 30.042 -15.75
 5153110 5 5 61110 5978.5791 5979.5708
 13.581 -0.995  9.047 30.961 43.452 22.866 22.945-14.300  0.444
  33.337 30.042  9.645  8.815  6.379 16.487 46.428 42.601   9.40
 516311018 3 1 4 5 5979.5708 5980.5791
 13.864  0.235-14.509-52.828-39.842  8.281 16.701 -9.177  0.348
 -50.502-53.818-14.873-14.355  2.472  5.809-36.682-40.402   7.02
 516311018 4 610 2 5979.5708 5980.5791
 15.759  0.498  8.060 43.452 58.349 22.945 17.675 -4.896  0.767
  46.428 42.601  8.312  7.988  5.101 17.844 61.325 56.890 -11.39
 5173110 5 3 2 5 7 5980.5791 5981.6172
 15.131  0.989-14.746-39.842-25.156 16.701 31.011 -2.159  0.759
 -36.682-40.402-14.862-14.726  2.514 14.187-22.789-27.273  10.37
 51831 911 4 3 7 7 5981.6172 5982.6987
 15.434 -0.794-15.773-25.156 -9.533 31.011 22.782  8.214 -1.876
 -22.789-27.273-15.444-16.067 14.641 16.370 -8.567-10.798  21.54
 5213110 8 3 710 4 5984.5771 5985.6016
 11.438  0.875-14.522 14.537 25.244 50.142 29.161 16.560 -4.919
  17.090 10.936-13.787-15.558 29.339 20.803 26.162 24.878   0.68
 52231 933 3 1 4 3 5985.6016 5986.6123
 13.093  0.704-15.418 25.244 37.488 29.161 11.290 17.242 -0.556
  26.162 24.878-15.144-15.528  8.327 20.834 37.642 37.374  52.40
 52231 933 0 0 1 2 5985.6016 5986.6123
 13.705  0.591-13.318 31.986 44.847 14.867 24.173  0.000  0.000
   0.000  0.000  0.000  0.000  0.000  0.000  0.000 44.005   0.00
 6 2311011 2 4 6 2 5996.5752 5997.6714
 12.613 -1.126  6.333-40.766-28.013 30.881 19.934-11.866 -6.874
 -34.910-42.542  7.556  5.962  7.184 23.696-27.372-28.237  22.59
 61031 742 5 510 9 6004.6787 6005.5957
 15.898 -0.409 11.810 27.621 41.304 12.859  6.649 -2.326 -0.342
  30.311 26.233 11.917 11.755  4.375  8.484 42.123 38.511 -11.92
 61131 941 3 6 9 2 6005.5957 6006.5889
 15.402  1.085 11.435 41.304 55.624  6.649  0.190-14.244 -3.153
  42.123 38.511 11.639 10.740  5.141  1.508 55.998 55.490   6.82
 7 1311037 1 2 3 4 6025.5576 6026.5591
 13.641  0.195 -6.487-45.781-33.102 13.195  1.998 14.418  2.288
 -45.755-47.066 -6.480 -6.815 12.935  0.261-32.245-35.750   2.16
 7 1311037 7 31018 6025.5576 6026.5591
 16.762  0.340  8.283-56.891-41.086 27.554 26.996  4.239  1.248
 -53.578-59.665  8.040  8.487 12.560 14.994-38.032-45.396  -1.65
 7 5311023 3 1 4 3 6029.5669 6030.6460
 13.865 -0.381 -7.038  8.919 22.825  4.148  1.556 54.371  1.098
   9.051  8.802 -6.856 -7.200  1.955  2.194 23.069 21.697 -80.69
 7 5311023 2 2 4 1 6029.5669 6030.6460
 15.770  0.655  7.383  9.485 25.447  2.368  0.293-52.269 -1.372
  10.113  9.267  8.189  7.104  0.610  1.758  0.000  0.000   0.00
 7 931 754 3 3 6 4 6033.6699 6034.6626
 14.805 -0.458 -7.356-10.437  3.284  8.306  3.285  8.487 -1.804
  -9.418-12.100 -7.206 -7.602  5.152  3.154  3.837  3.042  18.35
 7 931 754 0 0 1 2 6033.6699 6034.6626
 13.288 -0.695-21.629-36.502-24.287  0.616  3.141  0.000  0.000
   0.000  0.000  0.000  0.000  0.000  0.000  0.000-24.304   0.00
 71031 8 5 2 2 4 2 6034.6626 6035.6216
 16.070 -0.584 -6.902  3.284 17.757  3.285  2.329 26.835 -0.204
   3.837  3.042 -6.624 -7.024  1.002  2.283 17.794 17.176  -1.08
 71031 8 5 2 1 3 3 6034.6626 6035.6216
 14.505 -0.249-10.687-51.543-38.571  5.036  4.964  0.385  0.653
 -50.426-52.686-10.680-10.695  2.546  2.490-37.920-40.842  -0.83
 72231 924 1 3 4 2 6046.6074 6047.5801
 15.104 -0.493  9.570-49.234-35.501  3.802  5.641  2.638  0.619
 -49.115-52.133  9.565  9.702  3.652  0.150-35.114-38.752   0.50
 7293110 0 2 1 3 4 6053.5835 6054.5942
 13.104  0.032 -4.636-18.464 -6.203  9.073 14.514  0.856  1.159
 -17.334-20.147 -4.619 -4.661  5.428  3.645 -3.712 -7.688   0.09
 7293110 0 6 1 7 3 6053.5835 6054.5942
 14.839  0.093  6.907-27.040-13.024  9.107 12.177  9.417  1.085
 -25.603-28.521  6.670  7.151  4.624  4.483-11.255-15.283  -3.24
 73031 943 3 1 4 5 6054.5942 6055.5791
 16.506 -0.230 -4.668 -6.203  9.087 14.514  6.664  0.951  0.383
  -3.712 -7.688 -4.626 -4.692  5.422  9.092 10.002  5.652   2.94
 73031 943 2 1 3 5 6054.5942 6055.5791
 15.789  0.109  7.001-13.024  1.560 12.177 10.712  6.180 -1.071
 -11.255-15.283  6.811  7.244  6.828  5.348  2.277 -0.643   4.54
 8 13110 5 2 3 5 3 6056.5791 6057.5889
 16.405 -0.392 -4.913  7.443 23.020 24.532  3.197  7.729 -4.030
   9.901  5.283 -4.581 -5.205 11.474 13.057 23.073 22.592 -46.36
 8 13110 5 3 1 4 1 6056.5791 6057.5889
 16.610 -0.192  7.376 -0.187 15.597 55.723  5.958  3.881 -1.896
   1.294 -0.613  7.276  7.404 12.449 43.274  0.000  0.000   0.00
 8 231 952 2 1 3 1 6057.5889 6058.5957
 14.736  0.328 -4.517 23.020 36.874  3.197  3.007-38.628 -0.613
  23.073 22.592 -4.559 -4.176  2.848  0.349  0.000  0.000   0.00
 8 231 952 2 2 410 6057.5889 6058.5957
 14.571 -0.132 -7.230  7.676 21.363 12.633  5.370 30.281 -0.471
   8.958  6.612 -6.487 -7.846  5.728  6.905 22.282 20.812 -79.28
 8 231 952 2 2 4 3 6057.5889 6058.5957
 13.902 -0.526  6.676-52.659-39.645 12.299  9.545-12.215  1.906
 -51.104-53.437  7.011  6.509  4.104  8.195-35.635-39.927  16.19
 8 231 952 0 0 1 2 6057.5889 6058.5957
 15.157 -0.200  7.181 15.597 29.874  5.958  9.323  0.000  0.000
   0.000  0.000  0.000  0.000  0.000  0.000  0.000 29.840   0.00
 8 331 941 1 1 2 1 6058.5957 6059.6509
 14.922 -0.074  6.980 29.874 44.583  9.323  0.937 76.456 -0.290
  29.909 29.840  6.837  7.119  4.592  4.730  0.000  0.000   0.00
 8 331 941 2 810 6 6058.5957 6059.6509
 14.827 -0.229 -7.097 21.363 35.972  5.370  5.948-48.999 -0.151
  22.282 20.812 -8.145 -6.467  2.015  3.355 36.134 34.900 102.77
 8 331 941 2 1 3 1 6058.5957 6059.6509
 14.535  0.030  6.147-39.645-25.345  9.545  2.257  3.970 -4.278
 -35.635-39.927  5.870  6.166  0.626  8.919  0.000  0.000   0.00
 8 431 822 3 3 6 4 6059.6509 6060.6445
 13.829  0.730 -6.855 35.972 48.742  5.948 14.183 53.775 -1.241
  36.134 34.900 -6.635 -8.308  5.168  0.780 48.912 48.625-123.73
 81831 930 4 2 610 6073.6040 6074.5981
 16.599  0.088 -9.656 26.278 41.800 18.941 22.196  8.872  1.946
  29.986 25.231 -9.085 -9.817  4.170 14.771 45.193 38.428  -4.10
 83131 9 7 0 0 1 1 6086.6196 6087.6152
 13.847 -0.182  4.508-15.542 -2.730  7.317  2.588  0.000  0.000
   0.000  0.000  0.000  0.000  0.000  0.000  0.000  0.000   0.00
 83131 9 7 2 4 612 6086.6196 6087.6152
 13.678 -0.179 12.997-25.588-12.945 11.266 11.489 11.722  0.817
 -24.089-27.553 12.694 13.394  6.389  4.877-10.892-15.261  -9.15
 9 531 718 0 0 1 1 6091.6953 6092.6626
 13.621 -0.435 12.849 45.950 58.176  1.255  0.309  0.000  0.000
   0.000  0.000  0.000  0.000  0.000  0.000  0.000  0.000   0.00
 91031 729 3 5 812 6096.6880 6097.6025
 14.466 -0.338 -5.925 43.224 55.555 10.532 48.482 -6.182  3.108
  43.998 41.789 -6.009 -5.771  6.842  3.690 57.392 52.089  -0.90
 91231 9 8 1 1 210 6098.6187 6099.5933
 15.203 -0.438 10.478 -2.508 11.347  2.492 15.539 -8.491  0.060
  -1.127 -3.550 10.681 10.325  1.072  1.420 11.865  9.362   5.07
 91331 945 2 81013 6099.5933 6100.6167
 13.440 -0.158 10.051 11.347 24.098 15.539 17.218 -3.421  0.541
  11.865  9.362 10.081  9.934 12.323  3.216 25.760 22.830 -13.05
 91431 911 4 913 4 6100.6167 6101.6123
 13.848  0.131  9.889 24.098 36.910 17.218 23.161-16.475  0.461
  25.760 22.830 10.373  9.520  7.454  9.764 38.478 35.104  -0.32
 91431 911 1 2 3 1 6100.6167 6101.6123
 14.122 -0.292  4.668-55.522-42.437  3.100  0.877  6.832 -1.859
 -53.882-55.734  4.472  4.693  0.355  2.745  0.000  0.000   0.00
 91531 918 0 0 1 3 6101.6123 6102.6172
 15.665  0.260  4.376-42.437-27.684  0.877  1.294  0.000  0.000
   0.000  0.000  0.000  0.000  0.000  0.000  0.000-27.722   0.00
 91531 918 1 3 4 9 6101.6123 6102.6172
 13.587 -0.722 10.019 36.910 49.575 23.161 12.044-16.793 -0.110
  38.478 35.104 10.485  9.482 12.396 10.765 51.339 48.073   0.31
 91631 911 1 2 3 4 6102.6172 6103.6182
 13.094 -0.157  4.638-27.684-15.565  1.294  1.249-33.271  3.460
 -26.743-27.722  5.253  4.613  0.050  1.244-13.981-18.619  31.22
 91731 9 9 2 2 4 4 6103.6182 6104.6040
 14.318  0.100  9.157-58.832-45.683 12.288 15.414 10.519  0.949
 -58.339-61.270  9.067  9.604 10.223  2.065-45.441-49.367  -5.22
 92131 849 2 2 4 3 6107.6318 6108.6328
 15.078  0.065  8.521 -5.070  9.033 10.630  9.583 17.000  0.300
  -4.135 -5.408  8.238  8.623  2.821  7.809  9.353  7.801   1.31
 92231 848 1 2 3 2 6108.6328 6109.6831
 15.265 -0.253  8.586  9.033 24.038  9.583 11.258 18.310  0.822
   9.353  7.801  8.481  8.989  7.607  1.976 24.085 21.652 -27.43
 92231 848 4 5 9 3 6108.6328 6109.6831
 16.159 -0.277  8.690-14.656  1.288  5.127  1.065 -9.957 -0.179
 -12.628-16.072  9.042  8.444  2.109  3.018  1.434 -1.661 -11.00
 92331 736 1 1 2 2 6109.6831 6110.6953
 14.325 -0.131  8.320 24.038 37.537 11.258  4.176 -9.118  0.145
  24.085 21.652  8.328  7.941 11.041  0.216 37.566 35.146  31.12
 92331 736 2 1 3 3 6109.6831 6110.6953
 11.679 -1.663  8.398  1.288 12.109  1.065  0.260-20.961 -1.824
   1.434 -1.661  8.453  7.281  1.015  0.050 13.291 11.827  18.67
10 331 755 0 0 1 2 6119.6694 6120.6870
 13.102 -0.090 19.213-14.075 -1.748  4.743 11.399  0.000  0.000
   0.000  0.000  0.000  0.000  0.000  0.000  0.000 -2.018   0.00
10 331 755 0 0 1 1 6119.6694 6120.6870
 13.131  0.898 20.270 -5.018  7.339  0.413  0.050  0.000  0.000
   0.000  0.000  0.000  0.000  0.000  0.000  0.000  0.000   0.00
10 431 730 1 1 2 1 6120.6870 6121.6743
 15.527 -0.021 19.122 -1.748 12.612 11.399  7.705-19.475 -0.284
  -1.735 -2.018 19.126 19.031 10.890  0.509  0.000  0.000   0.00
10 531 748 0 0 1 1 6121.6743 6122.6680
 14.725 -1.075 19.101 12.612 26.265  7.705  1.420  0.000  0.000
   0.000  0.000  0.000  0.000  0.000  0.000  0.000  0.000   0.00
101331 856 1 1 2 3 6129.6270 6130.6484
 13.901  0.206  1.441 19.736 32.928  3.996  0.656 12.023  0.090
  20.075 18.710  1.369  1.660  3.004  0.993 34.109 32.678   3.52
102231 754 1 1 2 3 6138.6699 6139.6680
 14.371  0.256-13.801-36.525-23.169 17.660 11.841-23.939  4.228
 -36.505-36.953-13.810-13.617 16.859  0.801-22.738-27.309   4.46
102331 757 1 2 3 2 6139.6680 6140.6699
 13.301  0.221-14.056-23.169-10.828 11.841 18.571-19.483 -0.426
 -22.738-27.309-14.204-12.635 10.725  1.116-10.395-13.770 -20.65
102731 815 1 2 3 2 6143.6558 6144.6714
 14.231  1.021-15.133 28.187 41.643 13.170 28.764 -6.622  0.395
  29.902 28.158-15.325-15.130  0.219 12.951 41.692 40.961  77.00
102831 753 1 1 2 2 6144.6714 6145.6650
 14.802 -0.834-16.170 41.643 55.373 28.764 12.866 70.381 -1.342
  41.692 40.961-16.038-18.007 26.836  1.928 56.073 55.303 -63.73
11 431 727 1 2 310 6151.6890 6152.7627
 15.768 -0.103  0.621-39.627-23.756  2.467 11.850  3.662 -0.769
 -37.137-40.111  0.462  0.652  0.402  2.066-23.162-25.348   4.91
112231 748 2 1 3 3 6169.6743 6170.6831
 12.375 -0.920 12.093  4.822 16.315  6.629  1.395 39.729  3.254
   5.061  4.536 11.899 12.326  3.616  3.013 19.383 15.421 -32.15
112331 736 2 7 9 2 6170.6831 6171.7715
 15.648 -0.461 11.147-40.134-24.178 41.405 13.920  6.246 -5.950
 -37.949-46.639 10.913 11.846 30.993 10.412-24.110-26.782  -6.80
112931 733 2 2 4 2 6176.6846 6177.6875
 15.999  1.045 13.711 16.601 31.659  5.842  4.270-12.919  1.926
  17.166 16.103 13.837 13.600  2.737  3.105 31.664 29.001 -17.46
112931 733 1 1 2 1 6176.6846 6177.6875
 13.626 -0.083 12.615 24.040 36.717  0.523  0.050 -0.682 -0.427
  24.082 23.644 12.615 12.610  0.473  0.050  0.000  0.000   0.00
112931 733 2 3 5 3 6176.6846 6177.6875
 15.933 -0.096 10.669 36.970 51.961 37.441 26.373  2.898  2.670
  41.000 35.110 10.468 10.761 11.827 25.614 53.873 45.264  -4.38
113031 730 1 1 2 4 6177.6875 6178.6777
 12.291 -2.228 14.759 31.659 42.856  4.270  6.033-30.376  0.427
  31.664 29.001 14.763 13.253  4.261  0.009 46.053 42.589  22.59
121231 640 5 0 5 3 6189.7217 6190.7207
 15.561 -1.437  6.233 -8.866  5.704  9.058  6.084-41.014 -0.905
   3.985  0.000  3.446  0.000  2.475  1.000  6.910  2.549  41.84
121231 64010 111 9 6189.7217 6190.7207
 13.773 -1.386 12.559 12.289 25.072 43.207 28.810-21.028-14.891
  25.449  6.626 12.027  4.965 47.313  6.736 27.662 22.994   3.88
