 1 531 727 1 2 3 6 5848.6890 5849.7686
 13.166  0.851-17.112-18.031-59.897-46.737  4.284  2.094-17.278
 -59.909  4.604 12.346  2.391 -1.176 86.012-12.466 13.140   0.40
 1 531 727 1 2 3 6 5848.6890 5849.7686
 13.337  0.877-16.710-17.656-60.068-46.723  0.050  9.743-17.278
 -59.909  4.604 12.346  2.391 -1.176 86.012-12.466 13.140   0.40
 11131 741 1 2 3 3 5854.6792 5855.6821
 13.987 -0.571-18.411-17.838 17.642 30.686  1.566  0.516-18.154
  17.615  4.407  2.036  0.400  0.279-84.398-14.382 13.560  -0.43
 11131 741 1 2 3 3 5854.6792 5855.6821
 13.378 -0.581-18.257-17.675 17.606 30.039  2.365  1.470-18.154
  17.615  4.407  2.036  0.400  0.279-84.398-14.382 13.560  -0.43
 11831 751 1 5 6 4 5861.6729 5862.6772
 15.081 -0.378  6.092  5.712-21.506 -7.345  2.033  3.911  6.590
 -21.825  3.759  4.286  1.285  1.377 57.573-64.095 15.401  -0.82
 11831 751 1 5 6 4 5861.6729 5862.6772
 15.136 -0.045  5.754  5.709-21.923 -7.706  0.050  0.276  6.590
 -21.825  3.759  4.286  1.285  1.377 57.573-64.095 15.401  -0.82
 11931 745 2 2 415 5862.6772 5863.6787
 15.066 -0.199  5.712  5.514 -7.345  6.761  3.911  0.492  5.768
  -7.342  4.286  8.832  2.661 -0.620-64.095-13.372 14.263   0.04
 11931 745 2 2 415 5862.6772 5863.6787
 15.009 -0.132  5.709  5.576 -7.706  6.343  0.276  3.064  5.768
  -7.342  4.286  8.832  2.661 -0.620-64.095-13.372 14.263   0.04
 11931 745 2 2 415 5862.6772 5863.6787
 15.403 -0.168  8.230  8.063 -6.001  8.444  0.050  0.275  5.768
  -7.342  4.286  8.832  2.661 -0.620-64.095-13.372 14.263   0.04
 12031 742 1 1 2 1 5863.6787 5864.6904
 15.292  0.435  2.276  2.716-56.313-41.830  6.281  0.472  2.284
 -56.378  6.388  0.472  3.904 -3.904  7.049  0.000 15.356   0.43
 12031 742 9 615 7 5863.6787 5864.6904
 14.853 -0.362  5.260  4.894  4.112 18.150  0.182  2.697  5.805
   5.961  8.832  6.036  2.041  0.260-13.372 -6.190 13.863  -0.54
 12031 742 9 615 7 5863.6787 5864.6904
 14.630 -0.161  5.460  5.297  5.323 19.135  0.696  0.148  5.805
   5.961  8.832  6.036  2.041  0.260-13.372 -6.190 13.863  -0.54
 12031 742 9 615 7 5863.6787 5864.6904
 14.929 -0.110  5.616  5.504  6.068 20.183  0.899  0.243  5.805
   5.961  8.832  6.036  2.041  0.260-13.372 -6.190 13.863  -0.54
 12031 742 9 615 7 5863.6787 5864.6904
 14.995 -0.193  5.700  5.504  6.001 20.183  1.199  0.243  5.805
   5.961  8.832  6.036  2.041  0.260-13.372 -6.190 13.863  -0.54
 12031 742 9 615 7 5863.6787 5864.6904
 14.960 -0.160  5.576  5.414  6.343 20.490  3.064  1.580  5.805
   5.961  8.832  6.036  2.041  0.260-13.372 -6.190 13.863  -0.54
 12031 742 9 615 7 5863.6787 5864.6904
 14.866 -0.304  5.514  5.206  6.761 20.812  0.492  0.292  5.805
   5.961  8.832  6.036  2.041  0.260-13.372 -6.190 13.863  -0.54
 12031 742 9 615 7 5863.6787 5864.6904
 14.796 -0.410  6.898  6.483  6.691 20.672  0.050  0.050  5.805
   5.961  8.832  6.036  2.041  0.260-13.372 -6.190 13.863  -0.54
 12031 742 9 615 7 5863.6787 5864.6904
 14.935 -0.541  7.030  6.483  6.551 20.672  0.798  0.050  5.805
   5.961  8.832  6.036  2.041  0.260-13.372 -6.190 13.863  -0.54
 12131 725 5 2 711 5864.6904 5865.6929
 14.283 -0.537  4.894  4.355 18.150 31.491  2.697  0.240  5.260
  18.998  6.036  5.321  2.302  2.501 -6.190 -1.250 13.197  -0.27
 12131 725 5 2 711 5864.6904 5865.6929
 14.560 -0.564  5.504  4.939 20.183 33.802  0.243  0.471  5.260
  18.998  6.036  5.321  2.302  2.501 -6.190 -1.250 13.197  -0.27
 12131 725 5 2 711 5864.6904 5865.6929
 14.724 -0.501  5.414  4.912 20.490 34.274  1.580  0.967  5.260
  18.998  6.036  5.321  2.302  2.501 -6.190 -1.250 13.197  -0.27
 12131 725 5 2 711 5864.6904 5865.6929
 14.666 -0.280  5.206  4.926 20.812 34.537  0.292  0.380  5.260
  18.998  6.036  5.321  2.302  2.501 -6.190 -1.250 13.197  -0.27
 21731 726 1 1 2 2 5891.6895 5892.6855
 14.237  0.113 -2.701 -2.813-37.615-24.413 11.718  4.329 -2.769
 -37.545 12.318  6.815  2.010 -1.235-44.513-29.466 14.414   0.18
 21731 726 4 71114 5891.6895 5892.6855
 14.589 -0.439  6.466  6.029-38.240-24.688  0.450  1.663  6.214
 -43.862 10.299 20.623  5.579 -0.243 -2.154 -0.389 16.944   0.38
 21731 726 4 71114 5891.6895 5892.6855
 14.811 -0.166  6.194  6.029-38.462-24.688  1.347  1.663  6.214
 -43.862 10.299 20.623  5.579 -0.243 -2.154 -0.389 16.944   0.38
 21731 726 4 71114 5891.6895 5892.6855
 14.914  0.019  6.203  6.221-44.369-30.493  4.225  0.886  6.214
 -43.862 10.299 20.623  5.579 -0.243 -2.154 -0.389 16.944   0.38
 21731 726 4 71114 5891.6895 5892.6855
 14.620 -0.073  6.951  6.878-44.395-30.812  0.050  1.293  6.214
 -43.862 10.299 20.623  5.579 -0.243 -2.154 -0.389 16.944   0.38
 21731 726 4 71114 5891.6895 5892.6855
 14.538 -0.296  6.041  5.746-45.048-31.546  0.204  0.214  6.214
 -43.862 10.299 20.623  5.579 -0.243 -2.154 -0.389 16.944   0.38
 21731 726 4 71114 5891.6895 5892.6855
 14.916 -0.293  6.213  5.921-45.642-31.764  0.362  0.050  6.214
 -43.862 10.299 20.623  5.579 -0.243 -2.154 -0.389 16.944   0.38
 21731 726 4 71114 5891.6895 5892.6855
 14.349 -0.180  6.130  5.951-46.140-32.827  3.042  0.050  6.214
 -43.862 10.299 20.623  5.579 -0.243 -2.154 -0.389 16.944   0.38
 21731 726 5 712 6 5891.6895 5892.6855
 14.017  0.438 10.640 11.076 36.851 49.834  2.401  0.952 10.889
  38.852 12.383  8.515  3.450  1.141  1.696  5.088 16.145  -0.18
 21731 726 5 712 6 5891.6895 5892.6855
 13.903  0.091 10.986 11.076 36.965 49.834  1.154  0.952 10.889
  38.852 12.383  8.515  3.450  1.141  1.696  5.088 16.145  -0.18
 21731 726 5 712 6 5891.6895 5892.6855
 14.099  0.453 11.164 11.615 38.053 51.118  3.018  0.050 10.889
  38.852 12.383  8.515  3.450  1.141  1.696  5.088 16.145  -0.18
 21731 726 5 712 6 5891.6895 5892.6855
 14.394  0.118 11.497 11.615 37.760 51.118  0.314  0.050 10.889
  38.852 12.383  8.515  3.450  1.141  1.696  5.088 16.145  -0.18
 21731 726 5 712 6 5891.6895 5892.6855
 14.594  0.282 10.608 10.889 37.112 50.669  0.050  0.465 10.889
  38.852 12.383  8.515  3.450  1.141  1.696  5.088 16.145  -0.18
 21731 726 5 712 6 5891.6895 5892.6855
 14.224  0.471 10.419 10.889 37.481 50.669  0.444  0.465 10.889
  38.852 12.383  8.515  3.450  1.141  1.696  5.088 16.145  -0.18
 21731 726 5 712 6 5891.6895 5892.6855
 14.561  0.467 10.546 11.010 41.156 54.681  0.746  1.679 10.889
  38.852 12.383  8.515  3.450  1.141  1.696  5.088 16.145  -0.18
 21731 726 5 712 6 5891.6895 5892.6855
 14.474  0.147 10.864 11.010 41.243 54.681  3.216  1.679 10.889
  38.852 12.383  8.515  3.450  1.141  1.696  5.088 16.145  -0.18
 21831 732 1 1 2 2 5892.6855 5893.7944
 13.949  0.167 -3.194 -3.380-23.737 -9.355  2.486  0.072 -2.952
 -24.167  6.815  4.490  0.775  0.092-29.466-36.732 13.718  -0.07
 21831 732 1 1 2 2 5892.6855 5893.7944
 13.930  0.044 -2.813 -2.861-24.413-10.051  4.329  4.418 -2.952
 -24.167  6.815  4.490  0.775  0.092-29.466-36.732 13.718  -0.07
 21831 732 7 71418 5892.6855 5893.7944
 14.147  0.029  5.746  5.778-31.546-16.943  0.214  0.471  6.588
 -27.965 20.623 65.140  5.335  0.229 -0.389  2.742 14.049   0.42
 21831 732 7 71418 5892.6855 5893.7944
 14.344 -0.129  5.921  5.778-31.764-16.943  0.050  0.471  6.588
 -27.965 20.623 65.140  5.335  0.229 -0.389  2.742 14.049   0.42
 21831 732 7 71418 5892.6855 5893.7944
 14.144 -0.106  6.410  6.292-31.463-16.864  5.466  4.000  6.588
 -27.965 20.623 65.140  5.335  0.229 -0.389  2.742 14.049   0.42
 21831 732 7 71418 5892.6855 5893.7944
 13.632 -0.003  6.878  6.875-30.812-16.780  1.293  3.162  6.588
 -27.965 20.623 65.140  5.335  0.229 -0.389  2.742 14.049   0.42
 21831 732 7 71418 5892.6855 5893.7944
 13.729 -0.052  6.221  6.164-30.493-16.354  0.886 13.009  6.588
 -27.965 20.623 65.140  5.335  0.229 -0.389  2.742 14.049   0.42
 21831 732 7 71418 5892.6855 5893.7944
 14.128  0.202  6.528  6.752-26.845-12.264  0.462  3.713  6.588
 -27.965 20.623 65.140  5.335  0.229 -0.389  2.742 14.049   0.42
 21831 732 7 71418 5892.6855 5893.7944
 14.247  0.113  6.029  6.155-24.688 -9.975  1.663  4.436  6.588
 -27.965 20.623 65.140  5.335  0.229 -0.389  2.742 14.049   0.42
 21831 732 7 71418 5892.6855 5893.7944
 14.398 -0.078  6.241  6.155-24.856 -9.975  4.490  4.436  6.588
 -27.965 20.623 65.140  5.335  0.229 -0.389  2.742 14.049   0.42
 21831 732 7 71418 5892.6855 5893.7944
 13.827  0.278  8.190  8.498-25.766-11.518  2.935  0.739  6.588
 -27.965 20.623 65.140  5.335  0.229 -0.389  2.742 14.049   0.42
 21831 732 7 71418 5892.6855 5893.7944
 13.745 -0.124  8.888  8.750-29.094-14.937  0.430  6.825  6.588
 -27.965 20.623 65.140  5.335  0.229 -0.389  2.742 14.049   0.42
 21931 455 1 1 2 3 5893.7944 5894.7090
 14.641  0.375 -2.861 -3.204-10.051  2.443  4.418  3.430 -2.869
 -10.040  4.490  6.247  0.867  0.069-36.732 -4.073 14.832   0.30
 21931 455 9 91818 5893.7944 5894.7090
 14.087 -0.070  6.292  6.228-16.864 -4.877  4.000 47.036  7.051
 -13.471 65.140110.868  5.564  2.712  2.742 -5.698 14.746  -0.01
 21931 455 9 91818 5893.7944 5894.7090
 14.052 -0.236  8.265  8.049-15.552 -3.597  7.197  3.620  7.051
 -13.471 65.140110.868  5.564  2.712  2.742 -5.698 14.746  -0.01
 21931 455 9 91818 5893.7944 5894.7090
 13.642 -0.148  8.750  8.614-14.937 -3.357  6.825  1.107  7.051
 -13.471 65.140110.868  5.564  2.712  2.742 -5.698 14.746  -0.01
 21931 455 9 91818 5893.7944 5894.7090
 14.523  0.004  6.155  6.158 -9.975  2.411  4.436  0.050  7.051
 -13.471 65.140110.868  5.564  2.712  2.742 -5.698 14.746  -0.01
 21931 455 9 91818 5893.7944 5894.7090
 13.738 -0.253  8.498  8.267-11.518  0.150  0.739  0.050  7.051
 -13.471 65.140110.868  5.564  2.712  2.742 -5.698 14.746  -0.01
 21931 455 1 2 3 4 5893.7944 5894.7090
 15.002 -0.197  9.091  8.911  1.324 14.148  2.338  1.062  9.121
   0.613  3.205 10.660  2.599  1.615  2.465  7.929 13.874  -0.26
 22031 65911 71827 5894.7090 5895.6616
 15.774  0.952  7.314  8.220 -6.344  7.750  0.581  0.050  7.038
  -0.881110.868160.835  8.276  1.086 -5.698 -8.795 17.216   0.20
 22031 65911 71827 5894.7090 5895.6616
 15.693  0.541  8.049  8.564 -3.597 10.422  3.620  0.487  7.038
  -0.881110.868160.835  8.276  1.086 -5.698 -8.795 17.216   0.20
 22031 65911 71827 5894.7090 5895.6616
 15.879  0.971  4.977  5.903 -0.678 13.517  0.412  0.861  7.038
  -0.881110.868160.835  8.276  1.086 -5.698 -8.795 17.216   0.20
 22031 65911 71827 5894.7090 5895.6616
 15.158  0.611  8.474  9.056  0.876 14.384  2.095  0.134  7.038
  -0.881110.868160.835  8.276  1.086 -5.698 -8.795 17.216   0.20
 22031 65911 71827 5894.7090 5895.6616
 15.920  0.829  8.267  9.056  0.150 14.384  0.050  0.134  7.038
  -0.881110.868160.835  8.276  1.086 -5.698 -8.795 17.216   0.20
 22131 8 7 72027 8 5895.6616 5896.7207
 14.916  0.616  8.220  8.873  7.750 22.508  0.050  1.133  7.228
  14.588160.835103.584  9.363  1.090 -8.795 -7.960 13.001   0.56
 22131 8 7 72027 8 5895.6616 5896.7207
 14.256  0.483  8.362  8.873  8.448 22.508  0.988  1.133  7.228
  14.588160.835103.584  9.363  1.090 -8.795 -7.960 13.001   0.56
 22131 8 7 72027 8 5895.6616 5896.7207
 14.209  0.150  8.714  8.873  8.499 22.508  2.027  1.133  7.228
  14.588160.835103.584  9.363  1.090 -8.795 -7.960 13.001   0.56
 22131 8 7 72027 8 5895.6616 5896.7207
 14.015  0.166  8.550  8.727  9.380 23.184  0.612  2.186  7.228
  14.588160.835103.584  9.363  1.090 -8.795 -7.960 13.001   0.56
 22131 8 7 72027 8 5895.6616 5896.7207
 14.988  0.132  7.475  7.614 13.706 28.540  1.033  3.494  7.228
  14.588160.835103.584  9.363  1.090 -8.795 -7.960 13.001   0.56
 22131 8 7 7 51210 5895.6616 5896.7207
 13.972  0.058 -4.913 -4.975  8.616 22.374  0.050  0.280 -4.334
  11.489  9.779 24.518  3.906  2.478 11.941  0.310 14.085  -0.87
 22131 8 7 7 51210 5895.6616 5896.7207
 13.926 -0.063 -3.992 -3.925 12.511 26.221  0.336  1.293 -4.334
  11.489  9.779 24.518  3.906  2.478 11.941  0.310 14.085  -0.87
 22131 8 7 7 51210 5895.6616 5896.7207
 14.240  0.389 -3.214 -3.625 14.813 28.855  0.224  0.974 -4.334
  11.489  9.779 24.518  3.906  2.478 11.941  0.310 14.085  -0.87
 22131 8 7 7 51210 5895.6616 5896.7207
 14.375  0.166 -3.417 -3.593 15.204 29.389  0.235  1.808 -4.334
  11.489  9.779 24.518  3.906  2.478 11.941  0.310 14.085  -0.87
 22231 641 2 2 4 8 5896.7207 5897.6724
 13.974  0.327 12.696 13.007-46.198-33.836 10.435  0.515 11.862
 -45.564 14.972  8.213  3.484 -1.494 52.436 49.225 13.598   0.33
 22231 641 2 2 4 8 5896.7207 5897.6724
 13.901  0.781 10.926 11.669-46.113-33.821  0.177  0.458 11.862
 -45.564 14.972  8.213  3.484 -1.494 52.436 49.225 13.598   0.33
 22231 641 3 5 833 5896.7207 5897.6724
 14.839 -0.346  6.132  5.802 20.849 34.034 29.544 42.959  7.818
  27.317103.584153.354 10.453 -0.610 -7.960 -8.012 14.752  -0.39
 22231 641 3 5 833 5896.7207 5897.6724
 14.964 -0.198  9.060  8.871 21.938 35.242 10.642  1.809  7.818
  27.317103.584153.354 10.453 -0.610 -7.960 -8.012 14.752  -0.39
 22231 641 3 5 833 5896.7207 5897.6724
 14.653 -0.162  8.873  8.719 22.508 35.515  1.133  1.786  7.818
  27.317103.584153.354 10.453 -0.610 -7.960 -8.012 14.752  -0.39
 22231 641 3 5 833 5896.7207 5897.6724
 14.949 -0.508  8.727  8.244 23.184 36.474  2.186  0.050  7.818
  27.317103.584153.354 10.453 -0.610 -7.960 -8.012 14.752  -0.39
 22231 641 3 5 833 5896.7207 5897.6724
 14.782 -0.568  7.614  7.074 28.540 41.670  3.494  0.139  7.818
  27.317103.584153.354 10.453 -0.610 -7.960 -8.012 14.752  -0.39
 22231 641 3 5 833 5896.7207 5897.6724
 14.304 -0.411  7.921  7.530 31.616 44.292 22.185 34.303  7.818
  27.317103.584153.354 10.453 -0.610 -7.960 -8.012 14.752  -0.39
 22231 641 3 5 833 5896.7207 5897.6724
 15.075 -0.165  8.903  8.746 32.443 45.853 32.540 28.706  7.818
  27.317103.584153.354 10.453 -0.610 -7.960 -8.012 14.752  -0.39
 22231 641 4 61017 5896.7207 5897.6724
 14.867  0.245 -3.302 -3.535 23.209 36.421  2.110  4.759 -3.409
  25.367 24.518 38.662  6.384 -0.139  0.310 10.539 15.433   0.59
 22231 641 4 61017 5896.7207 5897.6724
 15.009 -0.008 -3.925 -3.918 26.221 39.568  1.293  2.758 -3.409
  25.367 24.518 38.662  6.384 -0.139  0.310 10.539 15.433   0.59
 22231 641 4 61017 5896.7207 5897.6724
 15.322  0.047 -6.267 -6.312 24.371 38.016  0.117  1.349 -3.409
  25.367 24.518 38.662  6.384 -0.139  0.310 10.539 15.433   0.59
 22231 641 4 61017 5896.7207 5897.6724
 15.073  0.410 -3.625 -4.016 28.855 42.263  0.974  0.050 -3.409
  25.367 24.518 38.662  6.384 -0.139  0.310 10.539 15.433   0.59
 22231 641 4 61017 5896.7207 5897.6724
 15.138  0.013 -3.191 -3.203 29.462 42.931  6.521 13.132 -3.409
  25.367 24.518 38.662  6.384 -0.139  0.310 10.539 15.433   0.59
 22331 752 9 21115 5897.6724 5898.6660
 14.093 -0.170  9.344  9.175-28.956-15.926  0.502  0.328 10.113
 -29.788 10.241 16.843  3.100  2.046 12.122 21.172 13.528   0.55
 22331 752 9 21115 5897.6724 5898.6660
 14.684 -0.115  9.366  9.252-29.995-16.378  1.157  0.404 10.113
 -29.788 10.241 16.843  3.100  2.046 12.122 21.172 13.528   0.55
 22331 752 9 21115 5897.6724 5898.6660
 14.746  0.179  9.770  9.949-28.487-14.807  0.402  0.050 10.113
 -29.788 10.241 16.843  3.100  2.046 12.122 21.172 13.528   0.55
 22331 752 9 21115 5897.6724 5898.6660
 14.442  0.128  9.821  9.949-28.184-14.807  0.793  0.050 10.113
 -29.788 10.241 16.843  3.100  2.046 12.122 21.172 13.528   0.55
 22331 752 9 21115 5897.6724 5898.6660
 13.989 -0.274 10.128  9.855-27.554-14.628  0.999  0.602 10.113
 -29.788 10.241 16.843  3.100  2.046 12.122 21.172 13.528   0.55
 22331 752 9 21115 5897.6724 5898.6660
 14.389 -0.150 10.313 10.164-28.598-15.273  0.415  1.179 10.113
 -29.788 10.241 16.843  3.100  2.046 12.122 21.172 13.528   0.55
 22331 752 9 21115 5897.6724 5898.6660
 14.839 -0.250 10.737 10.488-31.670-17.899  4.057  1.225 10.113
 -29.788 10.241 16.843  3.100  2.046 12.122 21.172 13.528   0.55
 22331 752 3 5 815 5897.6724 5898.6660
 17.671 -1.456 11.395  9.949-31.393-14.807  0.743  0.050 12.173
 -33.560  8.213 16.843  1.991  3.156 49.225 21.172 17.324  -1.53
 22331 752 3 5 815 5897.6724 5898.6660
 17.086 -1.511 11.782 10.281-33.703-17.699  0.580  2.770 12.173
 -33.560  8.213 16.843  1.991  3.156 49.225 21.172 17.324  -1.53
 22331 752 3 5 815 5897.6724 5898.6660
 17.203 -1.397 11.669 10.281-33.821-17.699  0.458  2.770 12.173
 -33.560  8.213 16.843  1.991  3.156 49.225 21.172 17.324  -1.53
 22331 752 3 5 815 5897.6724 5898.6660
 16.938 -1.186 11.460 10.281-33.557-17.699  2.001  2.770 12.173
 -33.560  8.213 16.843  1.991  3.156 49.225 21.172 17.324  -1.53
 22331 752 3 5 815 5897.6724 5898.6660
 17.222 -1.649 13.007 11.368-33.836-17.696  0.515  0.050 12.173
 -33.560  8.213 16.843  1.991  3.156 49.225 21.172 17.324  -1.53
 22331 752 3 5 815 5897.6724 5898.6660
 17.843 -1.633 12.991 11.368-34.453-17.696  0.050  0.050 12.173
 -33.560  8.213 16.843  1.991  3.156 49.225 21.172 17.324  -1.53
 22331 75212213328 5897.6724 5898.6660
 14.115  0.229  8.790  9.018 34.248 47.301  6.170  9.412  7.445
  40.420153.354 98.332  9.843  1.117 -8.012 -5.188 15.155   0.66
 22331 75212213328 5897.6724 5898.6660
 14.370  0.287  8.975  9.261 34.564 47.870  1.091  1.428  7.445
  40.420153.354 98.332  9.843  1.117 -8.012 -5.188 15.155   0.66
 22331 75212213328 5897.6724 5898.6660
 13.661  0.403  8.618  9.018 34.700 47.301  0.185  9.412  7.445
  40.420153.354 98.332  9.843  1.117 -8.012 -5.188 15.155   0.66
 22331 75212213328 5897.6724 5898.6660
 14.391  0.165  8.871  9.035 35.242 48.568  1.809  0.619  7.445
  40.420153.354 98.332  9.843  1.117 -8.012 -5.188 15.155   0.66
 22331 75212213328 5897.6724 5898.6660
 13.992  0.275  9.397  9.670 35.270 48.200  0.139  0.105  7.445
  40.420153.354 98.332  9.843  1.117 -8.012 -5.188 15.155   0.66
 22331 75212213328 5897.6724 5898.6660
 13.707  0.168  9.503  9.670 35.553 48.200  0.483  0.105  7.445
  40.420153.354 98.332  9.843  1.117 -8.012 -5.188 15.155   0.66
 22331 75212213328 5897.6724 5898.6660
 14.116  0.318  8.719  9.035 35.515 48.568  1.786  0.619  7.445
  40.420153.354 98.332  9.843  1.117 -8.012 -5.188 15.155   0.66
 22331 75212213328 5897.6724 5898.6660
 13.645  0.403  8.635  9.035 35.983 48.568  0.390  0.619  7.445
  40.420153.354 98.332  9.843  1.117 -8.012 -5.188 15.155   0.66
 22331 75212213328 5897.6724 5898.6660
 13.746  0.156  6.882  7.037 36.164 48.850  0.787  0.050  7.445
  40.420153.354 98.332  9.843  1.117 -8.012 -5.188 15.155   0.66
 22331 75212213328 5897.6724 5898.6660
 14.339  0.440  6.986  7.423 37.200 50.475  0.050  3.393  7.445
  40.420153.354 98.332  9.843  1.117 -8.012 -5.188 15.155   0.66
 22331 75212213328 5897.6724 5898.6660
 14.033  0.386  7.829  8.212 39.681 52.651  1.505  0.050  7.445
  40.420153.354 98.332  9.843  1.117 -8.012 -5.188 15.155   0.66
 22331 75212213328 5897.6724 5898.6660
 14.520  0.476  6.679  7.153 41.013 54.467  0.791  0.050  7.445
  40.420153.354 98.332  9.843  1.117 -8.012 -5.188 15.155   0.66
 22331 75212213328 5897.6724 5898.6660
 14.116  0.067  7.086  7.153 41.414 54.467  1.812  0.050  7.445
  40.420153.354 98.332  9.843  1.117 -8.012 -5.188 15.155   0.66
 22331 75212213328 5897.6724 5898.6660
 13.995  0.264  7.074  7.337 41.670 54.603  0.139  3.283  7.445
  40.420153.354 98.332  9.843  1.117 -8.012 -5.188 15.155   0.66
 22331 75212213328 5897.6724 5898.6660
 14.053  0.285  7.475  7.758 42.385 55.375  3.502  0.175  7.445
  40.420153.354 98.332  9.843  1.117 -8.012 -5.188 15.155   0.66
 22331 75212213328 5897.6724 5898.6660
 14.474  0.131  8.537  8.668 43.223 56.632  0.484  0.269  7.445
  40.420153.354 98.332  9.843  1.117 -8.012 -5.188 15.155   0.66
 22331 75212213328 5897.6724 5898.6660
 14.349  0.180  8.954  9.133 43.691 56.975  1.761  0.050  7.445
  40.420153.354 98.332  9.843  1.117 -8.012 -5.188 15.155   0.66
 22331 75212213328 5897.6724 5898.6660
 14.303  0.128  8.858  8.986 44.440 57.679  1.037  0.050  7.445
  40.420153.354 98.332  9.843  1.117 -8.012 -5.188 15.155   0.66
 22331 752 6111712 5897.6724 5898.6660
 14.299  0.108 -6.446 -6.554 35.958 49.193  0.644  0.050 -3.967
  39.118 38.662 10.969  6.245 -0.881 10.539 14.790 16.075  -0.70
 22331 752 6111712 5897.6724 5898.6660
 14.492  0.103 -3.856 -3.958 35.549 48.976  8.068  0.816 -3.967
  39.118 38.662 10.969  6.245 -0.881 10.539 14.790 16.075  -0.70
 22331 752 6111712 5897.6724 5898.6660
 13.594  0.151 -3.535 -3.685 36.421 48.956  4.759  0.530 -3.967
  39.118 38.662 10.969  6.245 -0.881 10.539 14.790 16.075  -0.70
 22331 752 6111712 5897.6724 5898.6660
 14.123  0.299 -3.918 -4.215 39.568 52.628  2.758  1.092 -3.967
  39.118 38.662 10.969  6.245 -0.881 10.539 14.790 16.075  -0.70
 22331 752 6111712 5897.6724 5898.6660
 13.719  0.181 -3.203 -3.384 42.931 55.590 13.132  0.981 -3.967
  39.118 38.662 10.969  6.245 -0.881 10.539 14.790 16.075  -0.70
 22331 752 6111712 5897.6724 5898.6660
 14.353  0.253 -3.132 -3.384 42.301 55.590  0.764  0.981 -3.967
  39.118 38.662 10.969  6.245 -0.881 10.539 14.790 16.075  -0.70
 22431 8 0 2 6 8 2 5898.6660 5899.6606
 14.249  0.052  6.645  6.697-53.325-40.130  0.343  2.918  7.747
 -52.007  6.452  2.968  3.277  0.594-26.114-17.835 12.987  -1.04
 22431 8 0 2 6 8 2 5898.6660 5899.6606
 14.645  0.165  6.533  6.697-53.719-40.130  1.055  2.918  7.747
 -52.007  6.452  2.968  3.277  0.594-26.114-17.835 12.987  -1.04
 22431 8 0 2 6 8 2 5898.6660 5899.6606
 14.524 -0.224  6.920  6.697-53.598-40.130  1.126  2.918  7.747
 -52.007  6.452  2.968  3.277  0.594-26.114-17.835 12.987  -1.04
 22431 8 0 6 91512 5898.6660 5899.6606
 13.984 -0.062 12.176 12.114-20.413 -7.482  2.767  1.039 10.657
 -17.319 16.843 10.539  5.146 -1.234 21.172 14.251 14.616   0.41
 22431 8 0 6 91512 5898.6660 5899.6606
 13.605  0.019 10.281 10.300-17.699 -5.145  2.770  0.232 10.657
 -17.319 16.843 10.539  5.146 -1.234 21.172 14.251 14.616   0.41
 22431 8 0 6 91512 5898.6660 5899.6606
 13.708  0.326 11.175 11.499-18.335 -5.679  0.050  1.536 10.657
 -17.319 16.843 10.539  5.146 -1.234 21.172 14.251 14.616   0.41
 22431 8 0 6 91512 5898.6660 5899.6606
 13.065  0.132 11.368 11.499-17.696 -5.679  0.050  1.536 10.657
 -17.319 16.843 10.539  5.146 -1.234 21.172 14.251 14.616   0.41
 22431 8 0 6 91512 5898.6660 5899.6606
 13.617  0.196  9.252  9.447-16.378 -3.812  0.404  0.136 10.657
 -17.319 16.843 10.539  5.146 -1.234 21.172 14.251 14.616   0.41
 22431 8 0 6 91512 5898.6660 5899.6606
 13.240  0.238  9.175  9.411-15.926 -3.735  0.328  0.177 10.657
 -17.319 16.843 10.539  5.146 -1.234 21.172 14.251 14.616   0.41
 22431 8 0 6 91512 5898.6660 5899.6606
 13.654  0.342  9.418  9.758-13.911 -1.308  4.383  0.596 10.657
 -17.319 16.843 10.539  5.146 -1.234 21.172 14.251 14.616   0.41
 22431 8 0 6 91512 5898.6660 5899.6606
 13.260  0.204  9.855 10.059-14.628 -2.416  0.602  0.209 10.657
 -17.319 16.843 10.539  5.146 -1.234 21.172 14.251 14.616   0.41
 22431 8 0 6 91512 5898.6660 5899.6606
 13.909 -0.106 10.164 10.059-15.273 -2.416  1.179  0.209 10.657
 -17.319 16.843 10.539  5.146 -1.234 21.172 14.251 14.616   0.41
 22431 8 0 6 91512 5898.6660 5899.6606
 13.441  0.111  9.949 10.059-14.807 -2.416  0.050  0.209 10.657
 -17.319 16.843 10.539  5.146 -1.234 21.172 14.251 14.616   0.41
 22531 8 8 1 1 2 2 5899.6606 5900.6626
 14.806  0.630  6.697  7.328-40.130-26.277  2.918  1.118  6.717
 -40.068  2.968  2.423  3.871  0.193-17.835-13.127 16.890   1.11
 22531 8 8 1 1 2 2 5899.6606 5900.6626
 15.090  0.368  7.882  8.251-36.420-22.282  0.050  1.304  6.717
 -40.068  2.968  2.423  3.871  0.193-17.835-13.127 16.890   1.11
 22531 8 8 6 61217 5899.6606 5900.6626
 13.982  0.080 12.088 12.168 -5.965  7.063  1.129  0.633 11.069
  -3.760 10.539 13.710  3.912 -0.358 14.251 20.895 13.737   0.04
 22531 8 8 6 61217 5899.6606 5900.6626
 14.261  0.013 11.499 11.512 -5.679  7.628  1.536  0.841 11.069
  -3.760 10.539 13.710  3.912 -0.358 14.251 20.895 13.737   0.04
 22531 8 8 6 61217 5899.6606 5900.6626
 13.689  0.247  9.447  9.694 -3.812  8.923  0.136  0.050 11.069
  -3.760 10.539 13.710  3.912 -0.358 14.251 20.895 13.737   0.04
 22531 8 8 6 61217 5899.6606 5900.6626
 13.880  0.299  9.758 10.057 -1.308 11.618  0.596  0.148 11.069
  -3.760 10.539 13.710  3.912 -0.358 14.251 20.895 13.737   0.04
 22531 8 8 6 61217 5899.6606 5900.6626
 14.442  0.453  9.100  9.554 -0.387 13.102  0.484  0.321 11.069
  -3.760 10.539 13.710  3.912 -0.358 14.251 20.895 13.737   0.04
 22531 8 8 6 61217 5899.6606 5900.6626
 14.068  0.003 10.059 10.062 -2.416 10.697  0.209  0.050 11.069
  -3.760 10.539 13.710  3.912 -0.358 14.251 20.895 13.737   0.04
 22531 8 8 6 61217 5899.6606 5900.6626
 13.613  0.282  9.411  9.694 -3.735  8.923  0.177  0.050 11.069
  -3.760 10.539 13.710  3.912 -0.358 14.251 20.895 13.737   0.04
 3 231 742 1 1 2 3 5904.6787 5905.6929
 14.716  0.512 -6.581 -7.100 -9.901  4.033 10.417  1.450 -6.575
  -9.920 10.697 24.872  0.775  1.170-17.943 22.067 14.497   0.13
 3 231 742 1 1 2 3 5904.6787 5905.6929
 15.212  0.333 -6.342 -6.680-10.643  3.795  0.280 23.198 -6.575
  -9.920 10.697 24.872  0.775  1.170-17.943 22.067 14.497   0.13
 3 231 742 2 4 6 8 5904.6787 5905.6929
 13.447 -0.279 -8.933 -8.651-17.304 -4.657  0.557  0.050 -8.633
 -18.102  7.508  1.786  0.783  0.835-44.341-48.648 14.144  -0.79
 3 231 742 2 4 6 8 5904.6787 5905.6929
 13.974 -0.380 -9.036 -8.651-17.839 -4.657  1.762  0.050 -8.633
 -18.102  7.508  1.786  0.783  0.835-44.341-48.648 14.144  -0.79
 3 231 742 2 4 6 8 5904.6787 5905.6929
 13.832 -0.611 -8.845 -8.225-18.104 -5.065  3.298  0.050 -8.633
 -18.102  7.508  1.786  0.783  0.835-44.341-48.648 14.144  -0.79
 3 231 742 2 4 6 8 5904.6787 5905.6929
 13.981 -0.272 -8.501 -8.225-18.254 -5.065  0.050  0.050 -8.633
 -18.102  7.508  1.786  0.783  0.835-44.341-48.648 14.144  -0.79
 3 231 742 2 4 6 8 5904.6787 5905.6929
 14.239 -0.409 -8.110 -7.695-18.510 -5.059  1.028  0.369 -8.633
 -18.102  7.508  1.786  0.783  0.835-44.341-48.648 14.144  -0.79
 3 231 742 2 4 6 8 5904.6787 5905.6929
 14.406 -0.280 -7.367 -7.083-18.690 -5.070  0.813  0.745 -8.633
 -18.102  7.508  1.786  0.783  0.835-44.341-48.648 14.144  -0.79
 3 331 722 2 1 3 3 5905.6929 5906.6777
 14.561  0.711 -7.100 -7.801  4.033 17.405  1.450  0.153 -6.712
   3.792 24.872  9.471  1.945  1.446 22.067 -8.895 14.344   0.69
 3 331 722 2 1 3 3 5905.6929 5906.6777
 14.510  0.744 -6.680 -7.413  3.795 17.116 23.198  8.840 -6.712
   3.792 24.872  9.471  1.945  1.446 22.067 -8.895 14.344   0.69
 3 331 722 3 5 8 3 5905.6929 5906.6777
 14.690 -0.396 -8.225 -7.835 -5.065  8.433  0.050  0.711 -7.828
  -4.748  1.786  1.189  1.618 -1.115-48.648-88.106 14.374   0.21
 3 331 722 3 5 8 3 5905.6929 5906.6777
 14.284 -0.433 -8.651 -8.224 -4.657  8.442  0.050  0.427 -7.828
  -4.748  1.786  1.189  1.618 -1.115-48.648-88.106 14.374   0.21
 3 331 722 3 5 8 3 5905.6929 5906.6777
 14.508 -0.106 -9.412 -9.308 -4.801  8.519  0.050  0.050 -7.828
  -4.748  1.786  1.189  1.618 -1.115-48.648-88.106 14.374   0.21
 3 331 722 7 61315 5905.6929 5906.6777
 13.277  1.135 -8.336 -9.453-47.497-35.389  5.034  0.106 -9.161
 -54.146 24.225 21.529  7.748  2.126  7.360  7.714 14.702   0.42
 3 331 722 7 61315 5905.6929 5906.6777
 13.544  0.745 -8.720 -9.453-47.760-35.389  0.050  0.106 -9.161
 -54.146 24.225 21.529  7.748  2.126  7.360  7.714 14.702   0.42
 3 331 722 7 61315 5905.6929 5906.6777
 13.661  1.105 -8.197 -9.285-53.189-40.703  0.725  1.257 -9.161
 -54.146 24.225 21.529  7.748  2.126  7.360  7.714 14.702   0.42
 3 331 722 7 61315 5905.6929 5906.6777
 13.532  0.901 -9.360-10.247-56.216-43.858  1.927  8.349 -9.161
 -54.146 24.225 21.529  7.748  2.126  7.360  7.714 14.702   0.42
 3 331 722 7 61315 5905.6929 5906.6777
 13.213  0.984 -9.026 -9.995-56.212-44.168  2.867  0.921 -9.161
 -54.146 24.225 21.529  7.748  2.126  7.360  7.714 14.702   0.42
 3 331 722 7 61315 5905.6929 5906.6777
 14.179  0.763 -9.244 -9.995-57.163-44.168  2.284  0.921 -9.161
 -54.146 24.225 21.529  7.748  2.126  7.360  7.714 14.702   0.42
 3 331 722 7 61315 5905.6929 5906.6777
 13.726  1.108 -8.661 -9.752-56.819-44.270  0.050  2.526 -9.161
 -54.146 24.225 21.529  7.748  2.126  7.360  7.714 14.702   0.42
 3 431 744 51015 1 5906.6777 5907.6699
 16.573  0.932 -9.005 -9.930-40.263-24.792  0.208  0.107 -9.570
 -40.635 21.529  0.107  9.874 -9.874  7.714  0.000 16.947   0.36
 3 431 744 51015 1 5906.6777 5907.6699
 17.015  0.650 -9.285 -9.930-40.703-24.792  1.257  0.107 -9.570
 -40.635 21.529  0.107  9.874 -9.874  7.714  0.000 16.947   0.36
 3 431 744 51015 1 5906.6777 5907.6699
 17.455  0.652 -9.284 -9.930-41.139-24.792  0.599  0.107 -9.570
 -40.635 21.529  0.107  9.874 -9.874  7.714  0.000 16.947   0.36
 3 531 754 11112 6 5907.6699 5908.6675
 16.891  0.161 -7.318 -7.478 23.125 38.990  2.403  0.248 -7.338
  27.553 39.848 26.479  6.759  1.194 -3.223 -2.482 16.110   0.34
 3 531 754 11112 6 5907.6699 5908.6675
 17.038  0.181 -6.985 -7.165 23.162 39.174  9.894  0.050 -7.338
  27.553 39.848 26.479  6.759  1.194 -3.223 -2.482 16.110   0.34
 3 531 754 11112 6 5907.6699 5908.6675
 17.562  0.403 -7.077 -7.478 22.456 38.990  0.050  0.248 -7.338
  27.553 39.848 26.479  6.759  1.194 -3.223 -2.482 16.110   0.34
 3 531 754 11112 6 5907.6699 5908.6675
 17.506  0.571 -6.909 -7.478 22.511 38.990  0.406  0.248 -7.338
  27.553 39.848 26.479  6.759  1.194 -3.223 -2.482 16.110   0.34
 3 531 754 0 0 1 9 5907.6699 5908.6675
 13.220  0.162 -9.930-10.092-24.792-12.587  0.107  0.258 -9.930
 -24.792  0.107 15.156  0.000  7.877  0.000  7.456 12.607  -0.40
 3 631 759 1 5 6 1 5908.6675 5909.6362
 14.473  0.345 -7.722 -8.056 43.584 56.654 23.357 26.346 -7.682
  42.639 26.479 26.346  7.953 -7.953 -2.482  0.000 15.449   0.39
 3 631 759 6 3 914 5908.6675 5909.6362
 14.836  0.065 -8.219 -8.281 -5.659  7.762  1.444  0.504 -9.529
 -13.199 15.156 18.177  7.877  2.475  7.456  9.068 16.200  -0.21
 3 631 759 6 3 914 5908.6675 5909.6362
 15.117 -0.052 -8.331 -8.281 -5.931  7.762  1.171  0.504 -9.529
 -13.199 15.156 18.177  7.877  2.475  7.456  9.068 16.200  -0.21
 3 631 759 6 3 914 5908.6675 5909.6362
 15.007 -0.040 -8.538 -8.499 -6.543  7.044  0.292  4.158 -9.529
 -13.199 15.156 18.177  7.877  2.475  7.456  9.068 16.200  -0.21
 3 631 759 6 3 914 5908.6675 5909.6362
 14.867 -0.084 -9.871 -9.790-12.467  0.985  0.436  0.301 -9.529
 -13.199 15.156 18.177  7.877  2.475  7.456  9.068 16.200  -0.21
 3 631 759 6 3 914 5908.6675 5909.6362
 14.992 -0.312-10.092 -9.790-12.587  0.985  0.258  0.301 -9.529
 -13.199 15.156 18.177  7.877  2.475  7.456  9.068 16.200  -0.21
 3 631 759 6 3 914 5908.6675 5909.6362
 14.722 -0.194-10.045 -9.857-18.660 -5.349  3.473  0.499 -9.529
 -13.199 15.156 18.177  7.877  2.475  7.456  9.068 16.200  -0.21
 3 831 9 9 5 2 717 5910.6182 5911.6201
 11.974 -0.005-10.076-10.071 19.307 30.321  0.050  0.438 -9.001
  18.928  2.613 14.373  2.092  2.275 26.501  6.185 11.509   0.68
 3 831 9 9 5 2 717 5910.6182 5911.6201
 12.443 -0.114 -9.081 -8.966 20.002 31.487  0.102  0.104 -9.001
  18.928  2.613 14.373  2.092  2.275 26.501  6.185 11.509   0.68
 3 831 9 9 5 2 717 5910.6182 5911.6201
 12.077 -0.046 -9.213 -9.167 20.520 31.638  0.050  0.342 -9.001
  18.928  2.613 14.373  2.092  2.275 26.501  6.185 11.509   0.68
 3 931 9 713 417 8 5911.6201 5912.6196
 14.406 -0.232 -9.720 -9.489 30.294 43.708  1.438  0.050 -9.686
  29.477 14.373 12.880  4.367  0.892  6.185  1.277 15.084   0.27
 3 931 9 713 417 8 5911.6201 5912.6196
 14.379 -0.583-10.071 -9.489 30.321 43.708  0.438  0.050 -9.686
  29.477 14.373 12.880  4.367  0.892  6.185  1.277 15.084   0.27
 3 931 9 713 417 8 5911.6201 5912.6196
 14.886 -0.667 -9.553 -8.886 31.249 45.143  2.849  0.050 -9.686
  29.477 14.373 12.880  4.367  0.892  6.185  1.277 15.084   0.27
 3 931 9 713 417 8 5911.6201 5912.6196
 14.497 -0.281 -9.167 -8.886 31.638 45.143  0.342  0.050 -9.686
  29.477 14.373 12.880  4.367  0.892  6.185  1.277 15.084   0.27
 3 931 9 713 417 8 5911.6201 5912.6196
 14.190 -0.246-10.250-10.004 32.904 46.102  0.439  4.905 -9.686
  29.477 14.373 12.880  4.367  0.892  6.185  1.277 15.084   0.27
 3 931 9 713 417 8 5911.6201 5912.6196
 15.179 -0.623-10.167 -9.544 34.799 48.986  0.050  0.448 -9.686
  29.477 14.373 12.880  4.367  0.892  6.185  1.277 15.084   0.27
 31431 759 1 1 2 2 5916.6675 5917.6133
 14.983  0.884  7.042  7.878-21.845 -8.603  4.561  2.323  6.943
 -21.680  5.454  4.956  1.167 -0.172 31.128 41.078 15.234   0.62
 31431 759 1 1 2 2 5916.6675 5917.6133
 14.719  0.830  6.439  7.224-20.839 -7.847  0.893  2.633  6.943
 -21.680  5.454  4.956  1.167 -0.172 31.128 41.078 15.234   0.62
 31431 759 9 71617 5916.6675 5917.6133
 14.666  0.551  3.362  3.883-12.013  0.928  2.520 16.453  4.592
  -8.006 29.269 41.175  6.347  0.234 -1.358 -5.430 12.815   0.07
 31431 759 9 71617 5916.6675 5917.6133
 14.896  0.230  3.812  4.029-12.663  0.496  1.829  0.297  4.592
  -8.006 29.269 41.175  6.347  0.234 -1.358 -5.430 12.815   0.07
 31431 759 9 71617 5916.6675 5917.6133
 15.033  0.565  4.412  4.946-13.492 -0.204  2.172  0.438  4.592
  -8.006 29.269 41.175  6.347  0.234 -1.358 -5.430 12.815   0.07
 31431 759 9 71617 5916.6675 5917.6133
 14.167  0.236  5.289  5.511-10.299  2.171  2.722  2.014  4.592
  -8.006 29.269 41.175  6.347  0.234 -1.358 -5.430 12.815   0.07
 31431 759 9 71617 5916.6675 5917.6133
 14.381  0.485  6.010  6.468 -6.443  6.229  7.301  4.931  4.592
  -8.006 29.269 41.175  6.347  0.234 -1.358 -5.430 12.815   0.07
 31431 759 9 71617 5916.6675 5917.6133
 14.473  0.436  2.790  3.202 -6.917  5.841  0.050  0.874  4.592
  -8.006 29.269 41.175  6.347  0.234 -1.358 -5.430 12.815   0.07
 31431 759 9 71617 5916.6675 5917.6133
 14.320  0.139  3.646  3.777 -5.238  7.376  1.054  0.853  4.592
  -8.006 29.269 41.175  6.347  0.234 -1.358 -5.430 12.815   0.07
 31431 759 9 71617 5916.6675 5917.6133
 14.973  0.383  4.549  4.911 -4.849  8.384  2.820  4.426  4.592
  -8.006 29.269 41.175  6.347  0.234 -1.358 -5.430 12.815   0.07
 31531 916 1 1 2 4 5917.6133 5918.8130
 15.100 -1.205  7.600  6.154-45.929-28.988 11.202  4.974  7.738
 -46.387 31.102 18.210  0.742 -0.137 16.936 43.322 15.188  -1.15
 31531 916 1 1 2 4 5917.6133 5918.8130
 15.319 -1.162  7.816  6.422-46.645-29.442 19.900  9.751  7.738
 -46.387 31.102 18.210  0.742 -0.137 16.936 43.322 15.188  -1.15
 31531 916 1 1 2 1 5917.6133 5918.8130
 14.460 -0.467  7.224  6.664 -7.847  8.326  2.633  0.050  7.531
  -8.201  4.956  0.050  0.995 -0.995 41.078  0.000 14.756  -0.72
 31531 91610 717 9 5917.6133 5918.8130
 14.770 -0.578  5.675  4.982 -0.819 15.726  4.520  0.814  4.658
   3.185 41.175 14.805  6.581 -4.506 -5.430-35.721 13.105  -0.34
 31531 91610 717 9 5917.6133 5918.8130
 14.782 -0.309  4.402  4.031 -0.057 16.502  1.271  0.050  4.658
   3.185 41.175 14.805  6.581 -4.506 -5.430-35.721 13.105  -0.34
 31531 91610 717 9 5917.6133 5918.8130
 14.430 -0.434  4.029  3.509  0.496 16.632  0.297  1.990  4.658
   3.185 41.175 14.805  6.581 -4.506 -5.430-35.721 13.105  -0.34
 31531 91610 717 9 5917.6133 5918.8130
 14.628 -0.248  3.883  3.585  0.928 17.302 16.453  5.362  4.658
   3.185 41.175 14.805  6.581 -4.506 -5.430-35.721 13.105  -0.34
 31531 91610 717 9 5917.6133 5918.8130
 14.687 -0.327  5.511  5.119  2.171 18.615  2.014  5.387  4.658
   3.185 41.175 14.805  6.581 -4.506 -5.430-35.721 13.105  -0.34
 31531 91610 717 9 5917.6133 5918.8130
 14.451 -0.638  6.760  5.995  2.144 18.306  0.353  0.253  4.658
   3.185 41.175 14.805  6.581 -4.506 -5.430-35.721 13.105  -0.34
 31631 429 2 2 4 6 5918.8130 5919.6650
 13.748  0.408  5.788  6.136-29.305-18.428  1.115  0.050  6.363
 -29.341 18.210 27.101  0.605  0.140 43.322 -3.096 13.796   0.50
 31631 429 2 2 4 6 5918.8130 5919.6650
 13.743  0.737  6.154  6.782-28.988-18.116  4.974  2.559  6.363
 -29.341 18.210 27.101  0.605  0.140 43.322 -3.096 13.796   0.50
 31631 429 2 2 4 6 5918.8130 5919.6650
 14.275  0.423  6.422  6.782-29.442-18.116  9.751  2.559  6.363
 -29.341 18.210 27.101  0.605  0.140 43.322 -3.096 13.796   0.50
 31631 429 5 4 912 5918.8130 5919.6650
 13.644  0.713  4.982  5.590 15.726 26.514  0.814  0.855  4.247
  17.731 14.805 27.248  2.076  0.146-35.721-61.943 13.324   1.36
 31631 429 5 4 912 5918.8130 5919.6650
 13.611  0.682  4.031  4.613 16.502 27.262  0.050  2.078  4.247
  17.731 14.805 27.248  2.076  0.146-35.721-61.943 13.324   1.36
 31631 429 5 4 912 5918.8130 5919.6650
 13.680  0.393  3.509  3.843 16.632 27.451  1.990  0.050  4.247
  17.731 14.805 27.248  2.076  0.146-35.721-61.943 13.324   1.36
 31631 429 5 4 912 5918.8130 5919.6650
 13.154  0.468  3.585  3.984 17.302 27.673  5.362  2.886  4.247
  17.731 14.805 27.248  2.076  0.146-35.721-61.943 13.324   1.36
 31631 429 5 4 912 5918.8130 5919.6650
 12.787  0.632  5.119  5.657 18.615 28.673  5.387  3.472  4.247
  17.731 14.805 27.248  2.076  0.146-35.721-61.943 13.324   1.36
 31631 429 5 4 912 5918.8130 5919.6650
 12.738  0.650  5.995  6.549 18.306 28.322  0.253  0.405  4.247
  17.731 14.805 27.248  2.076  0.146-35.721-61.943 13.324   1.36
 31631 429 5 4 912 5918.8130 5919.6650
 13.213  0.676  6.547  7.122 18.602 29.023  0.190  6.780  4.247
  17.731 14.805 27.248  2.076  0.146-35.721-61.943 13.324   1.36
 31631 429 5 4 912 5918.8130 5919.6650
 13.142  0.644  4.868  5.416 18.137 28.497  0.050  0.697  4.247
  17.731 14.805 27.248  2.076  0.146-35.721-61.943 13.324   1.36
 31731 8 1 3 3 6 3 5919.6650 5920.6665
 14.084 -0.276  6.475  6.199-17.928 -4.809  8.577  2.995  6.786
 -18.423 27.101 12.107  0.745  0.157 -3.096 22.489 13.948  -0.33
 31731 8 1 3 3 6 3 5919.6650 5920.6665
 14.584  0.063  6.136  6.199-18.428 -4.809  0.050  2.995  6.786
 -18.423 27.101 12.107  0.745  0.157 -3.096 22.489 13.948  -0.33
 31731 8 1 3 3 6 3 5919.6650 5920.6665
 14.670 -0.103  6.302  6.199-18.514 -4.809  0.188  2.995  6.786
 -18.423 27.101 12.107  0.745  0.157 -3.096 22.489 13.948  -0.33
 31731 8 1 3 3 6 3 5919.6650 5920.6665
 14.156 -0.199  6.775  6.576-18.783 -5.592 14.021  8.845  6.786
 -18.423 27.101 12.107  0.745  0.157 -3.096 22.489 13.948  -0.33
 31731 8 1 4 81217 5919.6650 5920.6665
 14.413 -0.057  4.613  4.556 27.262 40.710  2.078  0.050  5.405
  28.246 27.248 12.753  2.222  4.199-61.943-28.164 14.711  -0.78
 31731 8 1 4 81217 5919.6650 5920.6665
 14.490 -0.215  3.843  3.628 27.451 40.976  0.050  0.050  5.405
  28.246 27.248 12.753  2.222  4.199-61.943-28.164 14.711  -0.78
 31731 8 1 4 81217 5919.6650 5920.6665
 14.303 -0.327  3.984  3.656 27.673 41.011  2.886  0.144  5.405
  28.246 27.248 12.753  2.222  4.199-61.943-28.164 14.711  -0.78
 31731 8 1 4 81217 5919.6650 5920.6665
 14.161 -0.353  4.087  3.733 28.133 41.329  5.947  3.410  5.405
  28.246 27.248 12.753  2.222  4.199-61.943-28.164 14.711  -0.78
 31731 8 1 4 81217 5919.6650 5920.6665
 13.957 -0.205  5.657  5.451 28.673 41.665  3.472  1.081  5.405
  28.246 27.248 12.753  2.222  4.199-61.943-28.164 14.711  -0.78
 31731 8 1 4 81217 5919.6650 5920.6665
 14.132  0.035  5.416  5.451 28.497 41.665  0.697  1.081  5.405
  28.246 27.248 12.753  2.222  4.199-61.943-28.164 14.711  -0.78
 31731 8 1 4 81217 5919.6650 5920.6665
 14.500 -0.138  5.878  5.740 28.121 41.656  1.778  0.731  5.405
  28.246 27.248 12.753  2.222  4.199-61.943-28.164 14.711  -0.78
 31731 8 1 4 81217 5919.6650 5920.6665
 14.262 -0.231  6.549  6.318 28.322 41.619  0.405  0.951  5.405
  28.246 27.248 12.753  2.222  4.199-61.943-28.164 14.711  -0.78
 31731 8 1 4 81217 5919.6650 5920.6665
 14.433 -0.013  7.122  7.109 29.023 42.490  6.780  0.286  5.405
  28.246 27.248 12.753  2.222  4.199-61.943-28.164 14.711  -0.78
 31731 8 1 3 6 9 3 5919.6650 5920.6665
 15.973  1.582  6.136  7.720 34.103 49.114  0.250  0.050  5.981
  34.334 16.118  0.817  7.246 -7.000 69.444 -8.409 15.773   1.62
 31831 8 0 1 2 3 5 5920.6665 5921.8037
 14.384  0.104  6.199  6.317 -4.809 10.424  2.995  3.317  6.459
  -5.441 12.107 13.379  0.902  0.211 22.489  2.541 14.204  -0.04
 31831 8 0 1 2 3 5 5920.6665 5921.8037
 14.237 -0.089  6.576  6.474 -5.592  9.474  8.845  8.953  6.459
  -5.441 12.107 13.379  0.902  0.211 22.489  2.541 14.204  -0.04
 31831 8 0 1 2 3 6 5920.6665 5921.8037
 14.383 -0.703-19.471-18.672-17.982 -2.750  0.478  2.350-19.922
 -17.134  2.033  7.939  1.270  1.202-29.658-38.881 14.574  -0.30
 31831 8 0 1 2 3 6 5920.6665 5921.8037
 13.889 -0.795-19.318-18.415-18.199 -3.528  0.050  0.610-19.922
 -17.134  2.033  7.939  1.270  1.202-29.658-38.881 14.574  -0.30
 31831 8 0 6111711 5920.6665 5921.8037
 14.312  1.659  4.556  6.441 40.710 55.861  0.050  0.050  4.625
  41.993 12.753 13.447  6.421 -0.057-28.164-51.720 14.063   1.11
 31831 8 0 6111711 5920.6665 5921.8037
 14.734  1.769  3.701  5.712 40.536 56.168  1.835  0.050  4.625
  41.993 12.753 13.447  6.421 -0.057-28.164-51.720 14.063   1.11
 31831 8 0 6111711 5920.6665 5921.8037
 14.347  1.834  3.628  5.712 40.976 56.168  0.050  0.050  4.625
  41.993 12.753 13.447  6.421 -0.057-28.164-51.720 14.063   1.11
 31831 8 0 6111711 5920.6665 5921.8037
 14.608  1.518  3.733  5.459 41.329 56.818  3.410  0.050  4.625
  41.993 12.753 13.447  6.421 -0.057-28.164-51.720 14.063   1.11
 31831 8 0 6111711 5920.6665 5921.8037
 14.699  1.825  3.637  5.712 40.576 56.168  0.050  0.050  4.625
  41.993 12.753 13.447  6.421 -0.057-28.164-51.720 14.063   1.11
 31831 8 0 6111711 5920.6665 5921.8037
 14.316  1.808  3.656  5.712 41.011 56.168  0.144  0.050  4.625
  41.993 12.753 13.447  6.421 -0.057-28.164-51.720 14.063   1.11
 31831 8 0 6111711 5920.6665 5921.8037
 14.582  1.576  3.668  5.459 41.360 56.818  2.774  0.050  4.625
  41.993 12.753 13.447  6.421 -0.057-28.164-51.720 14.063   1.11
 31931 442 2 4 6 3 5921.8037 5922.6777
 14.077 -0.492-20.646-20.216 -0.443 11.004  0.059  1.609-19.585
  -1.684  7.939  3.042  2.472  0.890-38.881-35.083 13.926  -0.32
 31931 442 2 4 6 3 5921.8037 5922.6777
 14.024 -0.157-18.672-18.535 -2.750  8.651  2.350  0.050-19.585
  -1.684  7.939  3.042  2.472  0.890-38.881-35.083 13.926  -0.32
 31931 442 2 4 6 3 5921.8037 5922.6777
 14.248 -0.161-18.415-18.274 -3.528  8.069  0.610  1.383-19.585
  -1.684  7.939  3.042  2.472  0.890-38.881-35.083 13.926  -0.32
 31931 442 1 1 2 5 5921.8037 5922.6777
 14.238  0.096  7.981  8.065-22.761-11.173  0.790  0.466  8.036
 -20.921  2.080  5.474  2.938  1.079 -1.709 14.185 13.633   0.37
 31931 442 1 1 2 5 5921.8037 5922.6777
 13.800 -0.234  8.069  7.864-19.795 -8.589  1.290  0.050  8.036
 -20.921  2.080  5.474  2.938  1.079 -1.709 14.185 13.633   0.37
 31931 442 3 2 5 4 5921.8037 5922.6777
 14.344  0.119  6.474  6.578  9.474 21.155  8.953  1.651  6.413
   9.589 13.379  6.542  1.113 -0.245  2.541 -1.617 14.879   0.19
 31931 442 3 2 5 4 5921.8037 5922.6777
 14.275  0.345  6.317  6.619 10.424 22.045  3.317  3.245  6.413
   9.589 13.379  6.542  1.113 -0.245  2.541 -1.617 14.879   0.19
 32031 744 2 2 4 3 5922.6777 5923.6743
 14.252 -0.364  6.578  6.216 21.155 34.377  1.651  1.097  6.575
  21.738  6.542  5.767  0.868 -0.139 -1.617  2.882 14.261  -0.39
 32031 744 2 2 4 3 5922.6777 5923.6743
 14.227 -0.332  6.505  6.174 21.803 35.001  1.596  4.138  6.575
  21.738  6.542  5.767  0.868 -0.139 -1.617  2.882 14.261  -0.39
 32031 744 2 2 4 3 5922.6777 5923.6743
 14.936 -0.403  6.619  6.218 22.045 35.948  3.245  0.532  6.575
  21.738  6.542  5.767  0.868 -0.139 -1.617  2.882 14.261  -0.39
 32131 748 2 1 3 3 5923.6743 5924.7056
 15.094 -0.063  6.216  6.151 34.377 48.928  1.097  7.186  6.186
  34.969  5.767 19.931  0.729  0.229  2.882-13.061 15.099   0.10
 32131 748 2 1 3 3 5923.6743 5924.7056
 14.489 -0.022  6.174  6.151 35.001 48.928  4.138  7.186  6.186
  34.969  5.767 19.931  0.729  0.229  2.882-13.061 15.099   0.10
 32131 748 2 1 3 3 5923.6743 5924.7056
 14.479  0.144  6.218  6.367 35.948 49.865  0.532 12.726  6.186
  34.969  5.767 19.931  0.729  0.229  2.882-13.061 15.099   0.10
 32631 654 0 0 1 2 5928.7124 5929.6201
 14.169 -1.366 -8.405 -7.165-47.170-35.203 17.771  3.317 -8.405
 -47.170 17.771 10.085  0.000  0.355  0.000 30.696 13.941  -1.23
 33031 915 1 1 2 2 5932.6147 5933.6152
 14.038  0.274 -7.269 -7.543  4.294 17.356 13.045  8.777 -7.260
   4.314 13.711 10.551  0.441  0.121 23.972 24.711 14.105   0.24
 33031 915 1 1 2 2 5932.6147 5933.6152
 14.147  0.218 -7.090 -7.308  4.700 17.871  0.666  1.775 -7.260
   4.314 13.711 10.551  0.441  0.121 23.972 24.711 14.105   0.24
 33131 913 1 1 2 2 5933.6152 5934.6699
 14.470 -0.171 -7.543 -7.362 17.356 31.581  8.777  7.229 -7.503
  17.443 10.551  7.279  0.562  0.019 24.711 20.070 14.384  -0.13
 33131 913 1 1 2 2 5933.6152 5934.6699
 13.982  0.052 -7.308 -7.362 17.871 31.581  1.775  7.229 -7.503
  17.443 10.551  7.279  0.562  0.019 24.711 20.070 14.384  -0.13
 33131 913 4 1 5 8 5933.6152 5934.6699
 17.355  0.441  7.361  7.826-37.935-20.668  0.996  0.050  8.116
 -38.383  7.650  8.703  1.949  2.249 20.371 -5.485 16.207  -0.57
 33131 913 4 1 5 8 5933.6152 5934.6699
 17.131  0.555  7.246  7.832-37.193-20.161  0.050  0.927  8.116
 -38.383  7.650  8.703  1.949  2.249 20.371 -5.485 16.207  -0.57
 4 131 754 1 1 2 3 5934.6699 5935.6763
 14.009  0.142 -7.362 -7.505 31.581 44.686  7.229  4.997 -7.364
  31.577  7.279  6.953  0.581 -0.056 20.070 34.935 13.891   0.22
 4 131 754 1 1 2 3 5934.6699 5935.6763
 13.984  0.347 -7.562 -7.911 31.030 44.110  0.050  0.671 -7.364
  31.577  7.279  6.953  0.581 -0.056 20.070 34.935 13.891   0.22
 4 131 754 4 4 8 3 5934.6699 5935.6763
 14.638 -0.588  7.791  7.199-19.555 -5.817  1.958  0.050  7.519
 -22.326  8.703  1.510  4.199  0.401 -5.485 -8.542 15.124  -0.31
 4 131 754 4 4 8 3 5934.6699 5935.6763
 14.990 -0.294  7.832  7.536-20.161 -6.069  0.927  0.786  7.519
 -22.326  8.703  1.510  4.199  0.401 -5.485 -8.542 15.124  -0.31
 4 131 754 4 4 8 3 5934.6699 5935.6763
 15.494 -0.288  7.826  7.536-20.668 -6.069  0.050  0.786  7.519
 -22.326  8.703  1.510  4.199  0.401 -5.485 -8.542 15.124  -0.31
 4 131 754 4 4 8 3 5934.6699 5935.6763
 15.504 -0.340  7.541  7.199-20.427 -5.817  0.763  0.050  7.519
 -22.326  8.703  1.510  4.199  0.401 -5.485 -8.542 15.124  -0.31
 4 131 754 4 4 8 3 5934.6699 5935.6763
 14.601 -0.476  7.312  6.833-24.339-10.638  1.084  0.674  7.519
 -22.326  8.703  1.510  4.199  0.401 -5.485 -8.542 15.124  -0.31
 4 231 746 1 2 3 2 5935.6763 5936.6772
 14.424 -0.411 -7.505 -7.094 44.686 58.134  4.997 10.767 -7.590
  44.564  6.953 17.216  0.525  0.329 34.935 23.053 14.249  -0.37
 4 231 746 1 2 3 2 5935.6763 5936.6772
 13.992 -0.322 -7.751 -7.429 44.326 57.342  1.285  6.449 -7.590
  44.564  6.953 17.216  0.525  0.329 34.935 23.053 14.249  -0.37
 4 231 746 1 2 3 2 5935.6763 5936.6772
 14.208 -0.481 -7.911 -7.429 44.110 57.342  0.671  6.449 -7.590
  44.564  6.953 17.216  0.525  0.329 34.935 23.053 14.249  -0.37
 4 331 745 0 0 1 1 5936.6772 5937.6831
 13.799  0.586 -2.278 -2.868-50.290-37.396  7.307  6.650 -2.278
 -50.290  7.307  6.650  0.000  0.000  0.000  0.000 13.799   0.59
 4 931 930 7 81521 5942.6040 5943.6138
 13.109  0.035  5.325  5.361-17.814 -5.573  0.503  0.960  4.295
 -24.995 26.921 34.275  5.068  0.698-11.992-10.104 13.572   0.46
 4 931 930 7 81521 5942.6040 5943.6138
 12.712  0.310  4.801  5.114-21.935-10.095  6.483  0.050  4.295
 -24.995 26.921 34.275  5.068  0.698-11.992-10.104 13.572   0.46
 4 931 930 7 81521 5942.6040 5943.6138
 12.786  0.392  4.614  5.010-20.897 -8.982  0.155  6.364  4.295
 -24.995 26.921 34.275  5.068  0.698-11.992-10.104 13.572   0.46
 4 931 930 7 81521 5942.6040 5943.6138
 13.430  0.161  4.951  5.114-22.660-10.095  1.220  0.050  4.295
 -24.995 26.921 34.275  5.068  0.698-11.992-10.104 13.572   0.46
 4 931 930 7 81521 5942.6040 5943.6138
 13.406  0.140  2.942  3.083-27.515-14.975  1.034  1.203  4.295
 -24.995 26.921 34.275  5.068  0.698-11.992-10.104 13.572   0.46
 4 931 930 7 81521 5942.6040 5943.6138
 12.624  0.190  3.425  3.617-26.718-14.967  4.883  0.830  4.295
 -24.995 26.921 34.275  5.068  0.698-11.992-10.104 13.572   0.46
 4 931 930 7 81521 5942.6040 5943.6138
 12.835  0.290  3.990  4.283-26.805-14.840  9.371  0.270  4.295
 -24.995 26.921 34.275  5.068  0.698-11.992-10.104 13.572   0.46
 4 931 930 7 81521 5942.6040 5943.6138
 12.860  0.012  4.490  4.503-26.146-14.157  0.640  0.758  4.295
 -24.995 26.921 34.275  5.068  0.698-11.992-10.104 13.572   0.46
 4 931 930 7 81521 5942.6040 5943.6138
 13.143  0.133  4.369  4.503-26.433-14.157  0.050  0.758  4.295
 -24.995 26.921 34.275  5.068  0.698-11.992-10.104 13.572   0.46
 4 931 930 7 81521 5942.6040 5943.6138
 13.146  0.267  4.866  5.135-26.521-14.242  0.148  0.704  4.295
 -24.995 26.921 34.275  5.068  0.698-11.992-10.104 13.572   0.46
 4 931 930 7 81521 5942.6040 5943.6138
 12.876  0.128  5.432  5.561-25.936-13.930  0.050  0.848  4.295
 -24.995 26.921 34.275  5.068  0.698-11.992-10.104 13.572   0.46
 4 931 930 7 81521 5942.6040 5943.6138
 12.563  0.084  5.477  5.561-25.620-13.930  1.582  0.848  4.295
 -24.995 26.921 34.275  5.068  0.698-11.992-10.104 13.572   0.46
 41431 930 3 4 7 7 5947.6040 5948.6040
 16.045  0.184  7.411  7.595-43.131-28.072  2.020  0.761  7.777
 -39.414 23.695 32.364  3.903 -2.805 -6.792 -4.478 15.329   0.21
 41431 930 3 4 7 7 5947.6040 5948.6040
 15.756  0.147  7.497  7.644-44.693-29.923  0.050  0.050  7.777
 -39.414 23.695 32.364  3.903 -2.805 -6.792 -4.478 15.329   0.21
 41431 930 3 4 7 7 5947.6040 5948.6040
 15.774  0.431  7.606  8.038-39.156-24.368  9.016 11.799  7.777
 -39.414 23.695 32.364  3.903 -2.805 -6.792 -4.478 15.329   0.21
 41431 930 3 4 7 7 5947.6040 5948.6040
 16.030  0.019  8.018  8.038-39.413-24.368  6.132 11.799  7.777
 -39.414 23.695 32.364  3.903 -2.805 -6.792 -4.478 15.329   0.21
 41431 930 3 4 7 7 5947.6040 5948.6040
 15.132  0.103  7.935  8.038-38.514-24.368  6.289 11.799  7.777
 -39.414 23.695 32.364  3.903 -2.805 -6.792 -4.478 15.329   0.21
 41431 930 1 1 2 3 5947.6040 5948.6040
 14.739  0.186 23.531 23.717-54.090-40.337  2.966  1.801 23.417
 -53.919  3.801  5.997  0.883 -0.647 36.052 16.453 14.741   0.25
 42031 941 1 1 2 4 5953.5957 5954.5991
 13.909  1.161  9.784 10.950 12.192 25.160  0.826  0.171 11.506
  14.360 25.309 17.797  2.826  0.220-39.010  9.664 14.076  -0.32
 42031 941 2 3 514 5953.5957 5954.5991
 12.825 -0.532  8.980  8.446 38.028 49.908  0.050  0.233  9.436
  38.754  0.587 23.749  2.381  2.839 12.224 12.652 15.590  -0.65
 42031 941 2 3 514 5953.5957 5954.5991
 13.026 -0.403  9.775  9.370 38.347 50.429  0.387  1.918  9.436
  38.754  0.587 23.749  2.381  2.839 12.224 12.652 15.590  -0.65
 42031 941 2 3 514 5953.5957 5954.5991
 13.221 -0.372  8.694  8.320 40.848 53.125  0.050  0.683  9.436
  38.754  0.587 23.749  2.381  2.839 12.224 12.652 15.590  -0.65
 42931 8 0 1 2 3 1 5962.6660 5963.6104
 14.053 -0.083  4.908  4.830-10.363  1.978  5.611  0.455  4.769
 -10.746  6.721  0.455  2.462 -2.462-19.998  0.000 14.459   0.06
 42931 8 0 3 3 6 5 5962.6660 5963.6104
 13.984  0.312 14.446 14.741 30.323 42.599  0.289 10.308 13.426
  32.658  3.970 17.960  2.452  1.126 26.474 23.256 13.015   0.76
 42931 8 0 3 3 6 5 5962.6660 5963.6104
 13.697  0.097 13.903 13.994 31.479 43.484  0.370  0.243 13.426
  32.658  3.970 17.960  2.452  1.126 26.474 23.256 13.015   0.76
 42931 8 0 3 3 6 5 5962.6660 5963.6104
 13.916  0.079 13.195 13.269 32.830 45.042  2.015  0.690 13.426
  32.658  3.970 17.960  2.452  1.126 26.474 23.256 13.015   0.76
 42931 8 0 3 3 6 5 5962.6660 5963.6104
 14.181 -0.018 13.218 13.201 33.570 46.031  1.055  4.804 13.426
  32.658  3.970 17.960  2.452  1.126 26.474 23.256 13.015   0.76
 43031 920 3 2 5 3 5963.6104 5964.6074
 14.712  0.046 13.269 13.314 45.042 58.729  0.690  6.805 14.141
  44.018 17.960 31.506  3.578  0.815 23.256 23.099 14.629  -0.19
 43031 920 3 2 5 3 5963.6104 5964.6074
 14.536  0.061 13.201 13.262 46.031 59.543  4.804 12.357 14.141
  44.018 17.960 31.506  3.578  0.815 23.256 23.099 14.629  -0.19
 43031 920 3 2 5 3 5963.6104 5964.6074
 14.260 -0.340 13.601 13.262 46.307 59.543  1.915 12.357 14.141
  44.018 17.960 31.506  3.578  0.815 23.256 23.099 14.629  -0.19
 5 531 949 1 1 2 1 5968.5903 5969.5918
 15.323  0.336 11.296 11.632 -8.531  5.826  2.451  2.451 10.980
  -9.100  3.401  2.451  2.296 -2.296-29.431  0.000 15.891   0.65
 5 93110 0 2 4 613 5972.5825 5973.5894
 11.659  1.702  6.834  8.548-47.485-36.738  2.877  4.283  8.231
 -49.913 23.784 36.197  4.107 -1.231 37.059 11.146 13.003   1.99
 51031 950 3 4 7 6 5973.5894 5974.5820
 13.495  0.526 -1.698 -2.220 38.268 50.682  0.050  0.555 -0.880
  37.953 13.258  7.386  2.554  1.344 -6.401  6.488 14.571  -0.11
 51031 950 3 4 7 6 5973.5894 5974.5820
 13.021  0.317 -0.673 -0.987 37.333 49.277  1.134  1.348 -0.880
  37.953 13.258  7.386  2.554  1.344 -6.401  6.488 14.571  -0.11
 51031 950 3 4 7 6 5973.5894 5974.5820
 13.517  0.301 -0.688 -0.987 36.841 49.277  0.386  1.348 -0.880
  37.953 13.258  7.386  2.554  1.344 -6.401  6.488 14.571  -0.11
 51031 950 3 4 7 6 5973.5894 5974.5820
 13.478  0.376 -0.897 -1.271 36.145 48.542  0.889  0.129 -0.880
  37.953 13.258  7.386  2.554  1.344 -6.401  6.488 14.571  -0.11
 51031 950 3 4 7 6 5973.5894 5974.5820
 13.841  0.645 -0.630 -1.271 35.785 48.542  2.287  0.129 -0.880
  37.953 13.258  7.386  2.554  1.344 -6.401  6.488 14.571  -0.11
 51031 950 8 513 7 5973.5894 5974.5820
 13.311 -0.023 10.600 10.577-39.184-26.953  5.118 12.215 10.233
 -37.812 36.197 64.688  2.876  1.709 11.146 28.404 15.185  -1.01
 51031 950 8 513 7 5973.5894 5974.5820
 14.165  0.032 10.545 10.577-40.031-26.953  7.476 12.215 10.233
 -37.812 36.197 64.688  2.876  1.709 11.146 28.404 15.185  -1.01
 51031 950 8 513 7 5973.5894 5974.5820
 13.833  0.403 10.177 10.577-39.702-26.953  0.474 12.215 10.233
 -37.812 36.197 64.688  2.876  1.709 11.146 28.404 15.185  -1.01
 5113110 1 2 5 7 5 5974.5820 5975.5806
 14.298 -0.088  8.283  8.195-22.946 -9.652 35.904 10.504  9.226
 -23.721 64.688 23.844  4.585  0.328 28.404 18.613 14.860  -0.11
 5113110 1 2 5 7 5 5974.5820 5975.5806
 15.246 -0.362  9.851  9.489-22.252 -8.011 13.515  8.134  9.226
 -23.721 64.688 23.844  4.585  0.328 28.404 18.613 14.860  -0.11
 5113110 1 2 5 7 5 5974.5820 5975.5806
 14.548 -0.176 10.577 10.401-26.953-13.409 12.215  1.639  9.226
 -23.721 64.688 23.844  4.585  0.328 28.404 18.613 14.860  -0.11
 5113110 1 2 5 7 5 5974.5820 5975.5806
 15.179 -0.503 10.875 10.373-27.999-13.825  0.852  2.938  9.226
 -23.721 64.688 23.844  4.585  0.328 28.404 18.613 14.860  -0.11
 5123110 3 3 2 5 8 5975.5806 5976.6841
 12.976 -0.477 10.401  9.875-13.409 -0.178  1.639  0.517  9.116
  -9.866 23.844 30.919  4.913 -1.819 18.613-33.358 13.476  -0.38
 5123110 3 3 2 5 8 5975.5806 5976.6841
 13.352 -0.451 10.373  9.875-13.825 -0.178  2.938  0.517  9.116
  -9.866 23.844 30.919  4.913 -1.819 18.613-33.358 13.476  -0.38
 5123110 3 3 2 5 8 5975.5806 5976.6841
 12.831 -0.288  8.195  7.878 -9.652  3.419 10.504 17.795  9.116
  -9.866 23.844 30.919  4.913 -1.819 18.613-33.358 13.476  -0.38
 51331 734 3 5 813 5976.6841 5977.5854
 15.980  0.206  9.487  9.672  5.819 19.335  8.718  9.003  8.696
   3.917 30.919 34.313  3.094 -0.549-33.358  1.454 16.615  -0.40
 51331 734 3 5 813 5976.6841 5977.5854
 15.919  0.322 10.708 10.998  4.741 18.202  2.626  1.464  8.696
   3.917 30.919 34.313  3.094 -0.549-33.358  1.454 16.615  -0.40
 51331 734 3 5 813 5976.6841 5977.5854
 15.803  0.235  9.875 10.087 -0.178 13.178  0.517  0.050  8.696
   3.917 30.919 34.313  3.094 -0.549-33.358  1.454 16.615  -0.40
 51331 734 3 5 813 5976.6841 5977.5854
 16.708  0.379  9.745 10.087 -0.994 13.178  0.050  0.050  8.696
   3.917 30.919 34.313  3.094 -0.549-33.358  1.454 16.615  -0.40
 51331 734 3 5 813 5976.6841 5977.5854
 16.756  0.211 11.404 11.594  3.114 17.330  0.050  0.749  8.696
   3.917 30.919 34.313  3.094 -0.549-33.358  1.454 16.615  -0.40
 51431 956 8 51311 5977.5854 5978.5791
 15.010 -0.273  7.980  7.709 16.661 30.598 11.114  4.103  8.333
  18.005 34.313 22.866  2.544  0.814  1.454-14.300 14.023   0.72
 51431 956 8 51311 5977.5854 5978.5791
 15.164 -0.069  9.672  9.604 19.335 33.426  9.003  6.039  8.333
  18.005 34.313 22.866  2.544  0.814  1.454-14.300 14.023   0.72
 51431 956 8 51311 5977.5854 5978.5791
 15.191 -0.399 10.000  9.604 19.308 33.426  2.769  6.039  8.333
  18.005 34.313 22.866  2.544  0.814  1.454-14.300 14.023   0.72
 51431 956 8 51311 5977.5854 5978.5791
 14.777 -0.305 11.594 11.291 17.330 31.036  0.749  0.101  8.333
  18.005 34.313 22.866  2.544  0.814  1.454-14.300 14.023   0.72
 51431 956 8 51311 5977.5854 5978.5791
 14.262  0.028  9.561  9.589 17.036 30.230  0.123  0.050  8.333
  18.005 34.313 22.866  2.544  0.814  1.454-14.300 14.023   0.72
 51431 956 8 51311 5977.5854 5978.5791
 14.972 -0.191  5.475  5.286 18.609 32.508  4.831  0.050  8.333
  18.005 34.313 22.866  2.544  0.814  1.454-14.300 14.023   0.72
 5153110 5 5 61110 5978.5791 5979.5708
 14.019  0.104 11.576 11.680 32.060 44.985  0.140  0.050  9.047
  30.961 22.866 22.945  3.359  0.444-14.300 -4.896 13.581  -1.00
 5153110 5 5 61110 5978.5791 5979.5708
 14.006  0.108  7.381  7.488 30.145 43.057  6.017 13.865  9.047
  30.961 22.866 22.945  3.359  0.444-14.300 -4.896 13.581  -1.00
 5153110 5 5 61110 5978.5791 5979.5708
 13.549 -0.223  7.709  7.488 30.598 43.057  4.103 13.865  9.047
  30.961 22.866 22.945  3.359  0.444-14.300 -4.896 13.581  -1.00
 5153110 5 5 61110 5978.5791 5979.5708
 13.215  0.092  9.665  9.757 29.769 41.897  1.039  2.349  9.047
  30.961 22.866 22.945  3.359  0.444-14.300 -4.896 13.581  -1.00
 5153110 5 5 61110 5978.5791 5979.5708
 13.766  0.254  5.286  5.537 32.508 45.182  0.050  1.334  9.047
  30.961 22.866 22.945  3.359  0.444-14.300 -4.896 13.581  -1.00
 516311018 3 1 4 5 5979.5708 5980.5791
 13.775  0.319-14.600-14.921-49.660-36.764  0.734  0.710-14.509
 -52.828  8.281 16.701  3.252  0.348 -9.177 -2.159 13.864   0.24
 516311018 3 1 4 5 5979.5708 5980.5791
 13.963  0.369-14.549-14.921-49.850-36.764  0.507  0.710-14.509
 -52.828  8.281 16.701  3.252  0.348 -9.177 -2.159 13.864   0.24
 516311018 3 1 4 5 5979.5708 5980.5791
 13.687  0.525-14.355-14.884-53.818-41.010  5.809  3.605-14.509
 -52.828  8.281 16.701  3.252  0.348 -9.177 -2.159 13.864   0.24
 516311018 4 610 2 5979.5708 5980.5791
 14.703  0.647  7.488  8.140 43.057 56.890 13.865 11.859  8.060
  43.452 22.945 17.675  3.803  0.767 -4.896-16.283 15.759   0.50
 5173110 5 3 2 5 7 5980.5791 5981.6172
 14.238  0.904-14.496-15.435-36.396-22.637  0.953  8.107-14.746
 -39.842 16.701 31.011  3.600  0.759 -2.159  8.214 15.131   0.99
 5173110 5 3 2 5 7 5980.5791 5981.6172
 14.393  1.100-14.921-16.064-36.764-22.844  0.710  3.647-14.746
 -39.842 16.701 31.011  3.600  0.759 -2.159  8.214 15.131   0.99
 5173110 5 3 2 5 7 5980.5791 5981.6172
 14.556  0.811-15.221-16.064-36.933-22.844  0.851  3.647-14.746
 -39.842 16.701 31.011  3.600  0.759 -2.159  8.214 15.131   0.99
 5173110 5 3 2 5 7 5980.5791 5981.6172
 14.090  1.222-14.672-15.941-40.195-26.590 10.582  0.845-14.746
 -39.842 16.701 31.011  3.600  0.759 -2.159  8.214 15.131   0.99
 5173110 5 3 2 5 7 5980.5791 5981.6172
 14.875  1.019-14.884-15.941-41.010-26.590  3.605  0.845-14.746
 -39.842 16.701 31.011  3.600  0.759 -2.159  8.214 15.131   0.99
 51831 911 4 3 7 7 5981.6172 5982.6987
 14.401 -0.329-14.660-14.304-23.129 -8.624  2.837  3.623-15.773
 -25.156 31.011 22.782  4.359 -1.876  8.214 29.753 15.434  -0.79
 51831 911 4 3 7 7 5981.6172 5982.6987
 14.251 -0.314-16.172-15.832-24.193 -9.849  0.050  0.138-15.773
 -25.156 31.011 22.782  4.359 -1.876  8.214 29.753 15.434  -0.79
 51831 911 4 3 7 7 5981.6172 5982.6987
 13.675  0.016-15.941-15.959-26.590-12.868  0.845  2.371-15.773
 -25.156 31.011 22.782  4.359 -1.876  8.214 29.753 15.434  -0.79
 51831 911 4 3 7 7 5981.6172 5982.6987
 14.387 -0.100-16.066-15.959-27.359-12.868 15.022  2.371-15.773
 -25.156 31.011 22.782  4.359 -1.876  8.214 29.753 15.434  -0.79
 52231 933 3 1 4 3 5985.6016 5986.6123
 13.569  0.220-15.528-15.751 24.878 37.602 20.834  4.543-15.418
  25.244 29.161 11.290  1.296 -0.556 17.242 69.643 13.093   0.70
 52231 933 3 1 4 3 5985.6016 5986.6123
 12.749  0.505-15.241-15.751 25.706 37.602  4.342  4.543-15.418
  25.244 29.161 11.290  1.296 -0.556 17.242 69.643 13.093   0.70
 52231 933 3 1 4 3 5985.6016 5986.6123
 12.654  0.305-15.047-15.355 26.610 38.410  3.935  0.239-15.418
  25.244 29.161 11.290  1.296 -0.556 17.242 69.643 13.093   0.70
 52231 933 0 0 1 2 5985.6016 5986.6123
 13.843  0.633-13.318-13.958 31.986 44.987 14.867 20.726-13.318
  31.986 14.867 24.173  0.000  1.000  0.000-17.439 13.705   0.59
 6 2311011 2 4 6 2 5996.5752 5997.6714
 13.238  0.015  4.961  4.978-40.810-27.372 12.720  5.175  6.333
 -40.766 30.881 19.934  7.751 -6.874-11.866 10.725 12.613  -1.13
 6 2311011 2 4 6 2 5996.5752 5997.6714
 13.143 -0.103  5.255  5.141-41.571-28.237  4.255 14.759  6.333
 -40.766 30.881 19.934  7.751 -6.874-11.866 10.725 12.613  -1.13
 61031 742 5 510 9 6004.6787 6005.5957
 13.810 -0.762 11.315 10.616 26.165 37.934  0.050  0.890 11.810
  27.621 12.859  6.649  3.994 -0.342 -2.326-14.244 15.898  -0.41
 61031 742 5 510 9 6004.6787 6005.5957
 14.160 -0.651 11.770 11.173 26.028 38.117  5.507  0.117 11.810
  27.621 12.859  6.649  3.994 -0.342 -2.326-14.244 15.898  -0.41
 61031 742 5 510 9 6004.6787 6005.5957
 14.262 -0.963 11.520 10.636 26.563 38.745  1.464  0.050 11.810
  27.621 12.859  6.649  3.994 -0.342 -2.326-14.244 15.898  -0.41
 61031 742 5 510 9 6004.6787 6005.5957
 13.751 -0.631 11.984 11.404 26.660 38.375  1.413  0.050 11.810
  27.621 12.859  6.649  3.994 -0.342 -2.326-14.244 15.898  -0.41
 61031 742 5 510 9 6004.6787 6005.5957
 14.228 -0.848 12.038 11.261 28.617 40.769  0.050  0.050 11.810
  27.621 12.859  6.649  3.994 -0.342 -2.326-14.244 15.898  -0.41
 61031 742 5 510 9 6004.6787 6005.5957
 14.212 -0.626 12.009 11.434 29.788 41.925  0.965  0.828 11.810
  27.621 12.859  6.649  3.994 -0.342 -2.326-14.244 15.898  -0.41
 61031 742 5 510 9 6004.6787 6005.5957
 13.589 -0.690 12.325 11.693 30.431 41.996  0.481  2.975 11.810
  27.621 12.859  6.649  3.994 -0.342 -2.326-14.244 15.898  -0.41
 61131 941 3 6 9 2 6005.5957 6006.5889
 15.153  1.134 11.434 12.560 41.925 55.998  0.828  0.050 11.435
  41.304  6.649  0.190  3.652 -3.153-14.244 -7.425 15.402   1.09
 61131 941 3 6 9 2 6005.5957 6006.5889
 15.082  0.874 11.693 12.560 41.996 55.998  2.975  0.050 11.435
  41.304  6.649  0.190  3.652 -3.153-14.244 -7.425 15.402   1.09
 61131 941 3 6 9 2 6005.5957 6006.5889
 14.545  0.920 11.646 12.560 42.529 55.998  1.338  0.050 11.435
  41.304  6.649  0.190  3.652 -3.153-14.244 -7.425 15.402   1.09
 7 1311037 1 2 3 4 6025.5576 6026.5591
 14.470 -0.052 -6.480 -6.428-45.755-32.245 12.935  1.510 -6.487
 -45.781 13.195  1.998  1.345  2.288 14.418 16.578 13.641   0.19
 7 1311037 1 2 3 4 6025.5576 6026.5591
 13.826  0.060 -6.975 -7.035-46.603-33.739  0.211  0.185 -6.487
 -45.781 13.195  1.998  1.345  2.288 14.418 16.578 13.641   0.19
 7 1311037 7 31018 6025.5576 6026.5591
 15.148  0.039  7.201  7.241-51.482-37.294  3.150  0.449  8.283
 -56.891 27.554 26.996  6.040  1.248  4.239  2.586 16.762   0.34
 7 1311037 7 31018 6025.5576 6026.5591
 14.710 -0.164  8.146  7.982-51.499-37.749  0.050  1.263  8.283
 -56.891 27.554 26.996  6.040  1.248  4.239  2.586 16.762   0.34
 7 1311037 7 31018 6025.5576 6026.5591
 14.938 -0.155  8.618  8.463-52.019-38.041  0.567  6.060  8.283
 -56.891 27.554 26.996  6.040  1.248  4.239  2.586 16.762   0.34
 7 1311037 7 31018 6025.5576 6026.5591
 15.376 -0.020  8.002  7.982-52.166-37.749  0.050  1.263  8.283
 -56.891 27.554 26.996  6.040  1.248  4.239  2.586 16.762   0.34
 7 1311037 7 31018 6025.5576 6026.5591
 15.468 -0.113  7.943  7.831-53.095-38.587  4.879  0.050  8.283
 -56.891 27.554 26.996  6.040  1.248  4.239  2.586 16.762   0.34
 7 1311037 7 31018 6025.5576 6026.5591
 15.176 -0.222  8.972  8.749-53.696-39.479  0.050  0.195  8.283
 -56.891 27.554 26.996  6.040  1.248  4.239  2.586 16.762   0.34
 7 1311037 7 31018 6025.5576 6026.5591
 14.818 -0.034  8.758  8.724-56.204-42.346  3.814  0.050  8.283
 -56.891 27.554 26.996  6.040  1.248  4.239  2.586 16.762   0.34
 7 5311023 3 1 4 3 6029.5669 6030.6460
 14.056 -0.202 -7.200 -6.982  8.802 22.915  2.194  0.006 -7.038
   8.919  4.148  1.556  0.423  1.098 54.371-26.319 13.865  -0.38
 7 5311023 3 1 4 3 6029.5669 6030.6460
 13.990 -0.063 -6.813 -6.745  9.029 23.070  1.388  1.273 -7.038
   8.919  4.148  1.556  0.423  1.098 54.371-26.319 13.865  -0.38
 7 5311023 3 1 4 3 6029.5669 6030.6460
 13.789 -0.298 -7.067 -6.745  9.245 23.070  0.268  1.273 -7.038
   8.919  4.148  1.556  0.423  1.098 54.371-26.319 13.865  -0.38
 7 5311023 3 1 4 3 6029.5669 6030.6460
 14.037 -0.111 -6.865 -6.745  8.978 23.070  0.298  1.273 -7.038
   8.919  4.148  1.556  0.423  1.098 54.371-26.319 13.865  -0.38
 7 5311023 2 2 4 1 6029.5669 6030.6460
 16.035  0.895  7.124  8.090  9.198 25.447  1.264  0.293  7.383
   9.485  2.368  0.293  1.372 -1.372-52.269  0.000 15.770   0.65
 7 5311023 2 2 4 1 6029.5669 6030.6460
 15.809  0.961  7.053  8.090  9.442 25.447  0.495  0.293  7.383
   9.485  2.368  0.293  1.372 -1.372-52.269  0.000 15.770   0.65
 7 931 754 3 3 6 4 6033.6699 6034.6626
 16.730 -1.285 -7.915 -6.639-11.791  3.839  1.479  0.952 -7.356
 -10.437  8.306  3.285  2.689 -1.804  8.487 26.835 14.805  -0.46
 7 931 754 3 3 6 4 6033.6699 6034.6626
 17.273 -1.171 -7.502 -6.339-12.375  3.794  1.292  0.050 -7.356
 -10.437  8.306  3.285  2.689 -1.804  8.487 26.835 14.805  -0.46
 7 931 754 3 3 6 4 6033.6699 6034.6626
 16.651 -1.557 -6.738 -5.192-12.364  3.189  0.383  0.050 -7.356
 -10.437  8.306  3.285  2.689 -1.804  8.487 26.835 14.805  -0.46
 7 931 754 0 0 1 2 6033.6699 6034.6626
 13.302 -0.887-21.629-20.749-36.502-24.273  0.616  1.675-21.629
 -36.502  0.616  3.141  0.000  0.410  0.000 85.969 13.288  -0.69
 71031 8 5 2 2 4 2 6034.6626 6035.6216
 15.529 -0.328 -6.639 -6.325  3.839 17.794  0.952  2.193 -6.902
   3.284  3.285  2.329  0.885 -0.204 26.835 25.756 16.070  -0.58
 71031 8 5 2 2 4 2 6034.6626 6035.6216
 15.576 -0.015 -6.339 -6.325  3.794 17.794  0.050  2.193 -6.902
   3.284  3.285  2.329  0.885 -0.204 26.835 25.756 16.070  -0.58
 71031 8 5 2 1 3 3 6034.6626 6035.6216
 13.683 -0.469-10.685-10.235-50.421-38.237  2.496  1.153-10.687
 -51.543  5.036  4.964  2.221  0.653  0.385 -0.448 14.505  -0.25
 71031 8 5 2 1 3 3 6034.6626 6035.6216
 13.919 -0.192-10.420-10.235-50.647-38.237  0.050  1.153-10.687
 -51.543  5.036  4.964  2.221  0.653  0.385 -0.448 14.505  -0.25
 71031 8 5 2 1 3 3 6034.6626 6035.6216
 13.328 -0.275-10.695-10.431-52.686-40.842  2.490  1.105-10.687
 -51.543  5.036  4.964  2.221  0.653  0.385 -0.448 14.505  -0.25
 72231 924 1 3 4 2 6046.6074 6047.5801
 15.379 -0.509  9.565  9.070-49.115-35.114  3.652  5.041  9.570
 -49.234  3.802  5.641  2.979  0.619  2.638  3.137 15.104  -0.49
 72231 924 1 3 4 2 6046.6074 6047.5801
 14.753 -0.371  9.628  9.267-52.143-38.752  0.050  0.600  9.570
 -49.234  3.802  5.641  2.979  0.619  2.638  3.137 15.104  -0.49
 7293110 0 2 1 3 4 6053.5835 6054.5942
 14.211  0.101 -4.648 -4.750-17.157 -3.777  1.841  1.620 -4.636
 -18.464  9.073 14.514  2.804  1.159  0.856  0.951 13.104   0.03
 7293110 0 2 1 3 4 6053.5835 6054.5942
 14.036  0.173 -4.604 -4.779-17.425 -4.222  3.587  0.489 -4.636
 -18.464  9.073 14.514  2.804  1.159  0.856  0.951 13.104   0.03
 7293110 0 6 1 7 3 6053.5835 6054.5942
 13.918  0.188  6.621  6.810-24.251-11.167  0.198  6.474  6.907
 -27.040  9.107 12.177  2.936  1.085  9.417  6.180 14.839   0.09
 7293110 0 6 1 7 3 6053.5835 6054.5942
 13.963  0.281  6.535  6.819-25.986-12.857  0.050  0.354  6.907
 -27.040  9.107 12.177  2.936  1.085  9.417  6.180 14.839   0.09
 7293110 0 6 1 7 3 6053.5835 6054.5942
 14.336  0.354  6.461  6.819-26.363-12.857  2.599  0.354  6.907
 -27.040  9.107 12.177  2.936  1.085  9.417  6.180 14.839   0.09
 7293110 0 6 1 7 3 6053.5835 6054.5942
 14.071  0.092  7.151  7.244-28.521-15.283  4.483  5.348  6.907
 -27.040  9.107 12.177  2.936  1.085  9.417  6.180 14.839   0.09
 73031 943 3 1 4 5 6054.5942 6055.5791
 15.293 -0.288 -4.779 -4.495 -4.222  9.874  0.489  0.050 -4.668
  -6.203 14.514  6.664  3.963  0.383  0.951  3.890 16.506  -0.23
 73031 943 3 1 4 5 6054.5942 6055.5791
 14.973 -0.377 -4.750 -4.378 -3.777 10.003  1.620  5.213 -4.668
  -6.203 14.514  6.664  3.963  0.383  0.951  3.890 16.506  -0.23
 73031 943 3 1 4 5 6054.5942 6055.5791
 14.798 -0.168 -4.544 -4.378 -3.606 10.003  3.313  5.213 -4.668
  -6.203 14.514  6.664  3.963  0.383  0.951  3.890 16.506  -0.23
 73031 943 3 1 4 5 6054.5942 6055.5791
 14.822 -0.177 -4.692 -4.518 -7.688  5.943  9.092  0.650 -4.668
  -6.203 14.514  6.664  3.963  0.383  0.951  3.890 16.506  -0.23
 73031 943 2 1 3 5 6054.5942 6055.5791
 14.632  0.165  6.810  6.973-11.167  2.277  6.474  8.082  7.001
 -13.024 12.177 10.712  4.021 -1.071  6.180 10.721 15.789   0.11
 73031 943 2 1 3 5 6054.5942 6055.5791
 14.443  0.627  6.819  7.437-12.857  0.402  0.354  0.781  7.001
 -13.024 12.177 10.712  4.021 -1.071  6.180 10.721 15.789   0.11
 73031 943 2 1 3 5 6054.5942 6055.5791
 14.983  0.404  7.244  7.642-15.283 -1.492  5.348  0.050  7.001
 -13.024 12.177 10.712  4.021 -1.071  6.180 10.721 15.789   0.11
 8 13110 5 2 3 5 3 6056.5791 6057.5889
 14.207 -0.060 -4.640 -4.580  9.694 23.051  5.377  2.634 -4.913
   7.443 24.532  3.197  4.643 -4.030  7.729-38.628 16.405  -0.39
 8 13110 5 2 3 5 3 6056.5791 6057.5889
 14.106 -0.224 -4.528 -4.302 10.084 23.338  6.098  0.214 -4.913
   7.443 24.532  3.197  4.643 -4.030  7.729-38.628 16.405  -0.39
 8 13110 5 3 1 4 1 6056.5791 6057.5889
 17.032 -0.221  7.404  7.181 -0.613 15.597 43.274  5.958  7.376
  -0.187 55.723  5.958  1.896 -1.896  3.881  0.000 16.610  -0.19
 8 13110 5 3 1 4 1 6056.5791 6057.5889
 16.436 -0.597  7.784  7.181 -0.011 15.597  5.333  5.958  7.376
  -0.187 55.723  5.958  1.896 -1.896  3.881  0.000 16.610  -0.19
 8 231 952 2 1 3 1 6057.5889 6058.5957
 14.421  0.542 -4.302 -4.848 23.338 36.874  0.214  3.007 -4.517
  23.020  3.197  3.007  0.613 -0.613-38.628  0.000 14.736   0.33
 8 231 952 2 1 3 1 6057.5889 6058.5957
 14.706  0.266 -4.580 -4.848 23.051 36.874  2.634  3.007 -4.517
  23.020  3.197  3.007  0.613 -0.613-38.628  0.000 14.736   0.33
 8 231 952 2 1 3 1 6057.5889 6058.5957
 15.162  0.667 -4.176 -4.848 22.592 36.874  0.349  3.007 -4.517
  23.020  3.197  3.007  0.613 -0.613-38.628  0.000 14.736   0.33
 8 231 952 2 2 410 6057.5889 6058.5957
 14.861 -0.619 -7.995 -7.371  6.650 20.629  5.262  0.210 -7.230
   7.676 12.633  5.370  2.695 -0.471 30.281-48.999 14.571  -0.13
 8 231 952 2 2 410 6057.5889 6058.5957
 14.333 -1.070 -7.369 -6.292  6.492 19.939  1.643  0.695 -7.230
   7.676 12.633  5.370  2.695 -0.471 30.281-48.999 14.571  -0.13
 8 231 952 2 2 4 3 6057.5889 6058.5957
 14.940 -0.671  6.717  6.042-50.457-36.399  2.402  0.050  6.676
 -52.659 12.299  9.545  2.371  1.906-12.215  3.970 13.902  -0.53
 8 231 952 2 2 4 3 6057.5889 6058.5957
 14.402 -0.329  6.497  6.166-53.444-39.927  7.975  8.919  6.676
 -52.659 12.299  9.545  2.371  1.906-12.215  3.970 13.902  -0.53
 8 231 952 2 2 4 3 6057.5889 6058.5957
 14.172 -0.768  6.939  6.166-53.212-39.927  0.220  8.919  6.676
 -52.659 12.299  9.545  2.371  1.906-12.215  3.970 13.902  -0.53
 8 231 952 0 0 1 2 6057.5889 6058.5957
 15.123 -0.062  7.181  7.119 15.597 29.840  5.958  4.730  7.181
  15.597  5.958  9.323  0.000  0.290  0.000 76.456 15.157  -0.20
 8 331 941 1 1 2 1 6058.5957 6059.6509
 14.954 -0.206  7.119  6.902 29.840 44.583  4.730  0.937  6.980
  29.874  9.323  0.937  0.290 -0.290 76.456  0.000 14.922  -0.07
 8 331 941 1 1 2 1 6058.5957 6059.6509
 14.889  0.062  6.837  6.902 29.909 44.583  4.592  0.937  6.980
  29.874  9.323  0.937  0.290 -0.290 76.456  0.000 14.922  -0.07
 8 331 941 2 810 6 6058.5957 6059.6509
 15.367 -0.166 -7.360 -7.184 21.209 36.387  0.446  0.687 -7.097
  21.363  5.370  5.948  2.224 -0.151-48.999 53.775 14.827  -0.23
 8 331 941 2 810 6 6058.5957 6059.6509
 15.648 -0.047 -7.371 -7.322 20.629 36.103  0.210  0.221 -7.097
  21.363  5.370  5.948  2.224 -0.151-48.999 53.775 14.827  -0.23
 8 331 941 2 810 6 6058.5957 6059.6509
 15.317  0.196 -8.007 -8.213 20.012 35.137  0.050  0.050 -7.097
  21.363  5.370  5.948  2.224 -0.151-48.999 53.775 14.827  -0.23
 8 331 941 2 810 6 6058.5957 6059.6509
 15.273  0.268 -6.229 -6.511 21.015 36.094  0.900  4.261 -7.097
  21.363  5.370  5.948  2.224 -0.151-48.999 53.775 14.827  -0.23
 8 331 941 2 1 3 1 6058.5957 6059.6509
 14.802  0.011  6.166  6.178-39.927-25.345  8.919  2.257  6.147
 -39.645  9.545  2.257  4.278 -4.278  3.970  0.000 14.535   0.03
 8 431 822 3 3 6 4 6059.6509 6060.6445
 14.625  0.210 -8.505 -8.714 35.231 48.793  0.591  1.987 -6.855
  35.972  5.948 14.183  2.073 -1.241 53.775-69.957 13.829   0.73
 8 431 822 3 3 6 4 6059.6509 6060.6445
 13.932  0.372 -7.322 -7.692 36.103 48.975  0.221  3.787 -6.855
  35.972  5.948 14.183  2.073 -1.241 53.775-69.957 13.829   0.73
 8 431 822 3 3 6 4 6059.6509 6060.6445
 13.646  0.510 -7.184 -7.692 36.387 48.975  0.687  3.787 -6.855
  35.972  5.948 14.183  2.073 -1.241 53.775-69.957 13.829   0.73
 8 431 822 3 3 6 4 6059.6509 6060.6445
 13.696  0.527 -6.511 -7.035 36.094 48.733  4.261  6.696 -6.855
  35.972  5.948 14.183  2.073 -1.241 53.775-69.957 13.829   0.73
 81831 930 4 2 610 6073.6040 6074.5981
 14.938  0.039 -9.013 -9.051 30.573 44.444  3.440  0.312 -9.656
  26.278 18.941 22.196  4.745  1.946  8.872  4.777 16.599   0.09
 81831 930 4 2 610 6073.6040 6074.5981
 15.003  0.218 -9.526 -9.742 29.408 43.344  0.156  0.402 -9.656
  26.278 18.941 22.196  4.745  1.946  8.872  4.777 16.599   0.09
 81831 930 4 2 610 6073.6040 6074.5981
 15.340  0.423 -9.322 -9.742 29.074 43.344  0.050  0.402 -9.656
  26.278 18.941 22.196  4.745  1.946  8.872  4.777 16.599   0.09
 81831 930 4 2 610 6073.6040 6074.5981
 14.432  0.228 -9.436 -9.662 25.996 39.364  1.074  2.771 -9.656
  26.278 18.941 22.196  4.745  1.946  8.872  4.777 16.599   0.09
 81831 930 4 2 610 6073.6040 6074.5981
 14.389  0.275 -9.847-10.120 25.171 38.496 13.697  1.784 -9.656
  26.278 18.941 22.196  4.745  1.946  8.872  4.777 16.599   0.09
 83131 9 7 0 0 1 1 6086.6196 6087.6152
 13.847 -0.182  4.508  4.327-15.542 -2.730  7.317  2.588  4.508
 -15.542  7.317  2.588  0.000  0.000  0.000  0.000 13.847  -0.18
 83131 9 7 2 4 612 6086.6196 6087.6152
 14.401  0.097 12.689 12.785-24.088-10.725  6.339  0.050 12.997
 -25.588 11.266 11.489  3.447  0.817 11.722  2.568 13.678  -0.18
 83131 9 7 2 4 612 6086.6196 6087.6152
 13.747 -0.222 13.311 13.089-24.143-11.430  0.050  1.622 12.997
 -25.588 11.266 11.489  3.447  0.817 11.722  2.568 13.678  -0.18
 83131 9 7 2 4 612 6086.6196 6087.6152
 14.481  0.165 12.964 13.128-27.786-14.342  1.781  0.350 12.997
 -25.588 11.266 11.489  3.447  0.817 11.722  2.568 13.678  -0.18
 83131 9 7 2 4 612 6086.6196 6087.6152
 14.147 -0.083 13.211 13.128-27.453-14.342  1.237  0.350 12.997
 -25.588 11.266 11.489  3.447  0.817 11.722  2.568 13.678  -0.18
 83131 9 7 2 4 612 6086.6196 6087.6152
 14.638 -0.105 13.892 13.787-27.677-14.078  1.206  0.309 12.997
 -25.588 11.266 11.489  3.447  0.817 11.722  2.568 13.678  -0.18
 83131 9 7 2 4 612 6086.6196 6087.6152
 13.834 -0.209 13.996 13.787-26.877-14.078  0.652  0.309 12.997
 -25.588 11.266 11.489  3.447  0.817 11.722  2.568 13.678  -0.18
 9 531 718 0 0 1 1 6091.6953 6092.6626
 13.621 -0.435 12.849 12.428 45.950 58.176  1.255  0.309 12.849
  45.950  1.255  0.309  0.000  0.000  0.000  0.000 13.621  -0.43
 91031 729 3 5 812 6096.6880 6097.6025
 15.059 -0.088 -5.911 -5.830 44.187 57.061  4.476  7.978 -5.925
  43.224 10.532 48.482  2.210  3.108 -6.182 -7.082 14.466  -0.34
 91031 729 3 5 812 6096.6880 6097.6025
 15.514 -0.309 -6.113 -5.830 43.771 57.061  1.707  7.978 -5.925
  43.224 10.532 48.482  2.210  3.108 -6.182 -7.082 14.466  -0.34
 91031 729 3 5 812 6096.6880 6097.6025
 15.409 -0.255 -6.405 -6.172 43.297 56.491  0.659  4.755 -5.925
  43.224 10.532 48.482  2.210  3.108 -6.182 -7.082 14.466  -0.34
 91031 729 3 5 812 6096.6880 6097.6025
 15.031 -0.071 -6.434 -6.369 41.052 53.901  0.050  2.749 -5.925
  43.224 10.532 48.482  2.210  3.108 -6.182 -7.082 14.466  -0.34
 91231 9 8 1 1 210 6098.6187 6099.5933
 13.224 -1.316 10.325  9.043 -3.550  8.377  1.420  0.256 10.478
  -2.508  2.492 15.539  2.409  0.060 -8.491 -3.421 15.203  -0.44
 91231 9 8 1 1 210 6098.6187 6099.5933
 13.420 -1.240 10.681  9.472 -1.127 10.990  1.072  0.117 10.478
  -2.508  2.492 15.539  2.409  0.060 -8.491 -3.421 15.203  -0.44
 91331 945 2 81013 6099.5933 6100.6167
 13.982  0.147  9.043  9.193  8.377 21.682  0.256  0.260 10.051
  11.347 15.539 17.218  2.469  0.541 -3.421-16.475 13.440  -0.16
 91331 945 2 81013 6099.5933 6100.6167
 13.255  0.167 11.000 11.171 10.472 23.034  0.878  0.583 10.051
  11.347 15.539 17.218  2.469  0.541 -3.421-16.475 13.440  -0.16
 91331 945 2 81013 6099.5933 6100.6167
 13.601 -0.080 11.253 11.171 10.117 23.034  0.050  0.583 10.051
  11.347 15.539 17.218  2.469  0.541 -3.421-16.475 13.440  -0.16
 91331 945 2 81013 6099.5933 6100.6167
 14.054  0.149 10.348 10.501 11.923 25.302  3.962  0.135 10.051
  11.347 15.539 17.218  2.469  0.541 -3.421-16.475 13.440  -0.16
 91331 945 2 81013 6099.5933 6100.6167
 13.353  0.119  9.472  9.594 10.990 23.653  0.117  0.802 10.051
  11.347 15.539 17.218  2.469  0.541 -3.421-16.475 13.440  -0.16
 91331 945 2 81013 6099.5933 6100.6167
 13.394 -0.028  9.069  9.041  9.912 22.616  0.301  0.366 10.051
  11.347 15.539 17.218  2.469  0.541 -3.421-16.475 13.440  -0.16
 91331 945 2 81013 6099.5933 6100.6167
 13.502  0.001  9.323  9.323 10.202 23.016  0.050  5.871 10.051
  11.347 15.539 17.218  2.469  0.541 -3.421-16.475 13.440  -0.16
 91331 945 2 81013 6099.5933 6100.6167
 13.828  0.134  9.056  9.193  8.534 21.682  1.147  0.260 10.051
  11.347 15.539 17.218  2.469  0.541 -3.421-16.475 13.440  -0.16
 91431 911 4 913 4 6100.6167 6101.6123
 14.214 -0.015 10.501 10.485 25.302 38.478  0.135 12.396  9.889
  24.098 17.218 23.161  3.009  0.461-16.475-16.793 13.848   0.13
 91431 911 4 913 4 6100.6167 6101.6123
 13.817  0.039 10.446 10.485 25.697 38.478  6.270 12.396  9.889
  24.098 17.218 23.161  3.009  0.461-16.475-16.793 13.848   0.13
 91431 911 4 913 4 6100.6167 6101.6123
 13.426  0.280 10.206 10.485 26.088 38.478  0.050 12.396  9.889
  24.098 17.218 23.161  3.009  0.461-16.475-16.793 13.848   0.13
 91431 911 4 913 4 6100.6167 6101.6123
 14.171  0.018  9.594  9.612 23.653 36.786  0.802  3.760  9.889
  24.098 17.218 23.161  3.009  0.461-16.475-16.793 13.848   0.13
 91431 911 4 913 4 6100.6167 6101.6123
 13.529  0.204  9.193  9.397 21.682 34.176  0.260  6.884  9.889
  24.098 17.218 23.161  3.009  0.461-16.475-16.793 13.848   0.13
 91431 911 4 913 4 6100.6167 6101.6123
 13.628 -0.137  9.534  9.397 21.584 34.176  0.732  6.884  9.889
  24.098 17.218 23.161  3.009  0.461-16.475-16.793 13.848   0.13
 91431 911 1 2 3 1 6100.6167 6101.6123
 14.273 -0.334  4.709  4.376-55.671-42.437  2.695  0.877  4.668
 -55.522  3.100  0.877  1.859 -1.859  6.832  0.000 14.122  -0.29
 91531 918 0 0 1 3 6101.6123 6102.6172
 15.642  0.243  4.376  4.620-42.437-27.707  0.877  1.194  4.376
 -42.437  0.877  1.294  0.000  1.167  0.000-33.271 15.665   0.26
 91531 918 1 3 4 9 6101.6123 6102.6172
 14.820 -0.501  9.397  8.894 34.176 48.080  6.884  6.151 10.019
  36.910 23.161 12.044  3.471 -0.110-16.793-16.485 13.587  -0.72
 91531 918 1 3 4 9 6101.6123 6102.6172
 14.520 -0.604  9.612  9.005 36.786 50.388  3.760  0.147 10.019
  36.910 23.161 12.044  3.471 -0.110-16.793-16.485 13.587  -0.72
 91531 918 1 3 4 9 6101.6123 6102.6172
 14.386 -0.833 10.485  9.648 38.478 51.946 12.396  1.663 10.019
  36.910 23.161 12.044  3.471 -0.110-16.793-16.485 13.587  -0.72
 91631 911 1 2 3 4 6102.6172 6103.6182
 14.629  0.096  4.620  4.716-27.707-14.052  1.194  0.188  4.638
 -27.684  1.294  1.249  1.167  3.460-33.271 -2.055 13.094  -0.16
 91631 911 1 2 3 4 6102.6172 6103.6182
 15.004  0.277  4.439  4.716-28.083-14.052  0.050  0.188  4.638
 -27.684  1.294  1.249  1.167  3.460-33.271 -2.055 13.094  -0.16
 91731 9 9 2 2 4 4 6103.6182 6104.6040
 14.105  0.121  8.982  9.101-58.248-45.308  7.834  7.212  9.157
 -58.832 12.288 15.414  2.943  0.949 10.519  5.303 14.318   0.10
 91731 9 9 2 2 4 4 6103.6182 6104.6040
 14.234  0.018  9.346  9.364-58.640-45.574  2.390  7.254  9.157
 -58.832 12.288 15.414  2.943  0.949 10.519  5.303 14.318   0.10
 91731 9 9 2 2 4 4 6103.6182 6104.6040
 14.402  0.157  9.698  9.853-62.979-49.747  0.888  0.050  9.157
 -58.832 12.288 15.414  2.943  0.949 10.519  5.303 14.318   0.10
 92131 849 2 2 4 3 6107.6318 6108.6328
 14.483  0.479  8.002  8.481 -4.155  9.353  0.973  7.607  8.521
  -5.070 10.630  9.583  1.316  0.300 17.000 18.310 15.078   0.07
 92131 849 2 2 4 3 6107.6318 6108.6328
 14.452  0.120  8.362  8.481 -4.125  9.353  1.848  7.607  8.521
  -5.070 10.630  9.583  1.316  0.300 17.000 18.310 15.078   0.07
 92131 849 2 2 4 3 6107.6318 6108.6328
 14.291  0.138  8.601  8.739 -5.281  8.035  7.318  0.256  8.521
  -5.070 10.630  9.583  1.316  0.300 17.000 18.310 15.078   0.07
 92231 848 1 2 3 2 6108.6328 6109.6831
 14.200 -1.033  9.027  7.941  7.766 21.652  1.720  0.216  8.586
   9.033  9.583 11.258  1.617  0.822 18.310 -9.118 15.265  -0.25
 92231 848 1 2 3 2 6108.6328 6109.6831
 13.944 -0.759  8.739  7.941  8.035 21.652  0.256  0.216  8.586
   9.033  9.583 11.258  1.617  0.822 18.310 -9.118 15.265  -0.25
 92231 848 4 5 9 3 6108.6328 6109.6831
 17.660  0.181  8.249  8.439-16.111  1.411  1.008  0.965  8.690
 -14.656  5.127  1.065  3.457 -0.179 -9.957-20.961 16.159  -0.28
 92231 848 4 5 9 3 6108.6328 6109.6831
 17.678 -0.207  8.657  8.439-16.129  1.411  1.620  0.965  8.690
 -14.656  5.127  1.065  3.457 -0.179 -9.957-20.961 16.159  -0.28
 92231 848 4 5 9 3 6108.6328 6109.6831
 17.487 -0.230  8.979  8.737-15.463  1.877  0.152  0.050  8.690
 -14.656  5.127  1.065  3.457 -0.179 -9.957-20.961 16.159  -0.28
 92231 848 4 5 9 3 6108.6328 6109.6831
 17.936  0.214  8.214  8.439-16.400  1.411  0.050  0.965  8.690
 -14.656  5.127  1.065  3.457 -0.179 -9.957-20.961 16.159  -0.28
 92331 736 1 1 2 2 6109.6831 6110.6953
 14.321  1.188  7.941  9.144 21.652 35.146  0.216  0.050  8.320
  24.038 11.258  4.176  2.438  0.145 -9.118 22.004 14.325  -0.13
 92331 736 2 1 3 3 6109.6831 6110.6953
 11.307 -1.925  8.439  6.491  1.411 11.855  0.965  0.160  8.398
   1.288  1.065  0.260  3.278 -1.824-20.961 -2.289 11.679  -1.66
 92331 736 2 1 3 3 6109.6831 6110.6953
 12.265 -1.952  8.737  6.762  1.877 13.291  0.050  0.050  8.398
   1.288  1.065  0.260  3.278 -1.824-20.961 -2.289 11.679  -1.66
10 331 755 0 0 1 2 6119.6694 6120.6870
 13.115 -0.086 19.213 19.126-14.075 -1.735  4.743 10.890 19.213
 -14.075  4.743 11.399  0.000  0.284  0.000-19.475 13.102  -0.09
10 331 755 0 0 1 1 6119.6694 6120.6870
 13.131  0.898 20.270 21.184 -5.018  7.339  0.413  0.050 20.270
  -5.018  0.413  0.050  0.000  0.000  0.000  0.000 13.131   0.90
10 431 730 1 1 2 1 6120.6870 6121.6743
 15.514 -0.025 19.126 19.101 -1.735 12.612 10.890  7.705 19.122
  -1.748 11.399  7.705  0.284 -0.284-19.475  0.000 15.527  -0.02
10 431 730 1 1 2 1 6120.6870 6121.6743
 15.801  0.071 19.031 19.101 -2.018 12.612  0.509  7.705 19.122
  -1.748 11.399  7.705  0.284 -0.284-19.475  0.000 15.527  -0.02
10 531 748 0 0 1 1 6121.6743 6122.6680
 14.725 -1.075 19.101 18.033 12.612 26.265  7.705  1.420 19.101
  12.612  7.705  1.420  0.000  0.000  0.000  0.000 14.725  -1.07
101331 856 1 1 2 3 6129.6270 6130.6484
 14.149 -0.307  1.369  1.055 20.075 33.521  3.004  0.065  1.441
  19.736  3.996  0.656  1.395  0.090 12.023 15.544 13.901   0.21
101331 856 1 1 2 3 6129.6270 6130.6484
 14.660  0.060  1.660  1.721 18.710 32.678  0.993  0.542  1.441
  19.736  3.996  0.656  1.395  0.090 12.023 15.544 13.901   0.21
102231 754 1 1 2 3 6138.6699 6139.6680
 14.783  0.395-13.810-14.204-36.505-22.738 16.859 10.725-13.801
 -36.525 17.660 11.841  0.476  4.228-23.939-19.483 14.371   0.26
102231 754 1 1 2 3 6138.6699 6139.6680
 15.231  0.589-13.617-14.204-36.953-22.738  0.801 10.725-13.801
 -36.525 17.660 11.841  0.476  4.228-23.939-19.483 14.371   0.26
102331 757 1 2 3 2 6139.6680 6140.6699
 13.966 -0.282-12.156-11.874-26.777-13.770  0.050  2.384-14.056
 -23.169 11.841 18.571  4.704 -0.426-19.483-40.133 13.301   0.22
102831 753 1 1 2 2 6144.6714 6145.6650
 14.683 -0.693-16.038-15.350 41.692 55.303 26.836 11.696-16.170
  41.643 28.764 12.866  2.090 -1.342 70.381  6.649 14.802  -0.83
11 431 727 1 2 310 6151.6890 6152.7627
 15.382  0.235  0.462  0.714-37.137-21.681  0.402  1.365  0.621
 -39.627  2.467 11.850  2.979 -0.769  3.662  8.571 15.768  -0.10
11 431 727 1 2 310 6151.6890 6152.7627
 15.004 -0.015  0.712  0.696-40.080-25.030  1.888  0.286  0.621
 -39.627  2.467 11.850  2.979 -0.769  3.662  8.571 15.768  -0.10
11 431 727 1 2 310 6151.6890 6152.7627
 15.021  0.316  0.008  0.347-40.437-25.369  0.177  0.348  0.621
 -39.627  2.467 11.850  2.979 -0.769  3.662  8.571 15.768  -0.10
112231 748 2 1 3 3 6169.6743 6170.6831
 12.270 -0.653 12.326 11.667  4.536 15.923  3.013  0.683 12.093
   4.822  6.629  1.395  0.667  3.254 39.729  7.584 12.375  -0.92
112231 748 2 1 3 3 6169.6743 6170.6831
 11.822 -0.263 11.932 11.667  4.988 15.923  3.312  0.683 12.093
   4.822  6.629  1.395  0.667  3.254 39.729  7.584 12.375  -0.92
112331 736 2 7 9 2 6170.6831 6171.7715
 13.347 -0.029 10.679 10.647-37.563-24.110 14.408 13.562 11.147
 -40.134 41.405 13.920  8.576 -5.950  6.246 -0.555 15.648  -0.46
112331 736 2 7 9 2 6170.6831 6171.7715
 14.011 -0.431 11.116 10.647-38.285-24.110 16.586 13.562 11.147
 -40.134 41.405 13.920  8.576 -5.950  6.246 -0.555 15.648  -0.46
112331 736 2 7 9 2 6170.6831 6171.7715
 14.050 -0.436 11.096 10.621-41.000-26.782  0.652  0.358 11.147
 -40.134 41.405 13.920  8.576 -5.950  6.246 -0.555 15.648  -0.46
112931 733 2 2 4 2 6176.6846 6177.6875
 16.582  1.188 13.572 14.763 16.023 31.664  2.436  4.261 13.711
  16.601  5.842  4.270  1.060  1.926-12.919-30.376 15.999   1.05
112931 733 2 2 4 2 6176.6846 6177.6875
 16.209  1.056 13.704 14.763 16.396 31.664  0.669  4.261 13.711
  16.601  5.842  4.270  1.060  1.926-12.919-30.376 15.999   1.05
112931 733 2 2 4 2 6176.6846 6177.6875
 15.786  1.461 13.298 14.763 16.821 31.664  1.925  4.261 13.711
  16.601  5.842  4.270  1.060  1.926-12.919-30.376 15.999   1.05
112931 733 1 1 2 1 6176.6846 6177.6875
 14.020 -0.079 12.610 12.532 23.644 36.717  0.050  0.050 12.615
  24.040  0.523  0.050  0.427 -0.427 -0.682  0.000 13.626  -0.08
112931 733 1 1 2 1 6176.6846 6177.6875
 13.584 -0.084 12.615 12.532 24.082 36.717  0.473  0.050 12.615
  24.040  0.523  0.050  0.427 -0.427 -0.682  0.000 13.626  -0.08
112931 733 2 3 5 3 6176.6846 6177.6875
 13.763  0.043 10.353 10.396 32.414 45.229  7.662  5.809 10.669
  36.970 37.441 26.373  5.796  2.670  2.898 -1.486 15.933  -0.10
112931 733 2 3 5 3 6176.6846 6177.6875
 14.036  0.011 10.937 10.948 36.258 49.347 17.902  0.050 10.669
  36.970 37.441 26.373  5.796  2.670  2.898 -1.486 15.933  -0.10
112931 733 2 3 5 3 6176.6846 6177.6875
 13.569  0.444 10.175 10.621 41.253 53.873  3.280 20.513 10.669
  36.970 37.441 26.373  5.796  2.670  2.898 -1.486 15.933  -0.10
112931 733 2 3 5 3 6176.6846 6177.6875
 13.919  0.040 10.581 10.621 40.902 53.873  8.547 20.513 10.669
  36.970 37.441 26.373  5.796  2.670  2.898 -1.486 15.933  -0.10
