 1 9841745 1 1 2 125211.740225212.8301
 13.973 -0.181 -1.864 -7.059  7.090  3.875  0.050-27.290 -0.382
  -6.893 -7.232 -1.949 -1.774  1.979  1.896  0.000  0.000   0.00
 1 9841745 3 1 4 225211.740225212.8301
 13.730 -0.032 -5.979-18.099 -4.215  5.448  1.994 31.573  0.428
 -18.044-18.269 -5.945 -6.083  4.105  1.343 -4.201 -4.215  57.27
 120841910 3 6 9 625222.798825223.7656
 13.775  1.283 -5.451  2.448 14.818  8.664 31.984 -6.218  0.422
   4.968 -0.698 -5.724 -5.109  4.810  3.853 17.737 11.626   0.95
 125841852 4 4 81425227.787125228.8145
 14.530  0.613 11.386-34.506-20.588 76.252 59.454-11.060 -1.338
 -31.958-37.557 11.875 10.802 41.549 34.703-18.317-22.585  -0.03
 125841852 2 8101325227.787125228.8145
 14.372 -0.213 14.465-14.098 -0.341 58.094119.561 -6.263  0.250
  -9.717-16.267 14.930 14.234 19.240 38.854  4.156 -2.578  -3.88
 125841852 2 2 4 125227.787125228.8145
 14.120  1.371 14.469 -1.310 12.188 15.554 20.932 89.056 -2.866
  -1.285 -1.334 13.011 15.877  7.641  7.914  0.000  0.000   0.00
 126841932 6 8141325228.814525229.7910
 15.961 -0.492 12.016-20.588 -5.939 59.454 66.823-11.088 -0.074
 -18.317-22.585 12.452 11.633 27.822 31.632 -4.247 -8.418  -1.11
 126841932 31013 325228.814525229.7910
 12.576  1.546 14.246 -0.341 10.998119.561  7.129-10.146 -5.574
   4.156 -2.578 15.026 13.858 39.710 79.851 11.114 10.255  48.57
 126841932 0 0 1 225228.814525229.7910
 15.903 -0.299 15.877 12.188 26.780 20.932  3.457  0.000  0.000
   0.000  0.000  0.000  0.000  0.000  0.000  0.000 26.507   0.00
 1278419 0 310131425229.791025230.9004
 12.936 -0.568 11.535 -5.939  7.314 66.823 78.038-12.202  0.691
  -4.247 -8.418 11.893 11.009 39.721 27.102  9.374  4.602  -3.69
 1278419 0 5 3 81325229.791025230.9004
 16.883  0.743 13.374 11.700 29.327 41.976129.461-70.975  4.591
  12.184 11.330 14.737 12.328 18.216 23.760 32.528 25.402  56.36
 1278419 0 1 1 2 125229.791025230.9004
 13.005 -0.290 15.584 26.780 40.109  3.457  4.484-11.312 -0.485
  27.001 26.507 15.627 15.532  1.910  1.547  0.000  0.000   0.00
 1278419 0 1 1 2 225229.791025230.9004
 12.102 -0.449 14.493 36.101 48.429  0.528  1.721 -4.649 -0.740
  36.819 35.129 14.549 14.416  0.304  0.224 48.516 47.803 -35.27
 128842136 5 9142025230.900425231.8984
 14.076  0.151 10.905  7.314 20.402 78.038 60.378-15.890 -0.485
   9.374  4.602 11.480 10.147 44.354 33.684 22.362 18.085  -0.99
 129842135 3 2 51125231.898425232.8047
 14.976  0.034 12.465 -2.508 10.168  0.584 17.062 -1.897  0.241
  -1.477 -4.045 12.498 12.415  0.350  0.235 11.079  8.290   9.79
 129842135 713201125231.898425232.8047
 13.915  0.006 11.055 20.402 32.117 60.378 67.678-16.882  1.156
  22.362 18.085 11.639 10.365 32.711 27.666 35.163 29.794  -1.21
 129842135 513182125231.898425232.8047
 16.975  0.085 13.253 39.662 54.148 85.810 85.627 -5.451  2.292
  44.295 38.670 13.684 13.161 15.131 70.679 58.463 51.095 -17.60
 130841919 1 2 3 425232.804725233.8887
 13.789  0.343-12.987-10.269  3.608  3.035  5.941  7.002  1.406
  -9.959-11.662-12.949-13.153  2.482  0.553  5.266  2.229   9.28
 130841919 5 6111125232.804725233.8887
 13.946 -0.317 12.495 10.168 24.215 17.062 20.466  7.892  0.559
  11.079  8.290 12.372 12.749 11.486  5.576 25.600 22.244  -0.41
 130841919 6 511 625232.804725233.8887
 13.844 -0.004 11.061 32.117 46.054 67.678124.637-18.088 -0.483
  35.163 29.794 12.037 10.316 29.280 38.398 48.414 43.651  -4.42
 131842119 5 6111525233.888725234.9473
 13.934  0.116 12.152 24.215 37.944 20.466  8.848  7.486  1.586
  25.600 22.244 11.974 12.405 12.019  8.447 40.072 35.399  13.63
 131842119 3 3 6 825233.888725234.9473
 12.243 -0.790 11.056 46.054 57.991124.637 79.166-22.503 -3.005
  48.414 43.651 12.016 10.079 62.874 61.763 58.090 56.179  46.28
 2 1842245 1 2 3 525234.947325235.8867
 14.564  1.621-11.426-50.739-37.975  7.371 16.013  6.984  0.324
 -50.143-51.122-11.354-11.472  2.884  4.487-37.151-38.449   4.41
 2 1842245 7 815 425234.947325235.8867
 16.389 -0.668 12.274 37.944 52.423  8.848  7.777 21.114 -1.779
  40.072 35.399 11.471 13.234  4.818  4.030 53.361 50.217 -12.47
 2 5841757 3 3 6 725238.748025239.7617
 15.284  0.258-12.619 13.156 27.660 14.210 21.758-33.128  0.488
  13.915 12.101-13.103-11.948  8.263  5.947 30.184 27.560  22.64
 2 5841757 1 4 5 525238.748025239.7617
 15.506 -0.556 -9.377-20.762 -6.033 47.424 30.337 12.177 -5.858
 -19.952-26.506 -9.205-10.600 41.560  5.863 -5.693 -6.408 -33.41
 2 5841757 0 0 1 125238.748025239.7617
 15.050 -0.910 -8.922-46.519-32.253 12.519 16.237  0.000  0.000
   0.000  0.000  0.000  0.000  0.000  0.000  0.000  0.000   0.00
 2 5841757 2 4 6 525238.748025239.7617
 14.300  0.301  9.919-17.449 -3.943 26.248 15.128  1.302  1.184
 -16.148-20.861  9.890  9.995 19.004  7.245 -0.581 -6.502  -0.01
 220841537 2 3 5 625253.650425254.7793
 15.549  0.420-18.291 11.662 28.092  3.316 20.192 42.977  0.919
  12.568 10.402-17.489-19.405  1.929  1.388 29.073 25.489 -18.44
 220841537 4 4 8 425253.650425254.7793
 14.034  0.558 10.277-52.495-37.774 83.681 70.853 -2.210  0.270
 -50.419-53.986 10.355 10.220 34.984 48.697-36.253-40.040  12.72
 220841537111526 525253.650425254.7793
 13.901 -0.011 15.183-27.266-12.694 77.372 54.222 20.374 -2.369
 -23.995-28.649 14.011 15.679 22.993 54.379-11.421-13.806  -2.19
 221841841 1 5 6 325254.779325255.7637
 16.203 -1.089-18.764 28.092 43.103 20.192  9.506 24.539  1.411
  29.073 25.489-18.341-19.890 14.668  5.524 43.460 38.258 -39.92
 221841841 2 2 4 425254.779325255.7637
 13.645 -0.323 10.906-37.774-25.286 70.853 54.294 10.509 -0.495
 -36.253-40.040 10.629 11.319 42.402 28.450-24.541-27.760   5.22
 221841841 3 2 5 825254.779325255.7637
 13.676  0.368 15.172-12.694 -0.176 54.222 26.159 18.183 -0.878
 -11.421-13.806 14.768 15.524 25.273 28.949  0.448 -0.745  23.74
 222841821 1 2 3 225255.763725256.7871
 14.994  0.917-17.690 43.103 57.437  9.506 15.495-15.384 -2.712
  43.460 38.258-17.784-16.420  8.853  0.653 58.215 55.872  -8.50
 222841821 0 0 1 125255.763725256.7871
 13.543 -2.759-19.789 37.738 50.588  0.050  1.714  0.000  0.000
   0.000  0.000  0.000  0.000  0.000  0.000  0.000  0.000   0.00
 222841821 2 2 4 625255.763725256.7871
 13.728 -0.332 10.588-25.286-12.246 54.294 26.210 15.725 -0.273
 -24.541-27.760 10.382 11.273 41.731 12.563-10.387-13.410  -6.49
 222841821 3 5 8 525255.763725256.7871
 13.654  0.127 15.534 -0.176 12.789 26.159 25.131 41.923  1.147
   0.448 -0.745 14.995 16.027 12.483 13.675 13.102 10.733  -9.85
 223841853 2 7 9 625256.787125257.7832
 16.745 -0.604-12.910-50.841-35.142 46.083 18.699 -3.613 -2.431
 -47.370-54.612-13.124-12.678 23.995 22.087-33.725-37.731 -28.93
 223841853 3 3 61025256.787125257.7832
 14.001  0.012 10.248-12.246  0.720 26.210 54.109  9.231  0.319
 -10.387-13.410  9.951 10.434 10.089 16.120  2.369 -0.984  -1.05
 223841853 2 3 51125256.787125257.7832
 14.429 -0.504 15.664 12.789 26.181 25.131 33.143 32.072 -1.131
  13.102 10.733 15.475 16.904 21.809  3.322 26.976 25.500  -8.09
 223841853 4 4 81125256.787125257.7832
 13.919  0.953 14.213 13.297 26.181 26.047 33.143-11.078 -0.657
  14.040 11.795 14.353 13.927 17.429  8.618 26.976 25.500  35.06
 224841848 3 6 91625257.783225258.7813
 15.146 -0.430-13.142-41.024-26.879 20.976 26.470-24.589  3.699
 -40.161-41.662-13.527-12.858  8.917 12.060-22.785-27.902  44.41
 224841848 5 510 625257.783225258.7813
 14.394  0.410 10.260  0.720 14.114 54.109 48.032  8.183 -0.066
   2.369 -0.984 10.027 10.501 27.498 26.611 15.656 12.438   6.34
 224841848 3 811 825257.783225258.7813
 13.834 -0.364 15.162 26.181 39.017 33.143 56.962 23.981 -0.043
  26.976 25.500 14.821 15.455 15.297 17.846 39.535 38.055 -43.39
 225841845 3 5 8 525258.781325259.9199
 14.589 -0.456 14.798 39.017 54.515 56.962 40.163-19.407  0.381
  39.535 38.055 14.975 14.471 37.018 19.944 55.491 53.548  26.91
 225841845 3 3 6 525258.781325259.9199
 13.906  0.075 10.669 14.114 28.833 48.032 46.190 14.519 -0.069
  15.656 12.438 10.277 11.096 25.013 23.019 30.259 27.231   7.04
 3 3842251 1 1 2 125265.951225266.7363
 14.098 -0.632-12.860  4.114 14.397  4.034  0.157 12.031 -4.506
   8.626  4.105-11.922-12.862  0.007  4.027  0.000  0.000   0.00
 3 3842251 1 1 2 525265.951225266.7363
 14.487 -1.343-10.642-45.809-35.221 11.912  2.099 -2.808  1.833
 -45.696-47.940-10.648-10.540 11.313  0.599-34.032-37.987  17.95
 3 4841740 2 3 5 325266.736325267.7910
 14.519 -0.542 -9.589-35.221-20.950  2.099  9.584 15.146  1.502
 -34.032-37.987 -9.272-10.328  1.468  0.631-19.696-24.985   4.37
 3 4841740 1 1 2 325266.736325267.7910
 12.449 -0.601 -9.590-49.775-37.687  2.205  4.113 -2.489  0.424
 -48.564-52.098 -9.642 -9.490  1.450  0.756-34.597-38.552   5.04
 3 4841740 0 0 1 325266.736325267.7910
 14.098 -0.301-14.579-56.728-42.901 13.649  2.231  0.000  0.000
   0.000  0.000  0.000  0.000  0.000  0.000  0.000-43.042   0.00
 3 5841858 1 2 3 825267.791025268.8301
 15.231  0.038 -9.018-20.950 -6.137  9.584 15.362 19.520 -2.192
 -19.696-24.985 -8.579-10.431  7.312  2.272 -5.805 -9.089  -4.92
 3 5841858 2 1 3 325267.791025268.8301
 14.161  0.063 -8.956-37.687-23.986  4.113  5.515  2.554 -0.318
 -34.597-38.552 -8.820 -8.994  0.900  3.214-20.519-24.157  -3.74
 3 5841858 1 2 3 425267.791025268.8301
 15.060  1.017-14.262-42.901-28.266  2.231 22.189-18.141 -0.082
 -42.329-43.042-14.443-14.217  0.439  1.792-27.836-28.490   5.93
 3 6841955 1 7 8 225268.830125269.8184
 13.388  0.198 -9.057 -6.137  6.122 15.362 13.032 14.600 -2.743
  -5.805 -9.089 -8.972 -9.816 13.808  1.554  6.191  5.859  42.85
 3 6841955 1 2 3 125268.830125269.8184
 13.721 -0.736 -9.022-23.986-11.398  5.515  1.040 -1.184 -3.593
 -20.519-24.157 -9.092 -9.018  0.258  5.257  0.000  0.000   0.00
 3 6841955 1 3 4 225268.830125269.8184
 13.724 -0.638-15.319-28.266-15.675 22.189 16.384-12.210  0.080
 -27.836-28.490-15.408-15.272  7.598 14.591-15.146-15.790 -18.63
 3 7841937 1 3 4 425269.818425270.8809
 17.143 -1.080 -6.134 26.880 44.051  2.897  0.961 28.567 -0.421
  29.147 26.847 -4.907 -6.152  0.042  2.855 44.390 42.218 -21.08
 3 7841937 1 1 2 525269.818425270.8809
 14.403  0.029 -9.252  6.122 20.381 13.032 14.065 57.446  1.122
   6.191  5.859 -9.146 -9.659 10.335  2.697 20.622 18.918 -71.00
 3 7841937 1 1 2 825269.818425270.8809
 14.161  0.525-14.688-15.675 -1.673 16.384 38.691-30.836  1.201
 -15.146-15.790-14.993-14.621  2.924 13.460 -0.898 -2.844  17.96
 310841919 2 1 31425272.804725273.8086
 14.322 -2.680-11.728  6.571 19.965  3.979 19.833-28.759 -7.999
  17.727  6.402-14.533 -8.447  2.568  0.779 21.828 17.135  23.97
 311841925 2 2 4 725273.808625274.7734
 13.820 -0.073-14.577 38.704 51.095 19.704  9.727  0.288  7.456
  38.934 38.291-14.576-14.579 12.651  7.053 58.210 50.436  21.03
 311841925 5 9142625273.808625274.7734
 11.992  1.229 -9.037 19.965 30.592 19.833 35.797 -4.785  0.722
  21.828 17.135 -9.191 -8.803 11.960  7.874 34.435 29.120  17.96
 311841925 1 1 2 525273.808625274.7734
 12.951 -0.165-17.428 -4.279  7.273  0.513  3.116 25.722 -1.369
  -3.261 -8.035-16.960-19.154  0.403  0.109  8.469  4.939  -1.84
 316841735 8 7151325278.732425279.8223
 15.403 -0.467 -4.433 44.129 59.839 54.247 53.039 -4.462 -0.013
  47.881 39.709 -4.724 -4.089 29.337 24.910 63.229 55.061   1.51
 316841735 1 1 2 325278.732425279.8223
 11.129 -0.088-21.736-17.999 -6.944  1.719  0.700-24.178  1.780
 -17.501-20.489-21.944-20.698  1.433  0.286 -6.605-11.349  48.08
 316841735 0 0 1 225278.732425279.8223
 14.533 -0.298 12.800-39.419-24.656  7.566  8.310  0.000  0.000
   0.000  0.000  0.000  0.000  0.000  0.000  0.000-27.335   0.00
 316841735 1 1 2 425278.732425279.8223
 14.289 -0.426 14.423-59.035-44.538 24.657 11.760 28.735  0.964
 -58.649-59.527 14.217 14.684 13.806 10.851-43.370-44.929   9.80
 316841735 1 3 4 525278.732425279.8223
 11.829  0.020 14.133 -8.928  2.889  4.163  1.106-31.215  3.291
  -8.579 -9.601 14.338 13.738  2.740  1.423  5.805  1.225  27.95
 317841944 2 1 3 325279.822325280.7676
 15.843 -0.437-21.640 -6.944  7.090  0.700  1.105 23.905 -4.263
  -6.605-11.349-21.501-23.455  0.650  0.050  7.645  7.045 -26.30
 317841944 0 0 1 325279.822325280.7676
 14.227 -0.176-21.394 -5.418  7.090  0.050  1.105  0.000  0.000
   0.000  0.000  0.000  0.000  0.000  0.000  0.000  7.045   0.00
 317841944 1 3 4 325279.822325280.7676
 13.796  0.580  6.243 18.079 30.179  1.344  3.563 -8.161  1.170
  18.748 17.350  6.338  6.139  0.701  0.643 32.026 29.437   5.41
 317841944 2 2 4 225279.822325280.7676
 14.603 -0.676 13.958-44.538-31.676 11.760 12.256 38.532 -0.575
 -43.370-44.929 13.055 14.260  2.947  8.813-31.484-32.592  -1.07
 317841944 1 1 2 225279.822325280.7676
 14.193  0.241 12.476-24.656-12.181  8.310  3.749 34.637  0.162
 -24.622-27.335 12.453 14.283  8.206  0.104-12.137-15.396 -54.63
 318841823 1 1 2 125280.767625281.8125
 14.301 -0.087 11.723-57.357-43.439  8.668  7.392-55.373 -0.413
 -57.349-57.589 11.735 11.395  8.360  0.308  0.000  0.000   0.00
 318841823 0 0 1 125280.767625281.8125
 14.746 -0.029 14.942-59.211-44.828  9.543  8.858  0.000  0.000
   0.000  0.000  0.000  0.000  0.000  0.000  0.000  0.000   0.00
 318841823 1 1 2 225280.767625281.8125
 13.885  0.446 13.319-31.676-18.192 12.256 19.843 37.465 -0.071
 -31.484-32.592 13.176 14.003 10.139  2.117-17.390-18.206  14.54
 318841823 1 1 2 125280.767625281.8125
 14.814 -0.422 12.704-12.181  2.274  3.749  0.752-19.995 -3.383
 -12.137-15.396 12.719 11.562  3.699  0.050  0.000  0.000   0.00
 318841823 1 2 3 325280.767625281.8125
 17.011 -0.053  6.790 30.179 46.930  3.563  6.474 -2.753  0.620
  32.026 29.437  6.879  6.755  1.021  2.542 46.979 43.801  -6.03
 319841929 0 0 1 125281.812525282.8184
 13.425 -0.082-13.486-52.541-40.013  2.264 10.365  0.000  0.000
   0.000  0.000  0.000  0.000  0.000  0.000  0.000  0.000   0.00
 319841929 0 0 1 125281.812525282.8184
 13.644  0.292 11.632-43.439-30.691  7.392  6.730  0.000  0.000
   0.000  0.000  0.000  0.000  0.000  0.000  0.000  0.000   0.00
 319841929 0 0 1 125281.812525282.8184
 15.024 -2.965 14.912-44.828-30.691  8.858  6.730  0.000  0.000
   0.000  0.000  0.000  0.000  0.000  0.000  0.000  0.000   0.00
 319841929 1 1 2 325281.812525282.8184
 13.999 -0.188 13.785-18.192 -5.087 19.843 18.903 52.001 -0.744
 -17.390-18.206 12.788 13.803  0.348 19.495 -4.967 -5.474 -26.78
 319841929 0 0 1 125281.812525282.8184
 14.294 -0.226 12.262  2.274 15.676  0.752  6.554  0.000  0.000
   0.000  0.000  0.000  0.000  0.000  0.000  0.000  0.000   0.00
 319841929 0 0 1 125281.812525282.8184
 14.306 -0.160 13.986 25.688 39.102  0.794  3.109  0.000  0.000
   0.000  0.000  0.000  0.000  0.000  0.000  0.000  0.000   0.00
 319841929 1 2 3 225281.812525282.8184
 12.445 -0.209  6.735 46.930 58.471  6.474 32.951 -8.785  1.717
  46.979 43.801  6.743  6.255  6.374  0.100 60.114 55.178   5.58
 321841825 1 1 2 425283.767625284.7695
 13.559  1.748 11.625 -5.370  7.231  4.945 15.807 33.222 -3.448
  -5.068 -8.946 11.431 13.918  4.560  0.385  7.423  6.318 -22.70
 321841825 0 0 1 425283.767625284.7695
 13.832 -1.254 14.633 -5.644  7.231  0.136 15.807  0.000  0.000
   0.000  0.000  0.000  0.000  0.000  0.000  0.000  6.318   0.00
 3238419 7 1 3 4 425285.796925286.7754
 13.561 -0.550 13.450 33.569 45.884 10.123 10.961 48.104  0.003
  33.792 33.415 13.208 13.616  4.122  6.001 46.074 45.655  -5.67
 3238419 7 1 2 3 425285.796925286.7754
 15.321 -0.545  8.383 21.861 35.899  8.366  4.199  2.601 -2.780
  22.673 18.418  8.347  8.538  6.769  1.596 36.138 34.762 -20.72
 3238419 7 0 0 1 925285.796925286.7754
 15.677  0.598-12.252 14.254 28.640  2.798  4.186  0.000  0.000
   0.000  0.000  0.000  0.000  0.000  0.000  0.000 26.212   0.00
 3238419 7 0 0 1 125285.796925286.7754
 14.112  0.127-13.500 -0.559 12.295  5.132  0.393  0.000  0.000
   0.000  0.000  0.000  0.000  0.000  0.000  0.000  0.000   0.00
 3238419 7 6 2 81825285.796925286.7754
 14.827  0.239-13.886-17.478 -3.924 26.447 20.207 14.925 -1.369
 -13.809-20.711-12.937-14.723 12.388 14.059 -2.114 -7.749  -3.97
 327841859 3 3 6 425289.791025290.7559
 14.936  0.240 -9.875 -0.577 12.880  5.916  9.993 -1.436  1.376
   0.702 -3.406 -9.906 -9.805  4.074  1.842 15.316  9.806   1.59
 4 1841944 4 3 71625294.822325295.9180
 13.897 -0.807-14.440 10.070 24.219 56.245122.030 19.796 -0.655
  15.304  6.995-12.616-15.512 20.812 35.433 28.832 21.025  -3.77
 4 1841944 1 1 2 525294.822325295.9180
 13.618 -0.041-15.409 -3.716 10.128  3.171 17.976 46.871  1.637
  -2.853 -3.729-14.522-15.423  0.050  3.121 12.858  9.959 -33.61
 4 1841944 0 0 1 125294.822325295.9180
 13.384  0.158 -9.233-36.571-22.985  2.477  1.428  0.000  0.000
   0.000  0.000  0.000  0.000  0.000  0.000  0.000  0.000   0.00
 4 1841944 2 2 4 725294.822325295.9180
 13.066  0.359 19.537 -5.842  7.396  1.398 13.549 40.562 -0.098
  -5.735 -7.241 19.450 20.665  1.298  0.100  7.669  7.327-120.09
 4 28422 2 3 5 8 425295.918025296.9805
 13.410  0.259 -8.853 43.618 56.827 10.408  3.070 15.018  1.185
  44.094 41.594 -8.727 -9.390  8.426  1.982 57.420 53.852   4.72
 4 28422 210 616 225295.918025296.9805
 16.582 -0.863-13.556 24.219 40.802122.030  8.015 16.025 -7.368
  28.832 21.025-12.268-14.448 49.927 72.103 41.078 40.723  32.94
 4 28422 2 3 4 7 125295.918025296.9805
 12.067 -0.639 19.930  7.396 19.178 13.549  0.579-79.531 -1.771
   7.669  7.327 21.319 19.578  2.739 10.810  0.000  0.000   0.00
 4 3842333 1 1 2 625296.980525297.8887
 13.434  1.827-12.639 40.802 52.109  8.015 88.919 48.963  6.905
  41.078 40.723-12.328-12.727  1.773  6.242 55.136 48.133 -24.87
 4 3842333 0 0 1 125296.980525297.8887
 17.094  1.032-15.853 21.034 35.666  3.143  7.596  0.000  0.000
   0.000  0.000  0.000  0.000  0.000  0.000  0.000  0.000   0.00
 4108417 3 1 3 41025303.710925304.7207
 13.159  0.515  8.901-58.429-46.121 25.820 54.797 24.587  4.781
 -58.409-59.635  8.891  9.446 25.381  0.439-44.424-50.478 -12.25
 411841719 2 8101425304.720725305.6953
 14.491  0.007  9.422-46.121-32.963 54.797 63.617 12.339  1.773
 -44.424-50.478  9.055 10.362 39.441 15.357-31.377-39.248  -2.25
 412841642 311142125305.695325306.7539
 14.460 -0.744  9.429-32.963-18.694 63.617 76.834 10.087 -0.870
 -31.377-39.248  9.151 10.532 50.803 12.814-17.271-24.253   0.23
 4138418 7 1 3 4 725306.753925307.6777
 14.321  0.848-20.378-10.207  2.100  0.685  4.768-51.239  0.370
 -10.019-10.286-20.597-20.286  0.203  0.482  2.378  1.727  89.12
 4138418 7 51621 925306.753925307.6777
 16.034 -0.542  8.641-18.694 -4.806 76.834 16.867 10.315 -6.425
 -17.271-24.253  8.385  9.641 61.178 15.656 -4.610 -5.198  -0.42
 414841615 2 5 7 125307.677725308.7480
 14.212 -0.199-21.160  2.100 16.244  4.768  0.267 37.882 -0.769
   2.378  1.727-20.959-21.431  2.734  2.034  0.000  0.000   0.00
 414841615 710171525307.677725308.7480
 15.744 -0.604  8.677-10.296  5.486 19.648 44.700 15.685  2.895
  -9.805-11.735  8.540  9.076 14.648  5.000  7.924  3.004 -13.08
 421841810 1 2 3 225314.757825315.7402
 12.942 -1.531-12.498-15.952 -4.204  5.046 14.741-20.198  0.594
 -15.917-16.621-12.511-12.258  4.793  0.253 -4.143 -4.944 -33.47
 422841745 1 1 2 425315.740225316.5898
 13.748  0.208-10.994 -4.204  6.653 14.741 25.624-53.670  0.327
  -4.143 -4.944-11.075-10.006 13.622  1.119  6.991  5.444  30.29
 510841652 1 1 2 125333.703125334.6035
 17.410  0.097 -6.038 11.516 26.321  4.989  2.912 -7.223 -2.226
  11.561  9.341 -6.043 -5.763  4.888  0.100  0.000  0.000   0.00
 511841430 0 0 1 125334.603525335.7324
 12.350 -0.517 -6.125 26.321 39.146  2.912  0.828  0.000  0.000
   0.000  0.000  0.000  0.000  0.000  0.000  0.000  0.000   0.00
 5118414302529545025334.603525335.7324
 11.947  0.030  6.987-11.458  0.912142.297118.796 13.940 -0.624
  -4.618-17.439  5.302  8.461 66.380 75.917  7.416 -4.981  -4.10
 512841735 0 0 1 125335.732425336.7207
 16.461  1.473 -5.541 39.146 54.428  0.828  3.768  0.000  0.000
   0.000  0.000  0.000  0.000  0.000  0.000  0.000  0.000   0.00
 512841735 0 0 11125335.732425336.7207
 16.511  0.131-10.974 -4.174 11.158  1.033 10.831  0.000  0.000
   0.000  0.000  0.000  0.000  0.000  0.000  0.000  8.240   0.00
 513841717 3 5 8 725336.720725337.6445
 16.980  2.335  5.552 21.892 36.665  7.316 43.865-32.429  4.634
  22.405 21.032  5.876  5.008  4.580  2.736 39.558 33.895  58.59
 514841527 0 0 1 425337.644525338.6094
 14.303 -0.582-12.645 33.508 46.364 10.508  8.040  0.000  0.000
   0.000  0.000  0.000  0.000  0.000  0.000  0.000 46.178   0.00
 514841527 3 1 41225337.644525338.6094
 15.101  0.062-13.440-26.127-12.501  5.582  8.820-26.794  1.671
 -25.352-27.087-13.821-12.969  3.089  2.494-10.169-13.458  52.87
 514841527 4 3 71525337.644525338.6094
 12.944  0.733  7.709 36.665 48.209 43.865 69.011 26.162  0.536
  39.558 33.895  6.300  9.057 21.453 22.411 51.304 44.992  -3.06
 515841437 8 4121225338.609425339.6035
 12.902  0.164-13.500-12.501 -0.659  8.820 12.180 26.076 -2.698
 -10.169-13.458-12.390-13.955  2.566  6.254 -0.150 -1.033 -32.12
 515841437 0 0 1 525338.609425339.6035
 13.778  0.008-14.046-49.715-37.002  4.298  2.053  0.000  0.000
   0.000  0.000  0.000  0.000  0.000  0.000  0.000-39.440   0.00
 516841428 3 2 5 625339.603525340.6172
 13.989 -0.821-14.054-37.002-23.799  2.053  1.133 20.224 -0.136
 -36.423-39.440-13.847-14.926  1.659  0.394-22.961-25.339  18.89
 518841450 6 612 125341.617225342.7266
 12.565  0.785 -8.965-54.157-41.323 60.635  9.155 -9.628 -6.317
 -49.532-55.837 -9.740 -8.684 16.149 44.487  0.000  0.000   0.00
 519841726 0 0 1 225342.726625343.7441
 14.995 -0.460-12.557  7.175 21.429  5.689  5.063  0.000  0.000
   0.000  0.000  0.000  0.000  0.000  0.000  0.000 20.024   0.00
 520841751 1 1 2 125343.744125344.6973
 14.308 -0.166-12.089 21.429 34.142  5.063  1.081 27.277 -1.561
  21.443 20.024-12.082-12.798  5.013  0.050  0.000  0.000   0.00
 520841751 513181525343.744125344.6973
 12.695  0.068 -8.904-35.993-24.819 53.985 10.343 -6.734 -3.679
 -30.609-41.680 -9.532 -8.241 27.732 26.253-21.050-28.462   3.22
 520841751 2 4 6 925343.744125344.6973
 13.530  0.189 -9.784-56.633-44.662 18.034  7.074 63.708  0.451
 -56.426-57.538 -9.371-11.589 14.680  3.354-42.304-44.931 -35.93
 521841645 21315 925344.697325345.7402
 17.240  0.481 -8.969-24.819 -7.863 10.343 15.498 -3.511  0.289
 -21.050-28.462 -9.197 -8.748  5.083  5.260 -3.746-11.473   4.22
 521841645 6 3 9 725344.697325345.7402
 14.127 -0.050 -9.964-44.662-30.954  7.074  2.225 27.780 -0.974
 -42.304-44.931 -8.740-10.103  0.724  6.350-29.885-31.194  20.81
 522841747 1 1 2 125345.740225346.7012
 13.880 -0.243 -7.791-15.737 -3.361  4.951  2.709-30.852 -0.501
 -15.703-16.137 -7.811 -7.554  4.559  0.392  0.000  0.000   0.00
 522841747 5 2 7 425345.740225346.7012
 16.489  0.789 -9.911-30.954-16.073  2.225  4.342 48.589  4.537
 -29.885-31.194 -8.717-10.180  0.409  1.817-12.391-18.287 -21.85
 5248417351515301425347.732425348.7246
 15.034  0.052 -9.539 17.856 31.799 52.218 36.913 -1.562 -0.501
  21.381 13.687 -9.633 -9.427 28.291 23.927 34.063 26.877  -0.04
 524841735 4 3 7 325347.732425348.7246
 15.472 -0.949 -7.468  0.830 15.208  8.253 14.050-20.631  1.048
   1.542 -1.223 -7.733 -6.701  6.129  2.124 16.479 12.981  -8.47
 524841735 1 2 3 125347.732425348.7246
 14.317  0.060-11.510 -5.393  7.838 13.915  9.782 -7.333 -4.698
  -0.655 -5.410-12.107-11.507  0.050 13.865  0.000  0.000   0.00
 525841723 6 814 525348.724625349.9180
 13.775  0.535 -9.591 31.799 47.051 36.913 23.799 -1.603 -3.939
  34.063 26.877 -9.653 -9.455 25.284 11.630 48.407 45.278 -10.46
 525841723 2 1 3 125348.724625349.9180
 12.230 -0.998 -6.526 15.208 28.617 14.050  0.050-29.102 -3.977
  16.479 12.981 -7.230 -5.295  8.942  5.108  0.000  0.000   0.00
 525841723 0 0 1 125348.724625349.9180
 13.679  0.010-11.569  7.838 22.975  9.782  4.122  0.000  0.000
   0.000  0.000  0.000  0.000  0.000  0.000  0.000  0.000   0.00
 5268422 0 2 3 5 525349.918025350.7637
 15.128 -0.170-10.229 47.051 59.014 23.799 11.287-12.060 -1.257
  48.407 45.278-10.514 -9.856 13.485 10.314 59.267 57.385  23.80
 5268422 0 0 0 1 325349.918025350.7637
 16.572 -0.121 -5.337 28.617 41.802  0.050  0.623  0.000  0.000
   0.000  0.000  0.000  0.000  0.000  0.000  0.000 41.178   0.00
 5268422 0 0 0 1 125349.918025350.7637
 14.195 -0.544-11.581 22.975 34.150  4.122  1.511  0.000  0.000
   0.000  0.000  0.000  0.000  0.000  0.000  0.000  0.000   0.00
 527841819 1 2 3 225350.763725351.8711
 17.155 -0.087 -5.234 41.802 59.704  0.623  1.641-16.838 -2.011
  43.566 41.178 -5.765 -5.046  0.163  0.460 59.776 59.606 -52.11
 527841819 1 1 21025350.763725351.8711
 16.565 -1.493 -9.349-11.111  6.138  0.362  3.665 31.406 -0.803
  -9.188-11.419 -8.190 -9.534  0.050  0.312  6.510  4.881  -6.78
 527841819 6 6122325350.763725351.8711
 15.770  0.111-11.435-51.035-34.667 31.330 38.509-10.911 -1.917
 -46.482-55.861-12.295-10.523 16.121 15.209-31.096-38.336  -6.76
 531841715 5 4 9 925354.718825355.7109
 11.925  0.919-10.682 18.694 29.537 18.538  9.748 16.449 -0.975
  19.783 15.692-10.366-11.553 13.602  4.935 32.096 28.845  -8.47
 531841715 1 4 5 625354.718825355.7109
 14.268 -0.266-12.137  6.194 19.358 41.208 39.166-35.987  0.323
   6.420  3.697-12.298-10.365 37.790  3.418 19.751 16.655   3.01
 531841715 1 1 2 225354.718825355.7109
 14.569 -0.166-11.351 -3.970  9.493 12.432  8.905-66.324 -0.984
  -3.406 -4.056-12.612-11.159  1.646 10.786  9.519  9.424 147.43
 6 18417 3 6 3 9 225355.710925356.7637
 15.763  1.858-11.593 29.537 45.118  9.748  0.842  7.977  0.355
  32.096 28.845-11.241-11.688  2.074  7.674 45.309 42.087 -36.65
 6 18417 3 4 2 6 325355.710925356.7637
 14.287  0.192-11.873 19.358 33.383 39.166 37.794-32.973  0.266
  19.751 16.655-12.123-10.157 34.196  4.970 37.307 33.362  27.11
 6 18417 3 1 1 2 325355.710925356.7637
 13.982 -0.095-11.187  9.493 23.196  8.905  2.838 81.108  1.924
   9.519  9.424-11.027-11.623  6.512  2.393 25.533 22.999 -91.38
 6 2841821 1 2 3 325356.763725357.7695
 14.446  0.057-12.076 33.383 46.913 37.794 26.739 -5.863 -1.288
  37.307 33.362-12.470-12.074  0.210 37.584 49.531 46.882   7.89
 6 2841821 1 2 3 125356.763725357.7695
 13.870 -0.134-11.087 23.196 36.146  2.838  3.619-10.270 -2.527
  25.533 22.999-11.502-11.052  0.221  2.617  0.000  0.000   0.00
 6 7841426 2 2 4 725361.601625362.5762
 12.646 -0.667  6.272 -0.313 11.067  6.542  5.127 33.927  1.941
  -0.178 -1.119  6.181  6.810  5.600  0.942 11.421  8.342 -36.91
 6 8841351 4 3 7 525362.576225363.5859
 15.023  0.118  5.621 11.067 25.244  5.127  8.212 -2.984 -2.308
  11.421  8.342  5.639  5.480  4.539  0.588 25.516 25.060  56.29
 6 8841351 2 1 3 325362.576225363.5859
 16.351 -0.168-10.668-54.884-39.365  3.570  2.603 11.120 -1.402
 -53.298-55.732-10.362-10.832  1.244  2.326-38.565-39.587 -25.00
 6 98414 5 3 2 5 325363.585925364.5898
 13.909 -0.154  5.740 25.244 38.199  8.212  2.075 53.309 -0.250
  25.516 25.060  5.377  5.986  3.322  4.890 38.626 38.172 -25.85
 6 98414 5 1 2 3 825363.585925364.5898
 15.077  0.254-10.499-39.365-25.241  2.603  3.199-13.884  1.885
 -38.565-39.587-10.694-10.445  0.565  2.038-24.864-27.819   7.73
 6108414 7 2 6 8 325364.589825365.7207
 15.187  0.007-10.753-25.241 -9.171  3.199  0.479 -6.157  0.189
 -24.864-27.819-10.793-10.480  2.791  0.408 -8.533-11.588  21.26
 611841717 1 2 3 925365.720725366.6211
 15.756 -0.337-10.762 -9.171  4.147  0.479  5.805 15.103  2.041
  -8.533-11.588-10.593-11.403  0.379  0.100  4.534 -0.517   0.19
 612841455 3 4 7 425366.621125367.6348
 17.412 -0.767 -8.912-38.264-21.606 11.333  4.368  6.067 -0.302
 -35.611-39.310 -8.633 -9.022  3.203  8.129-20.659-24.063  -8.72
 613841515 2 2 4 225367.634825368.5938
 15.468 -0.117 -8.135-21.606 -7.723  4.368  1.023 -2.655 -0.877
 -20.659-24.063 -8.178 -8.022  3.153  1.215 -7.015 -9.462 -11.31
 613841515 4 2 61325367.634825368.5938
 16.217 -0.716 -6.887-52.733-38.133 25.431 29.305 10.478 -3.814
 -50.826-57.907 -6.536 -7.837 18.582  6.849-36.457-39.811 -11.14
 617841418 611171825371.595725372.5977
 17.397  0.213 -6.073 -0.782 15.646 18.713 53.744 -1.541 -1.892
   2.524 -4.900 -6.161 -5.963 10.380  8.333 16.951 11.875  24.83
 618841420 117181725372.597725373.5996
 13.671  0.533 -6.286 15.646 28.363 53.744 39.886 23.290 -1.221
  16.951 11.875 -5.727 -7.899 39.927 13.817 29.961 26.062   1.75
 618841420 0 0 1 125372.597725373.5996
 14.003  0.390 -4.360-17.032 -3.982 17.706 12.376  0.000  0.000
   0.000  0.000  0.000  0.000  0.000  0.000  0.000  0.000   0.00
 619841423 11617 825373.599625374.5645
 15.719 -0.036 -6.820 28.363 42.579 39.886 46.207 25.038  0.035
  29.961 26.062 -6.078 -7.887 23.534 16.351 42.966 38.842  -6.98
 619841423 0 0 1 125373.599625374.5645
 14.495  0.155 -4.751 -3.982  9.054 12.376 13.757  0.000  0.000
   0.000  0.000  0.000  0.000  0.000  0.000  0.000  0.000   0.00
 620841332 1 7 8 125374.564525375.5723
 14.772 -0.111 -6.785 42.579 56.476 46.207 25.150 18.053 -4.308
  42.966 38.842 -6.659 -7.994 41.864  4.343  0.000  0.000   0.00
 620841332 0 0 1 125374.564525375.5723
 14.529  0.165 -4.901  9.054 22.705 13.757 14.244  0.000  0.000
   0.000  0.000  0.000  0.000  0.000  0.000  0.000  0.000   0.00
 620841332 2 1 31025374.564525375.5723
 13.739 -0.207-14.966-30.209-17.353  1.010 17.417 -7.255  1.454
 -29.567-30.749-15.045-14.900  0.461  0.549-15.417-17.934  28.11
 621841343 0 0 1 225375.572325376.5840
 14.558  0.023 -5.067 22.705 36.453 14.244 11.130  0.000  0.000
   0.000  0.000  0.000  0.000  0.000  0.000  0.000 36.226   0.00
 621841343 8 2102925375.572325376.5840
 14.055  0.217-14.758-17.353 -4.115 17.417 24.521 20.857  1.856
 -15.417-17.934-14.044-14.972  4.016 13.400 -0.778 -5.338 -11.81
 625841335 610161225379.566425380.5684
 11.613  0.603-14.688 38.120 48.783 42.821 39.409  7.465  0.675
  43.199 34.686-14.044-15.123 17.276 25.545 56.174 47.001   2.37
 625841335 0 0 1 125379.566425380.5684
 11.566 -0.178-12.682 22.903 33.519  0.050  0.050  0.000  0.000
   0.000  0.000  0.000  0.000  0.000  0.000  0.000  0.000   0.00
 625841335 3 1 4 325379.566425380.5684
 14.197 -0.147-12.945-26.141-12.887 13.065 10.755-55.889 -0.434
 -26.038-26.375-13.093-12.609  9.074  3.990-12.824-12.971  38.17
 626841339 1 2 3 325380.568425381.5684
 14.047  0.080-12.798-12.887  0.180 10.755  6.959-17.720  0.338
 -12.824-12.971-12.818-12.772  6.143  4.612  0.195  0.081  94.59
 626841339 0 0 1 425380.568425381.5684
 14.513 -0.459  5.621-59.525-45.992 18.812 21.684  0.000  0.000
   0.000  0.000  0.000  0.000  0.000  0.000  0.000-49.014   0.00
 627841339 2 1 3 225381.568425382.5645
 14.460  0.115-12.879  0.180 13.605  6.959  7.327 76.866 -0.023
   0.195  0.081-12.817-13.293  6.053  0.906 13.728 13.553  -8.27
 627841339 1 3 4 225381.568425382.5645
 14.377  0.110  5.162-45.992-32.650 21.684 14.102  9.230  0.143
 -45.950-49.014  5.156  5.651 21.390  0.294-32.605-35.853  -9.93
 628841333 1 1 2 225382.564525383.5859
 14.052 -0.211-12.994 13.605 26.950  7.327  2.030 68.594 -0.078
  13.728 13.553-12.688-13.121  2.153  5.175 27.027 26.942   9.07
 628841333 1 1 2 325382.564525383.5859
 14.346 -0.002  5.272-32.650-19.006 14.102 11.998 -0.696 -2.719
 -32.605-35.853  5.273  5.233 13.905  0.196-18.884-19.398  -6.51
 6298414 3 1 1 2 325383.585925384.6367
 14.350 -0.934-12.779 26.950 41.016  2.030  2.555 77.665  0.236
  27.027 26.942-12.433-12.812  0.178  1.852 41.180 40.610 -51.23
 6298414 3 2 1 3 225383.585925384.6367
 14.501 -0.051  5.271-19.006 -4.780 11.998  8.259 -7.205 -0.094
 -18.884-19.398  5.286  5.221  9.148  2.849 -4.755 -4.812 -75.07
 6298414 3 1 6 7 725383.585925384.6367
 14.793 -0.713 12.867-56.251-41.719 21.423 24.994  4.476 -1.240
 -54.662-57.982 12.745 12.999 11.168 10.255-40.883-42.812  15.47
 630841518 1 2 3 125384.636725385.5703
 14.492  1.199-11.796 41.016 53.619  2.555  3.068 26.434 -0.623
  41.180 40.610-11.716-11.994  1.823  0.732  0.000  0.000   0.00
 630841518 1 1 2 325384.636725385.5703
 14.236  0.070  5.217 -4.780  7.584  8.259 16.963-82.277  1.548
  -4.755 -4.812  5.401  4.983  4.622  3.637  7.595  5.714 100.37
 630841518 2 5 7 725384.636725385.5703
 13.863  1.519 12.117-41.719-29.703 24.994 17.742 19.943  0.478
 -40.883-42.812 11.820 12.504 14.160 10.835-28.469-30.706   8.95
 7 1841341 1 2 3 125385.570325386.5762
 14.661 -0.197  5.282  7.584 21.361 16.963 15.611 18.097 -1.970
   7.595  5.714  5.278  5.890 16.863  0.100  0.000  0.000   0.00
 7 1841341 1 6 71025385.570325386.5762
 14.917 -0.308 13.533-29.703-15.669 17.742 17.951 28.890 -0.864
 -28.469-30.706 12.871 14.071  7.953  9.789-15.242-16.668   2.20
 7 2841351 0 0 1 125386.576225387.5703
 14.135 -1.345  5.083 21.361 34.416 15.611  8.858  0.000  0.000
   0.000  0.000  0.000  0.000  0.000  0.000  0.000  0.000   0.00
 7 2841351 3 710 525386.576225387.5703
 14.509 -0.103 13.222-15.669 -2.242 17.951  8.727 31.089  0.189
 -15.242-16.668 12.972 13.809 12.586  5.365 -1.984 -3.099  22.05
 7 2841351 2 2 4 325386.576225387.5703
 13.347  1.238  9.720-59.963-47.690 29.854  4.237 10.302 -0.744
 -59.046-61.073  9.556  9.919 16.348 13.506-46.784-48.056   3.69
 7 3841340 0 0 1 125387.570325388.5703
 14.590  0.176  3.748 34.416 48.027  8.858  9.331  0.000  0.000
   0.000  0.000  0.000  0.000  0.000  0.000  0.000  0.000   0.00
 7 3841340 2 1 3 325387.570325388.5703
 14.357 -1.161 10.949-47.690-34.312  4.237  2.548 13.991  0.204
 -46.784-48.056 10.727 11.038  1.219  3.018-33.005-34.444   4.02
 7 3841340 2 3 5 225387.570325388.5703
 14.210 -0.527 13.120 -2.242 10.988  8.727  6.981 53.144  0.536
  -1.984 -3.099 12.784 14.233  6.706  2.021 11.097  8.863 -31.46
 7 5841338 1 1 2 125389.568425390.5957
 13.970  0.595 12.384 24.591 37.944  1.497  7.425 78.652 -0.294
  24.615 24.556 12.270 12.558  0.905  0.592  0.000  0.000   0.00
 7 5841338 0 0 1 125389.568425390.5957
 14.888  0.260 -4.221-32.706-18.410  8.358  2.694  0.000  0.000
   0.000  0.000  0.000  0.000  0.000  0.000  0.000  0.000   0.00
 7 5841338 2 2 4 225389.568425390.5957
 16.083 -0.417 -9.117-36.651-21.128  7.414  9.284 34.030 -1.719
 -35.240-39.842 -8.176-11.244  5.140  2.274-21.107-24.900 -39.16
 7 5841338 0 0 1 225389.568425390.5957
 12.007 -0.410-12.060-37.461-26.127  0.175  6.317  0.000  0.000
   0.000  0.000  0.000  0.000  0.000  0.000  0.000-26.291   0.00
 7 5841338 2 1 3 125389.568425390.5957
 13.640 -0.014  0.184-42.945-29.932  0.411  0.050-47.947 -2.615
 -41.619-43.371 -1.285  0.657  0.100  0.311  0.000  0.000   0.00
 7 5841338 0 0 1 225389.568425390.5957
 14.775 -0.428  3.023-34.990-20.810  1.993  3.443  0.000  0.000
   0.000  0.000  0.000  0.000  0.000  0.000  0.000-20.811   0.00
 7 6841418 1 1 2 825390.595725391.5898
 16.129 -1.571-11.638-26.127-11.081  6.317  8.140 62.509  4.760
 -26.110-26.291-11.607-11.948  5.734  0.582 -8.489-13.072 -33.81
 7 6841418 0 0 1 125390.595725391.5898
 14.337 -0.271 -4.488-18.410 -5.145  2.694  8.144  0.000  0.000
   0.000  0.000  0.000  0.000  0.000  0.000  0.000  0.000   0.00
 7 6841418 1 2 3 825390.595725391.5898
 17.235  2.445 -7.650-27.224-11.081  0.704  8.140 40.399  1.417
 -24.564-27.428 -5.406 -7.822  0.050  0.654 -8.489-13.072 -11.70
 7 6841418 1 1 2 325390.595725391.5898
 13.818 -0.860  2.583-20.810 -8.061  3.443  0.150 77.203  3.879
 -20.751-20.811  2.324  2.587  0.050  3.393 -6.677-10.828 -76.27
 7 6841418 0 0 1 125390.595725391.5898
 13.852 -0.428 12.996 37.944 50.728  7.425  6.040  0.000  0.000
   0.000  0.000  0.000  0.000  0.000  0.000  0.000  0.000   0.00
 7 78414 7 7 1 8 525391.589825392.5703
 14.730 -0.586-10.078-11.081  2.413  8.140 14.702 28.699  0.218
  -8.489-13.072 -8.681-11.152  3.537  4.604  5.215 -0.059 -14.68
 7 78414 7 0 0 1 425391.589825392.5703
 13.225  0.735 -4.219 -5.145  6.872  8.144  5.859  0.000  0.000
   0.000  0.000  0.000  0.000  0.000  0.000  0.000  3.504   0.00
 7 78414 7 2 3 51025391.589825392.5703
 14.091  0.009 -7.928-55.987-43.120  9.006 21.638 -1.787  2.185
 -55.466-57.754 -7.944 -7.873  6.954  2.053-41.436-45.921   5.58
 7 78414 7 2 2 4 625391.589825392.5703
 15.163 -0.318  9.681  3.833 17.751  2.529  0.557 11.170  0.431
   5.980  3.744  9.263  9.698  0.100  2.429 19.579 17.077  11.66
 7 8841341 3 3 6 225392.570325393.5762
 15.653 -0.358  9.369 17.751 32.507  0.557  2.998 22.831  0.384
  19.579 17.077  8.610  9.649  0.150  0.407 33.213 30.653  11.51
 7 8841341 3 1 4 225392.570325393.5762
 15.204 -0.460 -4.939  6.872 21.176  5.859  7.113 29.526 -4.280
   7.907  3.504 -4.355 -6.840  4.481  1.378 21.348 20.677  -1.07
 7 8841341 2 3 5 525392.570325393.5762
 13.405  0.821 -9.504  2.413 14.908 14.702  8.122 14.017  0.227
   5.215 -0.059 -8.813-10.112  6.890  7.812 18.568 13.312   8.29
 7 8841341 7 310 825392.570325393.5762
 14.576  0.297 -7.937-43.120-29.447 21.638 12.123  3.795  1.245
 -41.436-45.921 -7.826 -8.121 13.510  8.128-27.069-32.808   0.60
 7 9841348 1 1 2 325393.576225394.5801
 15.246  0.126 -4.477 21.176 35.513  7.113  7.256 28.454 -0.013
  21.348 20.677 -4.384 -4.747  5.293  1.820 35.798 35.048 -26.03
 7 9841348 2 3 5 825393.576225394.5801
 14.792 -0.764-10.329 14.908 28.789  8.122  4.354 22.308 -0.372
  18.568 13.312 -8.852-10.973  2.466  5.655 31.907 26.682 -13.22
 7 9841348 0 0 1 825393.576225394.5801
 17.233  2.261 -7.290 12.456 28.789  0.050  4.354  0.000  0.000
   0.000  0.000  0.000  0.000  0.000  0.000  0.000 26.682   0.00
 7 9841348 3 5 81125393.576225394.5801
 13.800  0.063 -8.235-29.447-16.564 12.123 28.059  4.399  1.084
 -27.069-32.808 -8.054 -8.491  7.098  5.025-12.920-19.767  -2.14
 710841356 1 2 3 325394.580125395.5879
 15.872 -0.242 -4.603 35.513 50.510  7.256  3.826  2.421 -0.384
  35.798 35.048 -4.591 -4.623  4.501  2.755 50.577 50.365 -57.01
 710841356 2 6 8 225394.580125395.5879
 13.151  1.107 -9.562 28.789 41.046  4.354  0.364  9.087 -4.925
  31.907 26.682 -9.070 -9.894  1.756  2.598 41.054 40.997  69.89
 710841356 4 711 725394.580125395.5879
 14.172  0.309 -8.298-16.564 -3.279 28.059 17.992  2.264  0.139
 -12.920-19.767 -8.156 -8.424 13.125 14.934  0.653 -6.335   0.91
 710841356 1 1 2 225394.580125395.5879
 14.170  0.876 -4.706-51.666-38.384  0.773  4.363 61.663  0.416
 -51.175-51.781 -3.798 -4.918  0.147  0.627-36.751-38.403 -48.46
 7118414 6 5 2 7 125395.587925396.5664
 11.948  0.225 -8.609 -3.279  7.454 17.992  2.451  3.172 -6.920
   0.653 -6.335 -8.394 -8.777  7.868 10.124  0.000  0.000   0.00
 712841335 1 1 2 325396.566425397.6543
 14.068  0.020 -8.226 15.041 29.276 10.295  3.201 15.596 -0.180
  15.061 14.358 -8.220 -8.414  9.995  0.300 29.363 28.823  -5.52
 712841335 1 2 3 425396.566425397.6543
 14.946 -2.088 -8.750-24.841 -9.651  1.407  2.731 58.758 -0.457
 -23.586-24.887 -6.705 -8.825  0.050  1.357 -8.470-10.129 -23.35
 717841442 0 0 1 125401.613325402.8770
 13.040 -0.153-13.452-37.301-22.040  0.100  0.050  0.000  0.000
   0.000  0.000  0.000  0.000  0.000  0.000  0.000  0.000   0.00
 717841442 2 3 5 125401.613325402.8770
 16.052 -0.072 -7.475-35.779-16.707  1.033  0.792 21.817 -1.444
 -35.371-36.723 -7.313 -7.849  0.721  0.312  0.000  0.000   0.00
 7188421 4 0 0 1 125402.877025403.5840
 15.340 -0.386 -7.383-16.707 -6.574  0.792  3.056  0.000  0.000
   0.000  0.000  0.000  0.000  0.000  0.000  0.000  0.000   0.00
 7198414 0 0 0 1 625403.584025404.6133
 15.016 -0.358 -7.111 -6.574  7.873  3.056 15.893  0.000  0.000
   0.000  0.000  0.000  0.000  0.000  0.000  0.000  5.029   0.00
 730841348 2 1 3 725414.576225415.6016
 14.375  0.692-14.990-58.846-45.114  5.760 13.854  5.724  0.304
 -58.814-62.456-14.987-15.339  5.710  0.050-44.694-48.680  -4.11
 731841425 2 5 7 925415.601625416.5801
 13.991 -0.062-15.700-45.114-32.364 13.854 19.131  1.616 -1.700
 -44.694-48.680-15.688-15.796 12.393  1.461-31.641-33.863  -2.27
 8 1841356 2 7 9 725416.580125417.5742
 12.904  0.010-15.638-32.364-20.512 19.131 10.578 -0.655  0.157
 -31.641-33.863-15.646-15.622 12.912  6.219-20.004-22.314 -13.73
 8 2841347 5 2 7 325417.574225418.5762
 14.115  0.196-15.648-20.512 -7.358 10.578  5.115-14.388 -0.339
 -20.004-22.314-15.774-15.203  8.250  2.328 -6.901 -8.922  21.10
 8 6841348 5 5102225421.574225422.5781
 13.650 -0.114  8.434-32.591-19.876  6.177  7.481 -1.790  0.536
 -31.675-35.386  8.463  8.348  4.653  1.525-17.484-21.692  10.08
 8 78413521210222125422.578125423.5801
 15.076 -0.410  8.320-19.876 -5.749  7.481 15.639  8.288 -0.241
 -17.484-21.692  7.975  8.581  3.229  4.253 -4.579 -8.562 -14.35
 8 884135612 9211225423.580125424.6387
 12.888 -0.392  7.909 -5.749  6.855 15.639 16.328 -6.060 -0.033
  -4.579 -8.562  8.032  7.613 11.045  4.593  8.944  5.053  -5.17
 8 9841520 7 512 425424.638725425.6777
 12.277 -0.142  7.494  6.855 18.592 16.328  1.086-11.228 -0.806
   8.944  5.053  7.905  7.139  7.560  8.768 20.988 18.076 -11.35
 810841615 1 1 21125425.677725426.6113
 12.395 -0.971  8.156 23.582 34.245  1.265  9.728  4.999  5.135
  24.247 23.452  8.099  8.168  0.207  1.057 36.934 31.000 -11.50
 811841441 8 311 825426.611325427.5801
 15.491 -0.227  7.250 34.245 48.284  9.728  6.437 -6.498 -1.214
  36.934 31.000  7.554  6.883  5.320  4.408 49.433 44.804  -6.34
 811841441 2 1 3 225426.611325427.5801
 15.883 -0.890  3.210 -2.986 11.432  1.311  6.671 39.532  0.845
  -1.801 -3.653  2.234  3.760  0.472  0.838 12.243  9.044 -29.79
 812841354 1 1 2 725427.580125428.5820
 13.572 -0.668  2.349 11.432 24.060  6.671  3.643  9.739  0.021
  12.243  9.044  2.210  2.758  4.980  1.691 26.227 22.993 -17.68
 8208415 5 1 1 2 125435.628925436.6465
 14.888  0.196 -7.872-12.035  2.125  4.232  6.375 51.570 -0.377
 -11.982-12.219 -7.806 -8.102  3.289  0.943  0.000  0.000   0.00
 821841531 0 0 1 125436.646525437.6191
 13.964  0.326 -8.072  2.125 14.748  6.375  5.858  0.000  0.000
   0.000  0.000  0.000  0.000  0.000  0.000  0.000  0.000   0.00
 822841451 0 0 1 125437.619125438.5957
 15.085 -0.115 -8.389 14.748 28.521  5.858  2.030  0.000  0.000
   0.000  0.000  0.000  0.000  0.000  0.000  0.000  0.000   0.00
 823841417 0 0 1 125438.595725439.9863
 13.413  0.137 -8.277 28.521 45.815  2.030  0.533  0.000  0.000
   0.000  0.000  0.000  0.000  0.000  0.000  0.000  0.000   0.00
 823841417 3 4 71425438.595725439.9863
 14.263  0.541-11.636  3.293 21.769 15.596  9.001 -1.797  0.519
   5.842  2.381-11.714-11.608  4.109 11.488 23.348 19.431 -10.19
 824842340 0 0 1 125439.986325440.9160
 13.987 -0.226 -8.467 45.815 57.908  0.533  0.284  0.000  0.000
   0.000  0.000  0.000  0.000  0.000  0.000  0.000  0.000   0.00
 824842340 6 814 725439.986325440.9160
 15.073  0.739-12.388 21.769 34.873  9.001  9.542-11.986  0.538
  23.348 19.431-12.716-11.904  5.371  3.630 36.363 32.537  45.10
 825842159 4 3 71125440.916025441.6035
 14.054 -0.512-13.076 34.873 43.861  9.542 11.401 33.113 -0.778
  36.363 32.537-12.129-14.559  5.824  3.718 45.936 42.174 -31.46
 825842159 5 8131625440.916025441.6035
 14.591  0.114 -4.917-52.708-43.351 19.720 25.018 -7.930  0.277
 -51.298-55.384 -5.113 -4.546 12.915  6.805-41.263-45.663   5.36
 826841429 8 8161225441.603525442.6270
 15.155  0.192 -4.996-43.351-28.843 25.018 16.007 -2.568  0.557
 -41.263-45.663 -5.089 -4.892 13.146 11.872-26.769-31.718   7.08
 8278415 3 210122125442.627025443.6133
 13.531  0.218 -5.192-28.843-16.475 16.007 27.645  4.516 -0.723
 -26.769-31.718 -5.029 -5.418  9.300  6.707-14.439-18.670  -8.48
 8288414421110211925443.613325444.6035
 14.544  0.145 -5.407-16.475 -3.035 27.645 38.881 -3.963  0.638
 -14.439-18.670 -5.547 -5.255 14.341 13.304 -0.919 -5.780   9.47
 9 3841421 3 4 7 425449.597725450.6035
 17.233 -0.757-11.797 26.035 42.377 20.818  6.475 13.935  0.046
  28.989 23.179-11.080-12.491 10.233 10.585 43.273 37.308  -6.49
 9 3841421 1 1 2 525449.597725450.6035
 13.897 -0.869  1.810-21.973 -8.986  3.358  1.998-33.481  0.195
 -21.183-22.844  2.332  1.234  1.760  1.598 -8.386 -9.035 -39.23
 9 3841421 0 0 1 125449.597725450.6035
 14.349 -0.574  4.827-34.254-20.812  0.521  0.675  0.000  0.000
   0.000  0.000  0.000  0.000  0.000  0.000  0.000  0.000   0.00
 9 4841429 1 3 4 225450.603525451.6035
 16.254  0.301-11.036 42.377 57.638  6.475  7.994  7.442 -5.299
  43.273 37.308-10.921-11.686  5.502  0.973 58.181 57.635  20.40
 9 4841429 3 2 5 225450.603525451.6035
 14.632  0.148  0.936 -8.986  4.654  1.998  0.225-72.708 -1.607
  -8.386 -9.035  2.865  0.779  0.150  1.848  4.773  4.237  50.83
10 8841755 1 2 3 225484.746125485.7402
 14.303 -0.076 -4.366  8.984 22.227 12.147  3.834  4.466  0.673
  11.547  7.208 -4.166 -4.504  4.972  7.175 26.203 21.314   9.03
1018841827 1 2 3 125494.769525495.7266
 15.366  0.750  2.857  4.760 18.530  7.318 12.232-23.090 -0.637
   4.874  4.287  2.905  2.655  5.902  1.415  0.000  0.000   0.00
1019841726 0 0 1 125495.726625496.7090
 14.635 -0.604  3.575 18.530 31.933 12.232  1.807  0.000  0.000
   0.000  0.000  0.000  0.000  0.000  0.000  0.000  0.000   0.00
10208417 0 0 0 1 225496.709025497.6973
 13.768  0.828  2.982 31.933 44.563  1.807  3.054  0.000  0.000
   0.000  0.000  0.000  0.000  0.000  0.000  0.000 44.316   0.00
1021841643 1 1 2 125497.697325498.7090
 14.084 -0.663  3.800 44.563 57.825  3.054  6.614  2.225 -0.352
  44.669 44.316  3.796  3.809  2.141  0.913  0.000  0.000   0.00
11258418 6 2 2 41125532.753925533.7676
 17.199  0.345-10.566 -0.037 16.392 15.683 19.827-35.545  8.124
   0.106 -0.367-10.666-10.334 10.956  4.727 21.585 12.935  23.17
11258418 6 1 2 3 425532.753925533.7676
 13.740  0.037-10.651-15.237 -2.312  3.246  4.985-19.270  3.419
 -13.776-15.507-11.153-10.558  0.507  2.739  0.104 -5.192  14.75
1211842156 1 3 4 325548.914125550.7070
 14.284 -0.383-11.310 18.217 42.078 20.802 28.271 12.161 -0.109
  20.301 16.214-10.870-11.733 10.192 10.610 43.249 39.226  -4.37
