 112851821 1 4 51625580.763725581.7285
 14.110 -0.935 -9.332 -8.845  3.802 14.049 11.371-29.235  1.855
  -8.359 -9.596 -9.601 -8.917  8.527  5.522  5.050  2.667 -14.35
 113851728 511161025581.728525582.7754
 15.203  0.646 -8.432  3.802 18.698 11.371 15.683-43.585  0.337
   5.050  2.667 -9.606 -7.363  5.417  5.954 20.985 17.349  45.16
 114851836 3 710 425582.775425583.7539
 15.528 -0.256 -9.108 18.698 32.954 15.683 13.140  1.573  0.451
  20.985 17.349 -9.046 -9.144  5.818  9.865 34.770 30.829  13.93
 1158518 7 2 2 4 925583.753925584.9043
 12.580 -1.341 -8.857 32.954 46.287 13.140 10.761 15.501 -0.757
  34.770 30.829 -8.359 -9.439  7.085  6.054 48.882 45.581 -10.75
 116852142 5 4 92125584.904325585.7109
 13.789  1.826 -7.315 46.287 56.634 10.761 12.229  4.746 -0.074
  48.882 45.581 -7.102 -7.373  2.302  8.459 59.216 56.011   4.70
 118851725 411152825586.726625587.7715
 12.893 -1.212-10.353 10.096 22.564 10.912 26.909-11.010  2.358
  11.250  7.622-10.574 -9.879  7.440  3.472 25.633 19.607   4.04
 1198518321315282825587.771525588.7949
 15.702 -0.596 -9.084 22.564 37.625 26.909 69.094 -6.972 -1.307
  25.633 19.607 -9.455 -8.727 13.207 13.703 40.430 35.694   4.80
 119851832 3 3 6 725587.771525588.7949
 16.794  1.913  2.224-31.241-15.063  6.870  2.104-19.449 -0.174
 -29.712-32.680  2.763  1.716  3.332  3.538-14.664-17.363  -5.58
 210851943 1 1 2 425609.822325610.8047
 14.884 -0.199-11.281-41.397-27.715  3.700  9.361 72.550  3.448
 -41.255-41.452-10.838-11.452  1.033  2.666-27.691-29.898-130.60
 222851711 2 5 7 225621.716825622.9199
 12.938 -1.170  3.120-24.306 -9.908 10.942  7.684 -5.745 -3.832
 -24.089-28.281  3.142  2.721 10.376  0.567 -9.845-10.088 -43.97
 2238522 5 1 1 2 225622.919925623.7285
 16.636  1.338  1.712 -9.908  2.747  7.684  2.703-49.714 -0.137
  -9.845-10.088  1.786  1.500  5.698  1.986  2.823  2.639  10.16
 224851729 1 1 2 225623.728525624.7285
 14.937 -0.274  2.793  2.747 16.713  2.703  4.276-39.552  0.062
   2.823  2.639  2.856  2.705  1.579  1.124 16.965 16.694  14.37
 224851729 0 0 1 125623.728525624.7285
 15.473  0.356  1.276 -4.648  9.855  0.193  0.017  0.000  0.000
   0.000  0.000  0.000  0.000  0.000  0.000  0.000  0.000   0.00
 225851730 1 1 2 225624.728525625.7070
 14.179  0.044  2.519 16.713 29.625  4.276  5.397-25.183  0.054
  16.965 16.694  2.637  2.510  0.297  3.979 29.636 29.568 104.16
 330851652 1 1 2 225657.703125658.7383
 14.542  0.068  4.728 41.247 55.293 12.800 14.778 17.365 -0.095
  41.586 40.063  4.622  5.097  9.950  2.850 55.959 54.569   4.74
 4 5851740 2 2 4 125663.736325664.9805
 12.945 -0.495-20.957 11.950 26.841  1.580  0.050 23.620 -2.848
  12.252  9.458-20.833-21.974  1.410  0.171  0.000  0.000   0.00
 5 68519 7 4 4 81325694.796925695.6973
 13.522 -0.941  5.260 14.819 26.101 11.869 17.348-21.304  2.957
  15.332 12.470  5.460  4.348  9.740  2.129 29.126 23.174  11.81
 512851851 1 7 81425700.785225701.7539
 13.972 -0.060-12.634  1.833 14.413 31.230 57.123-13.221  0.446
   2.332 -0.181-12.748-12.172 25.021  6.209 14.851 11.826   7.60
 5138518 6 311141025701.753925702.7363
 13.884  0.405-12.576 14.413 27.070 57.123 57.270 -5.619 -0.162
  14.851 11.826-12.618-12.328 48.867  8.257 27.340 24.872  36.54
 514851738 2 810 425702.736325703.6777
 14.431  0.171-12.974 27.070 39.750 57.270 40.775 30.922  0.213
  27.340 24.872-12.816-14.257 51.004  6.266 39.862 37.809  17.58
 515851617 1 3 4 125703.677725704.6641
 14.661  0.374-13.135 39.750 53.237 40.775 44.079 48.504 -3.017
  39.862 37.809-13.012-15.272 38.564  2.211  0.000  0.000   0.00
 516851556 0 0 1 125704.664125705.6914
 14.182 -0.502 -7.727-48.058-34.495  7.419  7.904  0.000  0.000
   0.000  0.000  0.000  0.000  0.000  0.000  0.000  0.000   0.00
 517851637 0 0 1 125705.691425706.6582
 14.569  0.601 -7.211-34.495-21.372  7.904 17.932  0.000  0.000
   0.000  0.000  0.000  0.000  0.000  0.000  0.000  0.000   0.00
 518851548 0 0 1 725706.658225707.6855
 14.371  0.543 -7.792-21.372 -7.624 17.932 15.222  0.000  0.000
   0.000  0.000  0.000  0.000  0.000  0.000  0.000-10.538   0.00
 518851548 5 3 81625706.658225707.6855
 14.219 -1.669  8.344-47.670-34.077 14.622 22.375-25.333  0.214
 -46.182-48.045  9.040  8.168  2.948 11.674-32.940-34.915  -4.15
 519851627 3 4 7 125707.685525708.6895
 14.759 -0.293 -8.350 -7.624  6.208 15.222 11.198 18.707 -3.406
  -7.277-10.538 -8.233 -9.326 13.602  1.621  0.000  0.000   0.00
 51985162710 616 725707.685525708.6895
 14.148  0.100  6.629-34.077-20.858 22.375 16.039-29.482 -0.878
 -32.940-34.915  7.267  6.158  9.497 12.878-19.791-20.930  -5.23
 6 4852035 0 0 1 225723.857425724.7559
 14.084 -0.330-14.254-53.239-41.466 28.415 27.399  0.000  0.000
   0.000  0.000  0.000  0.000  0.000  0.000  0.000-44.590   0.00
 6 4852035 2 2 42125723.857425724.7559
 11.970 -0.087-10.312-53.121-43.247  5.718 10.197-20.244  0.550
 -52.371-57.148-10.583 -8.850  4.821  0.897-40.792-46.442  20.47
 6 58518 8 1 1 2 125724.755925725.7168
 14.031  0.116-13.958-41.466-28.934 27.399 13.103 36.507 -3.779
 -41.460-44.590-13.954-16.202 27.349  0.050  0.000  0.000   0.00
 6 58518 8 61521 525724.755925725.7168
 15.689 -0.083-10.233-43.247-29.123 10.197  1.047  0.226 -1.665
 -40.792-46.442-10.223-10.245  5.766  4.431-28.558-32.502  -4.93
 6 6851712 2 3 51825725.716825726.6191
 13.148  0.518-10.153-29.123-18.140  1.047539.822 -4.704  1.605
 -28.558-32.502-10.199 -9.880  0.897  0.150-15.990-21.194 -16.86
 6 7851452 7 714 625726.619125727.5918
 17.002 -0.945  1.168-51.443-35.869 46.568 14.923 -7.273 -1.635
 -49.550-55.663  1.410  0.630 32.142 14.425-35.793-40.286  14.30
 6 8851411 4 2 6 625727.591825728.5859
 14.663  0.399 -9.913 -1.248 12.366 11.247 13.642  5.395 -2.563
   2.644 -3.238 -9.551-10.098  3.804  7.443 13.887 10.579  -3.44
 6 8851411 0 0 1 125727.591825728.5859
 14.284  0.185-14.227 -4.207  9.030 30.169 25.699  0.000  0.000
   0.000  0.000  0.000  0.000  0.000  0.000  0.000  0.000   0.00
 6 8851411 1 5 6 525727.591825728.5859
 12.831 -0.248  0.250-35.869-24.078 14.923 21.456  7.032  0.795
 -35.793-40.286  0.241  0.795 14.673  0.250-22.872-27.813  14.77
 6 98514 5 5 1 61125728.585925729.5703
 15.272 -0.024-10.310 12.366 26.409 13.642 11.611  1.959 -0.126
  13.887 10.579-10.259-10.370  7.369  6.273 28.416 25.265   6.08
 6 98514 5 0 0 1 425728.585925729.5703
 13.927  0.188-14.412  9.030 21.750 25.699 33.154  0.000  0.000
   0.000  0.000  0.000  0.000  0.000  0.000  0.000 19.822   0.00
 6 98514 5 1 4 51225728.585925729.5703
 15.152  0.759  0.003-24.078-10.154 21.456 13.386 21.800 -3.037
 -22.872-27.813 -0.479  1.497 16.221  5.235 -9.899-11.871 -52.12
 6 98514 5 1 1 2 425728.585925729.5703
 15.897  0.585 -0.040-48.475-33.818  8.620  4.737-16.224 -0.247
 -46.744-48.687  0.463 -0.102  0.944  7.676-32.483-34.244   8.49
 610851340 6 511 825729.570325730.5742
 14.749  0.281-10.286 26.409 40.233 11.611  2.276  8.042  2.216
  28.416 25.265-10.007-10.445  4.214  7.397 43.864 38.426  -8.95
 610851340 1 3 4 125729.570325730.5742
 14.238  0.132-14.596 21.750 35.061 33.154 32.596 38.782 -2.595
  21.912 19.822-14.470-16.095 30.587  2.566  0.000  0.000   0.00
 610851340 111121325729.570325730.5742
 14.220  0.263 -0.749-10.154  3.139 13.386 18.202-30.320 -0.781
  -9.899-11.871 -0.899  0.255 11.651  1.734  3.349  1.846  31.43
 610851340 1 3 4 125729.570325730.5742
 17.009 -0.445  0.615-33.818-17.724  4.737  2.023 -7.730 -1.777
 -32.483-34.244  0.796  0.557  1.147  3.590  0.000  0.000   0.00
 622851642 1 3 4 225741.695325742.6953
 11.825 -0.842-14.271-20.477 -9.633  3.235  3.129 -5.533  2.947
 -20.224-21.355-14.295-14.188  2.511  0.724 -5.540 -9.642  -4.17
 623851642 1 1 2 525742.695325743.9805
 13.779 -0.285-13.429 -9.633  6.820  3.129  0.514 -9.704 -0.619
  -5.540 -9.642-14.109-13.427  0.007  3.122  7.502  4.000  15.44
 7 1851630 1 1 2 725750.687525751.6563
 17.356  1.103 -6.186-35.592-19.716  8.620  1.610 50.936  3.706
 -35.537-36.893 -6.119 -7.779  8.272  0.348-16.552-22.202 -67.39
 7 2851546 3 4 7 125751.656325752.7793
 17.154  0.885 -7.255-19.716 -1.554  1.610 13.021-16.455 -5.844
 -16.552-22.202 -8.183 -6.527  0.708  0.902  0.000  0.000   0.00
 7 2851546 7 512 525751.656325752.7793
 14.331 -0.300-14.205-48.382-33.389 22.342 16.335-49.126  1.306
 -48.145-49.227-14.471-13.259 17.443  4.898-30.670-33.658  44.85
 7198516 0 0 0 1 125768.666025769.7031
 14.156 -0.204-13.593-18.730 -5.076  3.383  8.337  0.000  0.000
   0.000  0.000  0.000  0.000  0.000  0.000  0.000  0.000   0.00
 720851652 0 0 1 125769.703125770.6953
 14.410 -0.368-13.381 -5.076  8.262  8.337  6.150  0.000  0.000
   0.000  0.000  0.000  0.000  0.000  0.000  0.000  0.000   0.00
 729851825 3 5 8 725778.767625779.7051
 14.764 -0.048  5.839-29.894-16.960 23.651 10.697 -7.896  0.247
 -27.461-34.153  6.175  5.251 15.053  8.598-14.514-21.465   0.85
 729851825 1 2 3 525778.767625779.7051
 14.129 -0.230-14.150-45.663-33.325  6.307  5.498 49.359  1.120
 -45.418-45.784-13.873-14.286  2.084  4.223-33.000-34.595 -70.94
 730851656 4 3 7 725779.705125780.6855
 16.034  0.402  5.794-16.960 -2.197 10.697  7.627 -7.043 -4.412
 -14.514-21.465  6.095  5.240  6.932  3.765  0.086 -2.486   6.89
 730851656 1 4 5 325779.705125780.6855
 14.261  0.159-13.934-33.325-20.301  5.498 13.896-21.577 -0.643
 -33.000-34.595-14.059-13.447  4.377  1.121-20.240-21.167  -6.82
 731851628 2 5 7 525780.685525781.6914
 14.639 -0.109  6.188 -2.197 11.549  7.627  1.429 -0.151 -2.188
   0.086 -2.486  6.194  6.187  0.855  6.772 11.626 11.280 -21.17
 731851628 1 2 3 425780.685525781.6914
 13.935  0.188-14.091-20.301 -7.263 13.896 14.257-28.398  1.678
 -20.240-21.167-14.122-13.636 12.992  0.905 -7.166 -9.864  42.80
 8 1851637 4 1 5 325781.691425782.6777
 14.595 -0.768  6.079 11.549 24.957  1.429  1.788-21.318  1.674
  11.626 11.280  6.109  5.975  1.110  0.319 25.061 23.199  -3.50
 8 1851637 1 3 4 525781.691425782.6777
 14.043  0.272-14.280 -7.263  5.602 14.257 15.093 14.399 -1.914
  -7.166 -9.864-14.255-14.927 13.741  0.516  5.693  5.048  22.89
 8 2851615 1 2 3 325782.677725783.6465
 13.590 -0.013  5.322 24.957 37.175  1.788  0.483-24.820  0.142
  25.061 23.199  5.370  4.513  1.688  0.100 38.552 36.424  10.69
 8 2851615 1 4 51025782.677725783.6465
 14.103  0.216-14.548  5.602 18.316 15.093 11.636 37.293  0.547
   5.693  5.048-14.480-14.956 12.956  2.137 18.649 17.627   4.85
 8 3851530 2 810 225783.646525784.6895
 14.625 -0.159-14.757 18.316 32.551 11.636  7.089 42.143  1.113
  18.649 17.627-14.467-15.361  7.854  3.782 32.561 31.086  12.15
 8 4851632 1 1 2 225784.689525785.7168
 13.631  0.190-14.591 32.551 45.555  7.089 10.415 54.290 -0.383
  32.561 31.086-14.577-16.563  7.039  0.050 45.581 44.727  12.10
 8 5851712 1 1 2 525785.716825786.6914
 14.922 -0.225-14.786 45.555 59.149 10.415 19.872 66.395  0.286
  45.581 44.727-14.729-16.618 10.099  0.316 59.222 57.812 -11.95
1014852127 1 1 2 125855.894525856.6895
 13.692  0.520-16.541 19.733 29.854  2.005  0.901 -8.956 -4.011
  19.836 15.703-16.557-15.933  1.955  0.050  0.000  0.000   0.00
10168521 4 1 5 6 525857.877025858.7910
 14.296  0.678  4.337-51.897-39.733 30.078 19.884 55.784  0.308
 -51.772-52.336  4.153  4.980 23.410  6.668-39.506-40.703 -31.48
10178519 0 3 2 5 825858.791025859.7910
 14.482 -0.114  4.956-39.733-26.256 19.884 28.535 24.306 -0.443
 -39.506-40.703  4.854  5.393 16.114  3.771-26.038-26.745  11.21
10178519 0 1 3 4 225858.791025859.7910
 14.464 -0.263  4.941-46.656-33.197  0.729  0.976-43.249 -0.131
 -46.546-47.079  5.043  4.544  0.579  0.150-32.780-33.220   0.44
10178519 0 1 1 2 525858.791025859.7910
 16.123  0.673  4.742-59.457-44.341  6.362  8.598 -1.816  0.848
 -57.669-60.125  4.798  4.721  1.732  4.630-43.193-46.493   6.49
1018851858 4 4 8 525859.791025860.7695
 14.441 -0.569  4.842-26.256-13.072 28.535 20.453 35.517  0.072
 -26.038-26.745  4.688  5.191 19.759  8.777-12.948-13.861 -49.26
1018851858 1 1 2 325859.791025860.7695
 12.645 -1.303  4.679-33.197-21.774  0.976  0.150-42.806  0.331
 -32.780-33.220  5.064  4.658  0.050  0.926-21.187-22.068  61.50
1018851858 3 2 5 825859.791025860.7695
 15.261 -0.230  5.413-44.341-30.354  8.598 10.925  4.676  1.518
 -43.193-46.493  5.320  5.589  5.607  2.991-28.329-33.162  -3.30
11 5851649 5 3 81225877.701225878.6934
 13.656 -0.562 14.232 37.326 49.899  9.297 11.805 28.524  1.797
  39.230 36.470 13.230 14.683  2.883  6.414 53.627 48.969  -7.74
1113851918 3 3 6 325885.804725886.8145
 14.454  0.214 -9.876 -2.798 10.821  1.551  0.905-30.538 -3.407
  -2.113 -5.665-10.274 -8.209  1.252  0.299 11.151 10.519  12.14
1113851918 4 4 8 925885.804725886.8145
 13.124 -0.335 -7.975-42.247-29.974 25.376 21.764 -9.619  1.871
 -40.951-44.215 -8.192 -7.644 15.299 10.078-27.168-32.316   1.91
1113851918 1 1 2 125885.804725886.8145
 14.116  0.117  2.902-46.936-33.659  2.298  0.050 -5.118 -1.875
 -46.896-48.765  2.906  2.738  2.248  0.050  0.000  0.000   0.00
1114851934 4 5 9 925886.814525887.9336
 16.887  0.729 -7.636-29.974-12.184 21.764 23.016 -7.711  1.900
 -27.168-32.316 -8.012 -7.321  9.902 11.862 -9.807-16.918   3.90
1115852225 4 5 9 625887.933625888.8320
 14.668  0.210 -8.452-12.184  0.093 23.016 18.693 -3.815 -0.374
  -9.807-16.918 -8.608 -8.139 15.322  7.693  2.787 -3.954   0.43
1116851957 2 4 6 125888.832025889.9316
 16.992  0.462 -8.640  0.093 17.711 18.693 10.792 -3.387 -6.676
   2.787 -3.954 -8.798 -8.403 11.222  7.471  0.000  0.000   0.00
1116851957 1 3 4 125888.832025889.9316
 17.055  0.192  1.178-30.574-12.886  1.855  0.050 -2.724 -2.552
 -29.032-31.582  1.251  1.130  0.733  1.122  0.000  0.000   0.00
1117852222 0 0 1 525889.931625890.7539
 14.539  0.456 -9.149 17.711 28.865 10.792  6.930  0.000  0.000
   0.000  0.000  0.000  0.000  0.000  0.000  0.000 28.450   0.00
1117852222 1 1 2 225889.931625890.7539
 14.184  0.935 -8.183 10.922 21.784  0.614  1.748 36.889 -0.993
  11.233 10.069 -7.952 -8.817  0.450  0.164 21.816 21.414 -64.40
1117852222 0 0 1 125889.931625890.7539
 15.437  0.076  1.389-12.886 -0.993  0.050  0.920  0.000  0.000
   0.000  0.000  0.000  0.000  0.000  0.000  0.000  0.000   0.00
11188518 7 1 4 5 425890.753925891.7500
 14.421  0.111 -9.524 28.865 42.245  6.930  6.300 12.703  0.919
  29.032 28.450 -9.487 -9.616  4.943  1.987 42.495 40.972 -17.56
11188518 7 1 1 2 325890.753925891.7500
 14.494 -0.733 -8.952 21.784 35.237  1.748  0.150-27.515  0.925
  21.816 21.414 -8.969 -8.762  1.608  0.139 35.482 35.114 -47.08
11188518 7 0 0 1 125890.753925891.7500
 14.435  0.252  1.451 -0.993 12.401  0.920  1.266  0.000  0.000
   0.000  0.000  0.000  0.000  0.000  0.000  0.000  0.000   0.00
11198518 0 1 3 4 325891.750025892.6973
 15.528 -0.143 -9.635 42.245 56.022  6.300  3.703 -4.859  0.125
  42.495 40.972 -9.656 -9.528  5.266  1.035 56.066 54.430  13.51
12 48517 3 3 1 4 625906.710925907.7168
 15.263 -0.414 19.574 26.951 41.310  2.359  4.320 30.273  0.329
  29.087 25.792 18.399 20.211  0.829  1.530 42.915 39.000 -10.74
1213851941 0 0 11825915.820325916.9141
 11.877 -1.278  4.156 -9.648  2.268  4.277 16.219  0.000  0.000
   0.000  0.000  0.000  0.000  0.000  0.000  0.000 -0.601   0.00
1213851941 2 1 3 925915.820325916.9141
 14.186 -0.071 -9.377-34.565-20.123  1.252  8.443-16.907  1.291
 -32.389-35.735-10.030 -9.026  0.438  0.814-17.019-21.647   1.29
1214852156 612181725916.914125917.9551
 13.829 -0.557  2.757  2.268 15.650 16.219  9.338-25.858 -0.389
   4.293 -0.601  3.738  1.369  9.507  6.712 17.701 12.998   4.56
1214852156 4 5 91525916.914125917.9551
 13.839 -0.020 -9.299-20.123 -6.729  8.443 23.571-15.618 -0.885
 -17.019-21.647-10.155 -8.879  2.781  5.663 -4.840 -8.710  23.51
121585225611 6171125917.955125918.7578
 14.713 -0.722  2.177 15.650 26.664  9.338 24.766-21.296  0.958
  17.701 12.998  2.976  1.144  5.267  4.072 29.399 23.858  -1.34
1217851637 2 1 3 225919.691425920.6992
 14.810  0.264  0.965 35.635 49.569  2.055  0.100 45.770 -1.193
  36.524 35.439  0.052  1.166  0.371  1.684 49.669 49.469-102.12
