 112851821 1 4 51625580.763725581.7285
 14.091  0.444 -9.968-10.396 -9.330  3.300  3.576  0.604 -9.332
  -8.845 14.049 11.371  1.399  1.855-29.235-43.585 14.110  -0.93
 112851821 1 4 51625580.763725581.7285
 14.181  0.488 -6.623 -7.093-10.216  2.500  1.525  0.050 -9.332
  -8.845 14.049 11.371  1.399  1.855-29.235-43.585 14.110  -0.93
 112851821 1 4 51625580.763725581.7285
 14.431  0.540 -8.787 -9.307 -9.460  3.497  0.050  0.050 -9.332
  -8.845 14.049 11.371  1.399  1.855-29.235-43.585 14.110  -0.93
 113851728 511161025581.728525582.7754
 15.157 -0.435 -6.287 -5.832  2.769 17.617  3.186  1.700 -8.432
   3.802 11.371 15.683  3.254  0.337-43.585  1.573 15.203   0.65
 113851728 511161025581.728525582.7754
 14.377 -0.447 -6.301 -5.832  3.586 17.617  0.050  1.700 -8.432
   3.802 11.371 15.683  3.254  0.337-43.585  1.573 15.203   0.65
 113851728 511161025581.728525582.7754
 14.464 -0.325-10.396-10.055  3.300 17.422  0.604  5.016 -8.432
   3.802 11.371 15.683  3.254  0.337-43.585  1.573 15.203   0.65
 113851728 511161025581.728525582.7754
 15.093 -0.454-10.385 -9.910  3.805 18.585  0.597  0.050 -8.432
   3.802 11.371 15.683  3.254  0.337-43.585  1.573 15.203   0.65
 113851728 511161025581.728525582.7754
 14.667 -0.451-10.382 -9.910  4.251 18.585  0.367  0.050 -8.432
   3.802 11.371 15.683  3.254  0.337-43.585  1.573 15.203   0.65
 113851728 511161025581.728525582.7754
 15.155 -0.279 -9.857 -9.565  5.254 20.100  2.723  0.050 -8.432
   3.802 11.371 15.683  3.254  0.337-43.585  1.573 15.203   0.65
 113851728 511161025581.728525582.7754
 14.260 -0.288 -8.827 -8.525  5.448 19.356  1.495  0.050 -8.432
   3.802 11.371 15.683  3.254  0.337-43.585  1.573 15.203   0.65
 113851728 511161025581.728525582.7754
 14.821 -0.237 -9.722 -9.474  2.771 17.267  0.799  1.698 -8.432
   3.802 11.371 15.683  3.254  0.337-43.585  1.573 15.203   0.65
 113851728 511161025581.728525582.7754
 14.767 -0.025 -9.500 -9.474  2.828 17.267  0.050  1.698 -8.432
   3.802 11.371 15.683  3.254  0.337-43.585  1.573 15.203   0.65
 114851836 3 710 425582.775425583.7539
 15.318 -0.276 -9.046 -8.775 21.007 35.057  5.718  5.350 -9.108
  18.698 15.683 13.140  3.591  0.451  1.573 15.501 15.528  -0.26
 114851836 3 710 425582.775425583.7539
 14.661 -0.608-10.055 -9.459 17.422 30.828  5.016  6.004 -9.108
  18.698 15.683 13.140  3.591  0.451  1.573 15.501 15.528  -0.26
 114851836 3 710 425582.775425583.7539
 15.385 -0.121 -9.578 -9.459 16.712 30.828  1.302  6.004 -9.108
  18.698 15.683 13.140  3.591  0.451  1.573 15.501 15.528  -0.26
 1158518 7 2 2 4 925583.753925584.9043
 12.960 -1.245 -7.076 -5.645 33.887 47.657  1.735  0.050 -8.857
  32.954 13.140 10.761  4.041 -0.757 15.501  4.746 12.580  -1.34
 1158518 7 2 2 4 925583.753925584.9043
 12.229 -1.219 -8.775 -7.374 35.057 47.987  5.350  0.050 -8.857
  32.954 13.140 10.761  4.041 -0.757 15.501  4.746 12.580  -1.34
 116852142 5 4 92125584.904325585.7109
 13.407  1.882 -9.775-11.295 45.790 55.827  1.040  2.055 -7.315
  46.287 10.761 12.229  3.285 -0.074  4.746  9.451 13.789   1.83
 116852142 5 4 92125584.904325585.7109
 14.130  1.693 -8.843-10.211 45.932 56.553  1.379  1.115 -7.315
  46.287 10.761 12.229  3.285 -0.074  4.746  9.451 13.789   1.83
 116852142 5 4 92125584.904325585.7109
 13.667  1.965 -6.780 -8.367 49.166 59.414  1.745  0.050 -7.315
  46.287 10.761 12.229  3.285 -0.074  4.746  9.451 13.789   1.83
 116852142 5 4 92125584.904325585.7109
 14.041  1.616 -6.464 -7.769 45.567 56.116  4.183  4.773 -7.315
  46.287 10.761 12.229  3.285 -0.074  4.746  9.451 13.789   1.83
 116852142 5 4 92125584.904325585.7109
 14.043  1.678 -7.374 -8.729 47.987 58.538  0.050  0.050 -7.315
  46.287 10.761 12.229  3.285 -0.074  4.746  9.451 13.789   1.83
 118851725 411152825586.726625587.7715
 12.855 -1.531-10.946 -9.344 11.345 23.773  1.781  1.404-10.353
  10.096 10.912 26.909  3.636  2.358-11.010 -6.972 12.893  -1.21
 118851725 411152825586.726625587.7715
 12.818 -1.200-10.599 -9.344 11.383 23.773  2.766  1.404-10.353
  10.096 10.912 26.909  3.636  2.358-11.010 -6.972 12.893  -1.21
 118851725 411152825586.726625587.7715
 12.345 -1.277-10.442 -9.106 10.939 22.835  0.978  0.481-10.353
  10.096 10.912 26.909  3.636  2.358-11.010 -6.972 12.893  -1.21
 118851725 411152825586.726625587.7715
 12.548 -1.327-10.258 -8.870 11.130 23.237  1.915  0.122-10.353
  10.096 10.912 26.909  3.636  2.358-11.010 -6.972 12.893  -1.21
 118851725 411152825586.726625587.7715
 12.062 -1.481-10.746 -9.196  8.166 19.764  1.146  0.050-10.353
  10.096 10.912 26.909  3.636  2.358-11.010 -6.972 12.893  -1.21
 118851725 411152825586.726625587.7715
 12.459 -1.248-10.503 -9.196  7.750 19.764  0.254  0.050-10.353
  10.096 10.912 26.909  3.636  2.358-11.010 -6.972 12.893  -1.21
 118851725 411152825586.726625587.7715
 12.635 -1.251 -9.628 -8.319  8.568 20.766  0.281  0.050-10.353
  10.096 10.912 26.909  3.636  2.358-11.010 -6.972 12.893  -1.21
 118851725 411152825586.726625587.7715
 12.914 -1.412 -9.796 -8.319  8.275 20.766  0.492  0.050-10.353
  10.096 10.912 26.909  3.636  2.358-11.010 -6.972 12.893  -1.21
 1198518321315282825587.771525588.7949
 15.463 -0.506 -9.458 -8.941 26.169 40.985  0.050  5.259 -9.084
  22.564 26.909 69.094  5.995 -1.307 -6.972 -2.168 15.702  -0.60
 1198518321315282825587.771525588.7949
 15.963 -0.751 -9.191 -8.423 25.644 40.971  0.466 16.755 -9.084
  22.564 26.909 69.094  5.995 -1.307 -6.972 -2.168 15.702  -0.60
 1198518321315282825587.771525588.7949
 15.694 -0.700 -9.139 -8.423 25.919 40.971  0.050 16.755 -9.084
  22.564 26.909 69.094  5.995 -1.307 -6.972 -2.168 15.702  -0.60
 1198518321315282825587.771525588.7949
 16.174 -0.483 -9.344 -8.849 23.773 39.317  1.404  0.050 -9.084
  22.564 26.909 69.094  5.995 -1.307 -6.972 -2.168 15.702  -0.60
 1198518321315282825587.771525588.7949
 16.059 -0.595 -8.870 -8.261 23.237 38.663  0.122  1.327 -9.084
  22.564 26.909 69.094  5.995 -1.307 -6.972 -2.168 15.702  -0.60
 1198518321315282825587.771525588.7949
 15.654 -0.546 -8.849 -8.291 22.835 37.846  1.118  1.262 -9.084
  22.564 26.909 69.094  5.995 -1.307 -6.972 -2.168 15.702  -0.60
 1198518321315282825587.771525588.7949
 15.654 -0.797 -9.106 -8.291 22.835 37.846  0.481  1.262 -9.084
  22.564 26.909 69.094  5.995 -1.307 -6.972 -2.168 15.702  -0.60
 1198518321315282825587.771525588.7949
 15.889 -0.611 -8.915 -8.291 22.595 37.846  0.050  1.262 -9.084
  22.564 26.909 69.094  5.995 -1.307 -6.972 -2.168 15.702  -0.60
 1198518321315282825587.771525588.7949
 15.911 -0.593-10.203 -9.596 23.225 38.500  0.566  0.102 -9.084
  22.564 26.909 69.094  5.995 -1.307 -6.972 -2.168 15.702  -0.60
 1198518321315282825587.771525588.7949
 16.068 -0.843 -9.153 -8.291 22.411 37.846  0.050  1.262 -9.084
  22.564 26.909 69.094  5.995 -1.307 -6.972 -2.168 15.702  -0.60
 1198518321315282825587.771525588.7949
 16.011 -0.431 -9.418 -8.977 21.372 36.748  1.134  1.587 -9.084
  22.564 26.909 69.094  5.995 -1.307 -6.972 -2.168 15.702  -0.60
 1198518321315282825587.771525588.7949
 15.764 -0.461 -8.671 -8.199 21.559 36.682  5.320 18.853 -9.084
  22.564 26.909 69.094  5.995 -1.307 -6.972 -2.168 15.702  -0.60
 1198518321315282825587.771525588.7949
 15.861 -0.477 -9.180 -8.692 20.549 35.772  0.050 13.623 -9.084
  22.564 26.909 69.094  5.995 -1.307 -6.972 -2.168 15.702  -0.60
 1198518321315282825587.771525588.7949
 15.812 -0.426 -9.196 -8.761 19.764 34.937  0.050  0.107 -9.084
  22.564 26.909 69.094  5.995 -1.307 -6.972 -2.168 15.702  -0.60
 1198518321315282825587.771525588.7949
 15.324 -0.558 -7.359 -6.788 18.537 33.211  0.050  0.787 -9.084
  22.564 26.909 69.094  5.995 -1.307 -6.972 -2.168 15.702  -0.60
 1198518321315282825587.771525588.7949
 16.043 -0.587 -7.388 -6.788 17.801 33.211  0.050  0.787 -9.084
  22.564 26.909 69.094  5.995 -1.307 -6.972 -2.168 15.702  -0.60
 119851832 3 3 6 725587.771525588.7949
 14.683  0.674  1.675  2.365-32.589-18.571  2.971  0.050  2.224
 -31.241  6.870  2.104  3.145 -0.174-19.449-25.025 16.794   1.91
 119851832 3 3 6 725587.771525588.7949
 14.946  0.793  1.935  2.746-33.187-18.900  0.517  0.050  2.224
 -31.241  6.870  2.104  3.145 -0.174-19.449-25.025 16.794   1.91
 119851832 3 3 6 725587.771525588.7949
 14.909  0.437  1.917  2.365-32.821-18.571  0.050  0.050  2.224
 -31.241  6.870  2.104  3.145 -0.174-19.449-25.025 16.794   1.91
 210851943 1 1 2 425609.822325610.8047
 14.963 -0.332-11.452-11.126-41.452-27.692  2.666  9.211-11.281
 -41.397  3.700  9.361  0.644  3.448 72.550-58.051 14.884  -0.20
 210851943 1 1 2 425609.822325610.8047
 14.859 -0.374-10.838-10.470-41.255-27.597  1.033  0.050-11.281
 -41.397  3.700  9.361  0.644  3.448 72.550-58.051 14.884  -0.20
 222851711 2 5 7 225621.716825622.9199
 12.762 -1.228  3.265  1.786-24.032 -9.845  7.380  5.698  3.120
 -24.306 10.942  7.684  4.207 -3.832 -5.745-49.714 12.938  -1.17
 222851711 2 5 7 225621.716825622.9199
 12.927 -0.875  2.839  1.786-24.231 -9.845  2.996  5.698  3.120
 -24.306 10.942  7.684  4.207 -3.832 -5.745-49.714 12.938  -1.17
 2238522 5 1 1 2 225622.919925623.7285
 16.726  1.491  1.500  2.705-10.088  2.639  1.986  1.124  1.712
  -9.908  7.684  2.703  0.375 -0.137-49.714-39.552 16.636   1.34
 2238522 5 1 1 2 225622.919925623.7285
 16.653  1.324  1.786  2.856 -9.845  2.823  5.698  1.579  1.712
  -9.908  7.684  2.703  0.375 -0.137-49.714-39.552 16.636   1.34
 224851729 1 1 2 225623.728525624.7285
 15.026 -0.195  2.705  2.510  2.639 16.694  1.124  3.979  2.793
   2.747  2.703  4.276  0.238  0.062-39.552-25.183 14.937  -0.27
 224851729 1 1 2 225623.728525624.7285
 15.113 -0.218  2.856  2.637  2.823 16.965  1.579  0.297  2.793
   2.747  2.703  4.276  0.238  0.062-39.552-25.183 14.937  -0.27
 224851729 0 0 1 125623.728525624.7285
 15.473  0.356  1.276  1.631 -4.648  9.855  0.193  0.017  1.276
  -4.648  0.193  0.017  0.000  0.000  0.000  0.000 15.473   0.36
 225851730 1 1 2 225624.728525625.7070
 14.209 -0.004  2.510  2.506 16.694 29.636  3.979  4.532  2.519
  16.713  4.276  5.397  0.299  0.054-25.183 78.977 14.179   0.04
 225851730 1 1 2 225624.728525625.7070
 13.863  0.220  2.637  2.852 16.965 29.568  0.297  0.865  2.519
  16.713  4.276  5.397  0.299  0.054-25.183 78.977 14.179   0.04
 330851652 1 1 2 225657.703125658.7383
 14.985 -0.005  5.097  5.091 40.063 54.569  2.850  7.080  4.728
  41.247 12.800 14.778  1.590 -0.095 17.365 22.102 14.542   0.07
 330851652 1 1 2 225657.703125658.7383
 14.857 -0.090  4.622  4.529 41.586 55.959  9.950  7.698  4.728
  41.247 12.800 14.778  1.590 -0.095 17.365 22.102 14.542   0.07
 4 5851740 2 2 4 125663.736325664.9805
 12.715 -0.402-20.841-20.340 12.237 26.841  1.360  0.050-20.957
  11.950  1.580  0.050  2.848 -2.848 23.620  0.000 12.945  -0.50
 4 5851740 2 2 4 125663.736325664.9805
 12.372 -0.233-20.631-20.340 12.664 26.841  0.050  0.050-20.957
  11.950  1.580  0.050  2.848 -2.848 23.620  0.000 12.945  -0.50
 5 68519 7 4 4 81325694.796925695.6973
 16.554 -0.086  5.510  5.432 15.092 29.104  6.027  0.274  5.260
  14.819 11.869 17.348  3.060  2.957-21.304 -9.491 13.522  -0.94
 5 68519 7 4 4 81325694.796925695.6973
 16.637 -0.142  5.427  5.300 15.726 29.812  3.237  1.364  5.260
  14.819 11.869 17.348  3.060  2.957-21.304 -9.491 13.522  -0.94
 5 68519 7 4 4 81325694.796925695.6973
 16.117 -0.176  5.155  4.997 15.719 29.337  0.353  4.452  5.260
  14.819 11.869 17.348  3.060  2.957-21.304 -9.491 13.522  -0.94
 5 68519 7 4 4 81325694.796925695.6973
 16.227  0.307  4.721  4.997 15.620 29.337  0.123  4.452  5.260
  14.819 11.869 17.348  3.060  2.957-21.304 -9.491 13.522  -0.94
 5 68519 7 4 4 81325694.796925695.6973
 16.193  0.189  4.916  5.086 14.594 28.281  0.050  0.050  5.260
  14.819 11.869 17.348  3.060  2.957-21.304 -9.491 13.522  -0.94
 512851851 1 7 81425700.785225701.7539
 14.279 -0.007-10.961-10.954  1.582 14.460  1.202  0.751-12.634
   1.833 31.230 57.123  2.520  0.446-13.221 -5.619 13.972  -0.06
 512851851 1 7 81425700.785225701.7539
 14.201 -0.082-11.157-11.078  1.306 14.109  2.129  1.713-12.634
   1.833 31.230 57.123  2.520  0.446-13.221 -5.619 13.972  -0.06
 512851851 1 7 81425700.785225701.7539
 13.749 -0.271-12.748-12.486  2.332 14.697 25.021 32.065-12.634
   1.833 31.230 57.123  2.520  0.446-13.221 -5.619 13.972  -0.06
 512851851 1 7 81425700.785225701.7539
 13.784 -0.148-12.137-11.994 -0.389 12.010  0.273  0.848-12.634
   1.833 31.230 57.123  2.520  0.446-13.221 -5.619 13.972  -0.06
 512851851 1 7 81425700.785225701.7539
 14.112  0.019-13.555-13.573 -2.294 10.422  2.455  2.515-12.634
   1.833 31.230 57.123  2.520  0.446-13.221 -5.619 13.972  -0.06
 5138518 6 311141025701.753925702.7363
 13.871  0.343-12.486-12.823 14.697 27.341 32.065 50.804-12.576
  14.413 57.123 57.270  2.966 -0.162 -5.619 30.922 13.884   0.41
 5138518 6 311141025701.753925702.7363
 13.874  0.136-10.954-11.088 14.460 27.107  0.751  0.199-12.576
  14.413 57.123 57.270  2.966 -0.162 -5.619 30.922 13.884   0.41
 5138518 6 311141025701.753925702.7363
 14.232  0.011-11.078-11.088 14.109 27.107  1.713  0.199-12.576
  14.413 57.123 57.270  2.966 -0.162 -5.619 30.922 13.884   0.41
 5138518 6 311141025701.753925702.7363
 13.644  0.142-14.887-15.027 12.304 24.725  0.230  2.725-12.576
  14.413 57.123 57.270  2.966 -0.162 -5.619 30.922 13.884   0.41
 5138518 6 311141025701.753925702.7363
 14.246  0.355-13.865-14.213 12.264 25.276  0.050  2.519-12.576
  14.413 57.123 57.270  2.966 -0.162 -5.619 30.922 13.884   0.41
 5138518 6 311141025701.753925702.7363
 13.941  0.278-13.573-13.846 10.422 23.135  2.515  0.279-12.576
  14.413 57.123 57.270  2.966 -0.162 -5.619 30.922 13.884   0.41
 5138518 6 311141025701.753925702.7363
 14.052  0.151-11.706-11.854 11.802 24.623  1.043  0.544-12.576
  14.413 57.123 57.270  2.966 -0.162 -5.619 30.922 13.884   0.41
 5138518 6 311141025701.753925702.7363
 14.526  0.068-11.788-11.854 11.336 24.623  0.816  0.544-12.576
  14.413 57.123 57.270  2.966 -0.162 -5.619 30.922 13.884   0.41
 5138518 6 311141025701.753925702.7363
 14.370  0.417-11.445-11.854 11.490 24.623  0.687  0.544-12.576
  14.413 57.123 57.270  2.966 -0.162 -5.619 30.922 13.884   0.41
 514851738 2 810 425702.736325703.6777
 14.262  0.201-12.823-13.012 27.341 39.862 50.804 38.564-12.974
  27.070 57.270 40.775  2.804  0.213 30.922 48.504 14.431   0.17
 514851738 2 810 425702.736325703.6777
 14.653  0.228-13.846-14.061 23.135 36.024  0.279  0.286-12.974
  27.070 57.270 40.775  2.804  0.213 30.922 48.504 14.431   0.17
 514851738 2 810 425702.736325703.6777
 15.034  0.203-13.870-14.061 22.776 36.024  0.050  0.286-12.974
  27.070 57.270 40.775  2.804  0.213 30.922 48.504 14.431   0.17
 515851617 1 3 4 125703.677725704.6641
 14.548  0.498-13.012-13.504 39.862 53.237 38.564 44.079-13.135
  39.750 40.775 44.079  3.017 -3.017 48.504  0.000 14.661   0.37
 516851556 0 0 1 125704.664125705.6914
 14.182 -0.502 -7.727 -7.211-48.058-34.495  7.419  7.904 -7.727
 -48.058  7.419  7.904  0.000  0.000  0.000  0.000 14.182  -0.50
 517851637 0 0 1 125705.691425706.6582
 14.569  0.601 -7.211 -7.792-34.495-21.372  7.904 17.932 -7.211
 -34.495  7.904 17.932  0.000  0.000  0.000  0.000 14.569   0.60
 518851548 0 0 1 725706.658225707.6855
 14.687  0.412 -7.792 -8.214-21.372 -7.299 17.932 12.645 -7.792
 -21.372 17.932 15.222  0.000  3.406  0.000 18.707 14.371   0.54
 518851548 5 3 81625706.658225707.6855
 14.495 -1.575  9.271  7.654-47.048-33.171  1.007  4.006  8.344
 -47.670 14.622 22.375  2.040  0.214-25.333-29.482 14.219  -1.67
 518851548 5 3 81625706.658225707.6855
 14.776 -1.593  8.838  7.202-47.841-33.677  0.183  0.050  8.344
 -47.670 14.622 22.375  2.040  0.214-25.333-29.482 14.219  -1.67
 518851548 5 3 81625706.658225707.6855
 14.280 -1.496  7.577  6.040-47.128-33.473  0.050  0.170  8.344
 -47.670 14.622 22.375  2.040  0.214-25.333-29.482 14.219  -1.67
 518851548 5 3 81625706.658225707.6855
 14.275 -1.738  7.535  5.749-47.452-33.802  0.050  0.050  8.344
 -47.670 14.622 22.375  2.040  0.214-25.333-29.482 14.219  -1.67
 518851548 5 3 81625706.658225707.6855
 14.488 -1.846  8.106  6.210-48.638-34.770  0.209 10.175  8.344
 -47.670 14.622 22.375  2.040  0.214-25.333-29.482 14.219  -1.67
 518851548 5 3 81625706.658225707.6855
 13.903 -1.896  8.158  6.210-48.037-34.770 11.282 10.175  8.344
 -47.670 14.622 22.375  2.040  0.214-25.333-29.482 14.219  -1.67
 519851627 3 4 7 125707.685525708.6895
 14.435 -0.158 -8.214 -8.056 -7.299  6.208 12.645 11.198 -8.350
  -7.624 15.222 11.198  3.406 -3.406 18.707  0.000 14.759  -0.29
 519851627 3 4 7 125707.685525708.6895
 14.288 -0.589 -8.647 -8.056 -7.151  6.208  0.240 11.198 -8.350
  -7.624 15.222 11.198  3.406 -3.406 18.707  0.000 14.759  -0.29
 519851627 3 4 7 125707.685525708.6895
 14.068 -0.370 -8.428 -8.056 -6.930  6.208  0.716 11.198 -8.350
  -7.624 15.222 11.198  3.406 -3.406 18.707  0.000 14.759  -0.29
 51985162710 616 725707.685525708.6895
 14.191  0.642  6.929  7.574-32.711-19.450  2.696  0.499  6.629
 -34.077 22.375 16.039  2.254 -0.878-29.482-34.716 14.148   0.10
 51985162710 616 725707.685525708.6895
 13.852  0.622  7.452  8.076-33.741-20.820  1.947  0.244  6.629
 -34.077 22.375 16.039  2.254 -0.878-29.482-34.716 14.148   0.10
 51985162710 616 725707.685525708.6895
 13.788  0.870  7.202  8.076-33.677-20.820  0.050  0.244  6.629
 -34.077 22.375 16.039  2.254 -0.878-29.482-34.716 14.148   0.10
 51985162710 616 725707.685525708.6895
 14.490  0.666  6.040  6.709-33.473-19.911  0.170  0.050  6.629
 -34.077 22.375 16.039  2.254 -0.878-29.482-34.716 14.148   0.10
 51985162710 616 725707.685525708.6895
 14.435  0.762  5.693  6.458-33.070-19.564  0.118  0.163  6.629
 -34.077 22.375 16.039  2.254 -0.878-29.482-34.716 14.148   0.10
 51985162710 616 725707.685525708.6895
 13.836  0.924  5.749  6.677-33.802-20.897  0.050 14.702  6.629
 -34.077 22.375 16.039  2.254 -0.878-29.482-34.716 14.148   0.10
 51985162710 616 725707.685525708.6895
 13.795  0.618  6.203  6.823-35.260-22.396  0.299  0.331  6.629
 -34.077 22.375 16.039  2.254 -0.878-29.482-34.716 14.148   0.10
 51985162710 616 725707.685525708.6895
 14.461  0.952  5.867  6.823-35.929-22.396  0.387  0.331  6.629
 -34.077 22.375 16.039  2.254 -0.878-29.482-34.716 14.148   0.10
 51985162710 616 725707.685525708.6895
 14.670  0.981  5.838  6.823-36.139-22.396  0.236  0.331  6.629
 -34.077 22.375 16.039  2.254 -0.878-29.482-34.716 14.148   0.10
 6 4852035 0 0 1 225723.857425724.7559
 14.090 -0.334-14.254-13.954-53.239-41.460 28.415 27.349-14.254
 -53.239 28.415 27.399  0.000  3.779  0.000 36.507 14.084  -0.33
 6 4852035 2 2 42125723.857425724.7559
 13.631 -0.332-10.588-10.289-52.366-40.999  4.771  0.050-10.312
 -53.121  5.718 10.197  5.009  0.550-20.244  0.226 11.970  -0.09
 6 4852035 2 2 42125723.857425724.7559
 13.945  0.002-10.158-10.160-52.894-41.246  0.050  1.617-10.312
 -53.121  5.718 10.197  5.009  0.550-20.244  0.226 11.970  -0.09
 6 4852035 2 2 42125723.857425724.7559
 14.032 -0.149 -8.909 -8.775-57.245-45.519  0.847  0.050-10.312
 -53.121  5.718 10.197  5.009  0.550-20.244  0.226 11.970  -0.09
 6 58518 8 1 1 2 125724.755925725.7168
 14.025  0.120-13.954-14.069-41.460-28.934 27.349 13.103-13.958
 -41.466 27.399 13.103  3.779 -3.779 36.507  0.000 14.031   0.12
 6 58518 8 61521 525724.755925725.7168
 14.827  0.208-10.160-10.360-41.246-27.950  1.617  0.050-10.233
 -43.247 10.197  1.047  5.559 -1.665  0.226 -4.704 15.689  -0.08
 6 58518 8 61521 525724.755925725.7168
 14.947  0.096 -9.029 -9.121-43.775-30.363  0.263  0.050-10.233
 -43.247 10.197  1.047  5.559 -1.665  0.226 -4.704 15.689  -0.08
 6 58518 8 61521 525724.755925725.7168
 15.101 -0.191-10.007 -9.824-46.953-33.394  0.050  0.050-10.233
 -43.247 10.197  1.047  5.559 -1.665  0.226 -4.704 15.689  -0.08
 6 58518 8 61521 525724.755925725.7168
 15.491  0.006 -9.819 -9.824-47.328-33.394  0.119  0.050-10.233
 -43.247 10.197  1.047  5.559 -1.665  0.226 -4.704 15.689  -0.08
 6 58518 8 61521 525724.755925725.7168
 14.917 -0.221-10.906-10.693-47.131-33.749  0.050  0.050-10.233
 -43.247 10.197  1.047  5.559 -1.665  0.226 -4.704 15.689  -0.08
 6 58518 8 61521 525724.755925725.7168
 15.413  0.048-10.647-10.693-47.607-33.749  0.187  0.050-10.233
 -43.247 10.197  1.047  5.559 -1.665  0.226 -4.704 15.689  -0.08
 6 58518 8 61521 525724.755925725.7168
 15.573  0.255-10.449-10.693-47.762-33.749  0.604  0.050-10.233
 -43.247 10.197  1.047  5.559 -1.665  0.226 -4.704 15.689  -0.08
 6 6851712 2 3 51825725.716825726.6191
 14.152  0.088-10.360-10.439-27.950-16.060  0.050  1.323-10.153
 -29.123  1.047539.822  3.895  1.605 -4.704-21.565 13.148   0.52
 6 6851712 2 3 51825725.716825726.6191
 14.456  0.038-10.189-10.224-28.594-16.431  0.847  4.473-10.153
 -29.123  1.047539.822  3.895  1.605 -4.704-21.565 13.148   0.52
 6 6851712 2 3 51825725.716825726.6191
 14.907  0.423 -9.121 -9.503-30.363-17.792  0.050  6.309-10.153
 -29.123  1.047539.822  3.895  1.605 -4.704-21.565 13.148   0.52
 6 6851712 2 3 51825725.716825726.6191
 14.414  0.218-10.693-10.890-33.749-21.623  0.050  0.423-10.153
 -29.123  1.047539.822  3.895  1.605 -4.704-21.565 13.148   0.52
 6 7851452 7 714 625726.619125727.5918
 15.549 -0.288  0.855  0.576-55.754-41.592  0.317  0.050  1.168
 -51.443 46.568 14.923  6.162 -1.635 -7.273  7.032 17.002  -0.94
 6 7851452 7 714 625726.619125727.5918
 15.557  0.027  0.549  0.576-55.762-41.592  2.418  0.050  1.168
 -51.443 46.568 14.923  6.162 -1.635 -7.273  7.032 17.002  -0.94
 6 7851452 7 714 625726.619125727.5918
 16.083 -0.041  0.615  0.576-56.273-41.592  0.805  0.050  1.168
 -51.443 46.568 14.923  6.162 -1.635 -7.273  7.032 17.002  -0.94
 6 7851452 7 714 625726.619125727.5918
 16.129  0.047  0.530  0.576-56.318-41.592  3.643  0.050  1.168
 -51.443 46.568 14.923  6.162 -1.635 -7.273  7.032 17.002  -0.94
 6 8851411 4 2 6 625727.591825728.5859
 14.850  0.046 -9.486 -9.532  4.237 18.037  0.071  0.050 -9.913
  -1.248 11.247 13.642  5.820 -2.563  5.395  1.959 14.663   0.40
 6 8851411 4 2 6 625727.591825728.5859
 15.144  0.152 -9.138 -9.288  1.264 15.357  1.222  0.556 -9.913
  -1.248 11.247 13.642  5.820 -2.563  5.395  1.959 14.663   0.40
 6 8851411 4 2 6 625727.591825728.5859
 14.669 -0.027-10.397-10.370 -3.042 10.579  0.678  6.273 -9.913
  -1.248 11.247 13.642  5.820 -2.563  5.395  1.959 14.663   0.40
 6 8851411 4 2 6 625727.591825728.5859
 14.886  0.303-10.068-10.370 -3.257 10.579  6.765  6.273 -9.913
  -1.248 11.247 13.642  5.820 -2.563  5.395  1.959 14.663   0.40
 6 8851411 0 0 1 125727.591825728.5859
 14.284  0.185-14.227-14.412 -4.207  9.030 30.169 25.699-14.227
  -4.207 30.169 25.699  0.000  0.000  0.000  0.000 14.284   0.19
 6 8851411 1 5 6 525727.591825728.5859
 13.647 -0.818  1.775  0.961-41.789-29.186  0.050  2.817  0.250
 -35.869 14.923 21.456  4.527  0.795  7.032 21.800 12.831  -0.25
 6 8851411 1 5 6 525727.591825728.5859
 13.966  0.240  0.241 -0.479-35.793-22.872 14.673 16.221  0.250
 -35.869 14.923 21.456  4.527  0.795  7.032 21.800 12.831  -0.25
 6 98514 5 5 1 61125728.585925729.5703
 14.719  0.164 -9.288 -9.450 15.357 28.855  0.556  0.576-10.310
  12.366 13.642 11.611  3.257 -0.126  1.959  8.042 15.272  -0.02
 6 98514 5 5 1 61125728.585925729.5703
 14.242  0.403 -9.294 -9.690 14.521 27.550  1.127  2.227-10.310
  12.366 13.642 11.611  3.257 -0.126  1.959  8.042 15.272  -0.02
 6 98514 5 5 1 61125728.585925729.5703
 14.421  0.064-10.370-10.432 10.579 23.785  6.273  0.645-10.310
  12.366 13.642 11.611  3.257 -0.126  1.959  8.042 15.272  -0.02
 6 98514 5 0 0 1 425728.585925729.5703
 14.091  0.060-14.412-14.470  9.030 21.912 25.699 30.587-14.412
   9.030 25.699 33.154  0.000  2.595  0.000 38.782 13.927   0.19
 6 98514 5 1 4 51225728.585925729.5703
 15.515 -0.531  2.255  1.734-26.057-11.777  2.241  0.050  0.003
 -24.078 21.456 13.386  5.321 -3.037 21.800-30.320 15.152   0.76
 6 98514 5 1 4 51225728.585925729.5703
 15.376 -0.325  0.733  0.413-28.879-14.735  0.126  0.050  0.003
 -24.078 21.456 13.386  5.321 -3.037 21.800-30.320 15.152   0.76
 6 98514 5 1 4 51225728.585925729.5703
 15.688 -0.557  0.961  0.413-29.186-14.735  2.817  0.050  0.003
 -24.078 21.456 13.386  5.321 -3.037 21.800-30.320 15.152   0.76
 6 98514 5 1 1 2 425728.585925729.5703
 14.132  0.446  0.463  0.901-46.744-33.823  0.944  2.705 -0.040
 -48.475  8.620  4.737  2.024 -0.247-16.224 -7.730 15.897   0.58
 6 98514 5 1 1 2 425728.585925729.5703
 14.356  0.285 -0.102  0.382-48.687-35.546  7.676  0.050 -0.040
 -48.475  8.620  4.737  2.024 -0.247-16.224 -7.730 15.897   0.58
 610851340 6 511 825729.570325730.5742
 15.272  0.071-10.477-10.548 32.340 46.691  0.338  0.023-10.286
  26.409 11.611  2.276  3.131  2.216  8.042 -0.908 14.749   0.28
 610851340 6 511 825729.570325730.5742
 15.569  0.056-10.492-10.548 32.042 46.691  0.387  0.023-10.286
  26.409 11.611  2.276  3.131  2.216  8.042 -0.908 14.749   0.28
 610851340 6 511 825729.570325730.5742
 15.325  0.301 -9.706-10.008 28.412 42.815  0.140  0.050-10.286
  26.409 11.611  2.276  3.131  2.216  8.042 -0.908 14.749   0.28
 610851340 6 511 825729.570325730.5742
 15.484  0.300 -9.690 -9.992 27.550 42.113  2.227  0.139-10.286
  26.409 11.611  2.276  3.131  2.216  8.042 -0.908 14.749   0.28
 610851340 6 511 825729.570325730.5742
 14.962  0.233-10.307-10.541 24.387 38.426  0.291  1.520-10.286
  26.409 11.611  2.276  3.131  2.216  8.042 -0.908 14.749   0.28
 610851340 6 511 825729.570325730.5742
 15.562  0.108-10.432-10.541 23.785 38.426  0.645  1.520-10.286
  26.409 11.611  2.276  3.131  2.216  8.042 -0.908 14.749   0.28
 610851340 1 3 4 125729.570325730.5742
 14.077  0.258-14.470-14.729 21.912 35.061 30.587 32.596-14.596
  21.750 33.154 32.596  2.595 -2.595 38.782  0.000 14.238   0.13
 610851340 111121325729.570325730.5742
 12.650  0.844 -0.523 -1.370-10.170  1.546  0.554  0.475 -0.749
 -10.154 13.386 18.202  2.284 -0.781-30.320  1.115 14.220   0.26
 610851340 111121325729.570325730.5742
 12.730  0.962  0.141 -1.107-10.312  1.485  0.397  0.266 -0.749
 -10.154 13.386 18.202  2.284 -0.781-30.320  1.115 14.220   0.26
 610851340 111121325729.570325730.5742
 13.091  0.167  0.413 -0.581-14.735 -2.575  0.050  0.050 -0.749
 -10.154 13.386 18.202  2.284 -0.781-30.320  1.115 14.220   0.26
 610851340 1 3 4 125729.570325730.5742
 17.014 -0.730  0.901  0.168-33.823-17.724  2.705  2.023  0.615
 -33.818  4.737  2.023  1.777 -1.777 -7.730  0.000 17.009  -0.45
 622851642 1 3 4 225741.695325742.6953
 11.562 -0.867-14.295-13.427-20.224 -9.642  2.511  3.122-14.271
 -20.477  3.235  3.129  1.100  2.947 -5.533 -9.704 11.825  -0.84
 622851642 1 3 4 225741.695325742.6953
 12.125 -1.008-14.435-13.427-20.787 -9.642  0.474  3.122-14.271
 -20.477  3.235  3.129  1.100  2.947 -5.533 -9.704 11.825  -0.84
 623851642 1 1 2 525742.695325743.9805
 14.316  0.071-13.427-13.518 -9.642  7.501  3.122  0.017-13.429
  -9.633  3.129  0.514  4.048 -0.619 -9.704  5.735 13.779  -0.29
 7 1851630 1 1 2 725750.687525751.6563
 15.871 -0.592 -7.779 -7.205-36.893-22.456  0.348  0.050 -6.186
 -35.592  8.620  1.610  2.138  3.706 50.936-16.455 17.356   1.10
 7 2851546 3 4 7 125751.656325752.7793
 17.573  1.141 -6.968 -8.249-20.187 -1.554  0.156 13.021 -7.255
 -19.716  1.610 13.021  5.844 -5.844-16.455  0.000 17.154   0.88
 7 2851546 7 512 525751.656325752.7793
 14.482 -0.059-14.132-14.066-45.832-30.670  0.050  1.467-14.205
 -48.382 22.342 16.335  1.603  1.306-49.126 -4.274 14.331  -0.30
 7 2851546 7 512 525751.656325752.7793
 13.658 -0.105-14.517-14.399-47.803-33.565  4.063  9.916-14.205
 -48.382 22.342 16.335  1.603  1.306-49.126 -4.274 14.331  -0.30
 7 2851546 7 512 525751.656325752.7793
 14.137 -0.205-14.629-14.399-48.341-33.565 11.946  9.916-14.205
 -48.382 22.342 16.335  1.603  1.306-49.126 -4.274 14.331  -0.30
 7 2851546 7 512 525751.656325752.7793
 13.938 -0.123-12.799-12.661-48.262-33.709  0.772  4.389-14.205
 -48.382 22.342 16.335  1.603  1.306-49.126 -4.274 14.331  -0.30
 7 2851546 7 512 525751.656325752.7793
 14.578 -0.299-12.997-12.661-48.980-33.709  2.117  4.389-14.205
 -48.382 22.342 16.335  1.603  1.306-49.126 -4.274 14.331  -0.30
 7 2851546 7 512 525751.656325752.7793
 13.819 -0.315-13.382-13.028-49.314-34.895  2.535  0.513-14.205
 -48.382 22.342 16.335  1.603  1.306-49.126 -4.274 14.331  -0.30
 7198516 0 0 0 1 125768.666025769.7031
 14.156 -0.204-13.593-13.381-18.730 -5.076  3.383  8.337-13.593
 -18.730  3.383  8.337  0.000  0.000  0.000  0.000 14.156  -0.20
 720851652 0 0 1 125769.703125770.6953
 14.410 -0.368-13.381-13.016 -5.076  8.262  8.337  6.150-13.381
  -5.076  8.337  6.150  0.000  0.000  0.000  0.000 14.410  -0.37
 729851825 3 5 8 725778.767625779.7051
 15.132  0.129  5.867  5.989-26.511-13.232  6.502  2.754  5.839
 -29.894 23.651 10.697  6.721  0.247 -7.896 -7.043 14.764  -0.05
 729851825 3 5 8 725778.767625779.7051
 14.698 -0.151  6.400  6.258-28.198-15.326  8.440  3.894  5.839
 -29.894 23.651 10.697  6.721  0.247 -7.896 -7.043 14.764  -0.05
 729851825 3 5 8 725778.767625779.7051
 14.589 -0.006  5.186  5.180-34.431-21.662  6.792  3.523  5.839
 -29.894 23.651 10.697  6.721  0.247 -7.896 -7.043 14.764  -0.05
 729851825 3 5 8 725778.767625779.7051
 15.173 -0.253  5.418  5.180-34.979-21.662  0.677  3.523  5.839
 -29.894 23.651 10.697  6.721  0.247 -7.896 -7.043 14.764  -0.05
 729851825 1 2 3 525778.767625779.7051
 14.214  0.199-13.873-14.059-45.418-33.000  2.084  4.377-14.150
 -45.663  6.307  5.498  0.545  1.120 49.359-21.577 14.129  -0.23
 729851825 1 2 3 525778.767625779.7051
 13.972  0.112-13.707-13.812-46.187-33.996  0.050  0.227-14.150
 -45.663  6.307  5.498  0.545  1.120 49.359-21.577 14.129  -0.23
 730851656 4 3 7 725779.705125780.6855
 14.669  0.232  5.989  6.217-13.232  0.192  2.754  0.805  5.794
 -16.960 10.697  7.627  6.968 -4.412 -7.043 -0.151 16.034   0.40
 730851656 4 3 7 725779.705125780.6855
 14.167 -0.006  6.258  6.253-15.326 -2.394  3.894  6.466  5.794
 -16.960 10.697  7.627  6.968 -4.412 -7.043 -0.151 16.034   0.40
 730851656 4 3 7 725779.705125780.6855
 14.425  0.209  6.048  6.253-15.579 -2.394  0.050  6.466  5.794
 -16.960 10.697  7.627  6.968 -4.412 -7.043 -0.151 16.034   0.40
 730851656 4 3 7 725779.705125780.6855
 14.101 -0.189  4.633  4.448-15.844 -2.977  0.235  0.050  5.794
 -16.960 10.697  7.627  6.968 -4.412 -7.043 -0.151 16.034   0.40
 730851656 1 4 5 325779.705125780.6855
 13.056 -0.414-14.059-13.654-33.000-21.157  4.377  0.855-13.934
 -33.325  5.498 13.896  1.665 -0.643-21.577-28.398 14.261   0.16
 730851656 1 4 5 325779.705125780.6855
 13.465 -0.715-14.039-13.338-33.588-21.344  0.397  0.050-13.934
 -33.325  5.498 13.896  1.665 -0.643-21.577-28.398 14.261   0.16
 730851656 1 4 5 325779.705125780.6855
 13.881 -0.483-13.812-13.338-33.996-21.344  0.227  0.050-13.934
 -33.325  5.498 13.896  1.665 -0.643-21.577-28.398 14.261   0.16
 731851628 2 5 7 525780.685525781.6914
 14.558 -0.110  5.833  5.722 -1.627 12.038  0.050  0.050  6.188
  -2.197  7.627  1.429  2.557 -2.188 -0.151-21.318 14.639  -0.11
 731851628 2 5 7 525780.685525781.6914
 14.876 -0.089  6.253  6.163 -2.394 11.591  6.466  0.997  6.188
  -2.197  7.627  1.429  2.557 -2.188 -0.151-21.318 14.639  -0.11
 731851628 1 2 3 425780.685525781.6914
 13.972  0.132-14.122-14.255-20.240 -7.166 12.992 13.741-14.091
 -20.301 13.896 14.257  1.022  1.678-28.398 14.399 13.935   0.19
 731851628 1 2 3 425780.685525781.6914
 13.853  0.246-13.654-13.901-21.157 -8.202  0.855  0.189-14.091
 -20.301 13.896 14.257  1.022  1.678-28.398 14.399 13.935   0.19
 8 1851637 4 1 5 325781.691425782.6777
 12.526 -1.171  5.961  4.808 11.964 23.335  0.012  0.050  6.079
  11.549  1.429  1.788  0.369  1.674-21.318-24.820 14.595  -0.77
 8 1851637 4 1 5 325781.691425782.6777
 12.451 -0.928  5.722  4.808 12.038 23.335  0.050  0.050  6.079
  11.549  1.429  1.788  0.369  1.674-21.318-24.820 14.595  -0.77
 8 1851637 4 1 5 325781.691425782.6777
 12.394 -1.249  5.448  4.218 11.822 23.063  0.050  0.050  6.079
  11.549  1.429  1.788  0.369  1.674-21.318-24.820 14.595  -0.77
 8 1851637 4 1 5 325781.691425782.6777
 13.220 -1.185  5.975  4.808 11.280 23.335  0.319  0.050  6.079
  11.549  1.429  1.788  0.369  1.674-21.318-24.820 14.595  -0.77
 8 1851637 4 1 5 325781.691425782.6777
 12.904 -1.376  6.163  4.808 11.591 23.335  0.997  0.050  6.079
  11.549  1.429  1.788  0.369  1.674-21.318-24.820 14.595  -0.77
 8 1851637 1 3 4 525781.691425782.6777
 14.037  0.229-14.255-14.480 -7.166  5.693 13.741 12.956-14.280
  -7.263 14.257 15.093  2.700 -1.914 14.399 37.293 14.043   0.27
 8 1851637 1 3 4 525781.691425782.6777
 13.871  0.098-15.616-15.713 -9.560  3.136  0.050  0.050-14.280
  -7.263 14.257 15.093  2.700 -1.914 14.399 37.293 14.043   0.27
 8 2851615 1 2 3 325782.677725783.6465
 14.904  0.294  5.370  5.655 25.061 38.552  1.688  0.170  5.322
  24.957  1.788  0.483  2.043  0.142-24.820-14.134 13.590  -0.01
 8 2851615 1 2 3 325782.677725783.6465
 15.239  0.277  4.808  5.077 23.335 37.149  0.050  0.050  5.322
  24.957  1.788  0.483  2.043  0.142-24.820-14.134 13.590  -0.01
 8 2851615 1 4 51025782.677725783.6465
 14.438  0.157-14.480-14.632  5.693 18.732 12.956  3.690-14.548
   5.602 15.093 11.636  0.785  0.547 37.293 42.143 14.103   0.22
 8 2851615 1 4 51025782.677725783.6465
 15.043  0.051-15.713-15.762  3.136 16.761  0.050  0.050-14.548
   5.602 15.093 11.636  0.785  0.547 37.293 42.143 14.103   0.22
 8 2851615 1 4 51025782.677725783.6465
 14.742  0.159-15.342-15.496  3.636 16.969  0.050  0.763-14.548
   5.602 15.093 11.636  0.785  0.547 37.293 42.143 14.103   0.22
 8 2851615 1 4 51025782.677725783.6465
 14.733  0.177-14.924-15.096  3.629 16.954  0.123  0.195-14.548
   5.602 15.093 11.636  0.785  0.547 37.293 42.143 14.103   0.22
 8 3851530 2 810 225783.646525784.6895
 14.802 -0.015-14.593-14.577 18.142 32.561  2.034  7.039-14.757
  18.316 11.636  7.089  1.332  1.113 42.143 54.290 14.625  -0.16
 8 3851530 2 810 225783.646525784.6895
 14.237 -0.053-14.632-14.577 18.732 32.561  3.690  7.039-14.757
  18.316 11.636  7.089  1.332  1.113 42.143 54.290 14.625  -0.16
 8 3851530 2 810 225783.646525784.6895
 14.387  0.246-14.320-14.577 18.575 32.561  4.164  7.039-14.757
  18.316 11.636  7.089  1.332  1.113 42.143 54.290 14.625  -0.16
 8 3851530 2 810 225783.646525784.6895
 14.438  0.375-16.172-16.563 17.047 31.086  0.147  0.050-14.757
  18.316 11.636  7.089  1.332  1.113 42.143 54.290 14.625  -0.16
 8 3851530 2 810 225783.646525784.6895
 15.071 -0.017-16.580-16.563 16.387 31.086  0.050  0.050-14.757
  18.316 11.636  7.089  1.332  1.113 42.143 54.290 14.625  -0.16
 8 4851632 1 1 2 225784.689525785.7168
 13.646  0.147-14.577-14.729 32.561 45.581  7.039 10.099-14.591
  32.551  7.089 10.415  2.446 -0.383 54.290 66.395 13.631   0.19
 8 4851632 1 1 2 225784.689525785.7168
 14.250  0.054-16.563-16.618 31.086 44.727  0.050  0.316-14.591
  32.551  7.089 10.415  2.446 -0.383 54.290 66.395 13.631   0.19
 8 5851712 1 1 2 525785.716825786.6914
 15.032 -0.178-16.618-16.445 44.727 58.429  0.316  0.365-14.786
  45.555 10.415 19.872  2.062  0.286 66.395 54.445 14.922  -0.23
1014852127 1 1 2 125855.894525856.6895
 13.563  0.501-16.557-16.956 19.836 29.854  1.955  0.901-16.541
  19.733  2.005  0.901  4.011 -4.011 -8.956  0.000 13.692   0.52
10168521 4 1 5 6 525857.877025858.7910
 14.924  0.281  4.942  5.199-52.249-39.511  5.883  6.636  4.337
 -51.897 30.078 19.884  1.000  0.308 55.784 24.306 14.296   0.68
10168521 4 1 5 6 525857.877025858.7910
 14.765  0.215  5.540  5.736-52.168-39.576  0.322  0.050  4.337
 -51.897 30.078 19.884  1.000  0.308 55.784 24.306 14.296   0.68
10168521 4 1 5 6 525857.877025858.7910
 14.829  0.532  5.144  5.631-53.391-40.740  0.364  1.794  4.337
 -51.897 30.078 19.884  1.000  0.308 55.784 24.306 14.296   0.68
10168521 4 1 5 6 525857.877025858.7910
 15.454  0.279  4.922  5.177-53.892-40.669  0.050  1.977  4.337
 -51.897 30.078 19.884  1.000  0.308 55.784 24.306 14.296   0.68
10178519 0 3 2 5 825858.791025859.7910
 14.952  0.324  5.177  5.500-40.669-26.723  1.977  2.371  4.956
 -39.733 19.884 28.535  1.308 -0.443 24.306 35.517 14.482  -0.11
10178519 0 3 2 5 825858.791025859.7910
 15.023 -0.131  5.631  5.500-40.740-26.723  1.794  2.371  4.956
 -39.733 19.884 28.535  1.308 -0.443 24.306 35.517 14.482  -0.11
10178519 0 3 2 5 825858.791025859.7910
 15.025  0.321  5.736  6.057-39.576-25.557  0.050  0.498  4.956
 -39.733 19.884 28.535  1.308 -0.443 24.306 35.517 14.482  -0.11
10178519 0 3 2 5 825858.791025859.7910
 14.452  0.031  4.607  4.638-39.502-26.055  9.428 19.161  4.956
 -39.733 19.884 28.535  1.308 -0.443 24.306 35.517 14.482  -0.11
10178519 0 1 3 4 225858.791025859.7910
 14.772  0.021  5.043  5.064-46.546-32.780  0.579  0.050  4.941
 -46.656  0.729  0.976  0.729 -0.131-43.249-42.806 14.464  -0.26
10178519 0 1 3 4 225858.791025859.7910
 15.356  0.129  4.935  5.064-47.129-32.780  0.050  0.050  4.941
 -46.656  0.729  0.976  0.729 -0.131-43.249-42.806 14.464  -0.26
10178519 0 1 3 4 225858.791025859.7910
 15.140  0.431  4.227  4.658-47.354-33.220  0.050  0.926  4.941
 -46.656  0.729  0.976  0.729 -0.131-43.249-42.806 14.464  -0.26
10178519 0 1 3 4 225858.791025859.7910
 14.539  0.188  4.470  4.658-46.754-33.220  0.050  0.926  4.941
 -46.656  0.729  0.976  0.729 -0.131-43.249-42.806 14.464  -0.26
10178519 0 1 1 2 525858.791025859.7910
 15.522  0.986  4.798  5.783-57.669-43.154  1.732  0.114  4.742
 -59.457  6.362  8.598  2.448  0.848 -1.816  4.676 16.123   0.67
1018851858 4 4 8 525859.791025860.7695
 14.237 -1.399  5.500  4.129-26.723-13.740  2.371  1.669  4.842
 -26.256 28.535 20.453  0.866  0.072 35.517-13.741 14.441  -0.57
1018851858 4 4 8 525859.791025860.7695
 14.046 -1.191  7.015  5.848-25.347-12.550  0.050  2.353  4.842
 -26.256 28.535 20.453  0.866  0.072 35.517-13.741 14.441  -0.57
1018851858 1 1 2 325859.791025860.7695
 13.267 -1.484  4.658  3.204-33.220-21.187  0.926  0.050  4.679
 -33.197  0.976  0.150  0.598  0.331-42.806 18.694 12.645  -1.30
1018851858 1 1 2 325859.791025860.7695
 12.818 -1.899  5.064  3.204-32.780-21.187  0.050  0.050  4.679
 -33.197  0.976  0.150  0.598  0.331-42.806 18.694 12.645  -1.30
1018851858 3 2 5 825859.791025860.7695
 15.031 -0.893  5.252  4.378-42.978-29.216  4.611  3.543  5.413
 -44.341  8.598 10.925  3.296  1.518  4.676  1.377 15.261  -0.23
1018851858 3 2 5 825859.791025860.7695
 14.643 -0.791  5.574  4.799-46.403-33.021  2.616  0.050  5.413
 -44.341  8.598 10.925  3.296  1.518  4.676  1.377 15.261  -0.23
1018851858 3 2 5 825859.791025860.7695
 15.375 -0.911  5.691  4.799-47.120-33.021  0.375  0.050  5.413
 -44.341  8.598 10.925  3.296  1.518  4.676  1.377 15.261  -0.23
11 5851649 5 3 81225877.701225878.6934
 14.680  0.483 11.758 12.237 38.949 52.539  0.109  0.050 14.232
  37.326  9.297 11.805  3.044  1.797 28.524 20.785 13.656  -0.56
11 5851649 5 3 81225877.701225878.6934
 14.309  0.397 11.843 12.237 39.318 52.539  0.104  0.050 14.232
  37.326  9.297 11.805  3.044  1.797 28.524 20.785 13.656  -0.56
11 5851649 5 3 81225877.701225878.6934
 14.300  0.047 12.676 12.722 39.879 53.091  0.050  0.050 14.232
  37.326  9.297 11.805  3.044  1.797 28.524 20.785 13.656  -0.56
11 5851649 5 3 81225877.701225878.6934
 14.119 -0.003 12.943 12.940 39.726 52.759  0.220  0.050 14.232
  37.326  9.297 11.805  3.044  1.797 28.524 20.785 13.656  -0.56
11 5851649 5 3 81225877.701225878.6934
 14.284  0.077 14.271 14.348 35.676 48.872  0.897  0.295 14.232
  37.326  9.297 11.805  3.044  1.797 28.524 20.785 13.656  -0.56
11 5851649 5 3 81225877.701225878.6934
 14.225  0.161 14.704 14.864 36.086 49.224  1.605  0.005 14.232
  37.326  9.297 11.805  3.044  1.797 28.524 20.785 13.656  -0.56
1113851918 3 3 6 325885.804725886.8145
 13.894  0.039-10.161-10.200 -1.901 11.151  0.843  0.432 -9.876
  -2.798  1.551  0.905  4.063 -3.407-30.538-18.396 14.454   0.21
1113851918 3 3 6 325885.804725886.8145
 14.435  0.230 -9.968-10.200 -2.448 11.151  0.284  0.432 -9.876
  -2.798  1.551  0.905  4.063 -3.407-30.538-18.396 14.454   0.21
1113851918 4 4 8 925885.804725886.8145
 14.969 -0.448 -8.185 -7.731-40.464-26.325  6.670  4.405 -7.975
 -42.247 25.376 21.764  3.278  1.871 -9.619 -7.711 13.124  -0.34
1113851918 4 4 8 925885.804725886.8145
 15.131 -0.276 -7.968 -7.689-40.981-26.679  4.556  0.882 -7.975
 -42.247 25.376 21.764  3.278  1.871 -9.619 -7.711 13.124  -0.34
1113851918 4 4 8 925885.804725886.8145
 14.747 -0.264 -8.385 -8.118-41.425-27.510  2.500  2.953 -7.975
 -42.247 25.376 21.764  3.278  1.871 -9.619 -7.711 13.124  -0.34
1113851918 4 4 8 925885.804725886.8145
 15.487 -0.446 -8.569 -8.118-42.173-27.510  1.573  2.953 -7.975
 -42.247 25.376 21.764  3.278  1.871 -9.619 -7.711 13.124  -0.34
1113851918 4 4 8 925885.804725886.8145
 15.395 -0.196 -8.938 -8.740-43.619-29.049  1.225  1.662 -7.975
 -42.247 25.376 21.764  3.278  1.871 -9.619 -7.711 13.124  -0.34
1113851918 1 1 2 125885.804725886.8145
 14.076  0.113  2.906  3.020-46.896-33.659  2.248  0.050  2.902
 -46.936  2.298  0.050  1.875 -1.875 -5.118  0.000 14.116   0.12
1114851934 4 5 9 925886.814525887.9336
 15.934  0.502 -7.731 -8.294-26.325 -9.602  4.405  0.424 -7.636
 -29.974 21.764 23.016  5.150  1.900 -7.711 -3.815 16.887   0.73
1114851934 4 5 9 925886.814525887.9336
 15.168  0.482 -7.689 -8.229-26.679-10.812  0.882  0.461 -7.636
 -29.974 21.764 23.016  5.150  1.900 -7.711 -3.815 16.887   0.73
1114851934 4 5 9 925886.814525887.9336
 15.658  0.139 -8.118 -8.273-27.510-11.095  2.953  2.715 -7.636
 -29.974 21.764 23.016  5.150  1.900 -7.711 -3.815 16.887   0.73
1114851934 4 5 9 925886.814525887.9336
 15.763  0.211 -8.740 -8.977-29.049-12.517  1.662  0.406 -7.636
 -29.974 21.764 23.016  5.150  1.900 -7.711 -3.815 16.887   0.73
1114851934 4 5 9 925886.814525887.9336
 15.734  0.073 -5.938 -6.019-31.002-14.502  0.050  0.250 -7.636
 -29.974 21.764 23.016  5.150  1.900 -7.711 -3.815 16.887   0.73
1115852225 4 5 9 625887.933625888.8320
 14.659  0.097 -8.712 -8.799 -9.476  2.792 11.722 11.172 -8.452
 -12.184 23.016 18.693  7.050 -0.374 -3.815 -3.387 14.668   0.21
1115852225 4 5 9 625887.933625888.8320
 14.799  0.563 -8.294 -8.799 -9.602  2.792  0.424 11.172 -8.452
 -12.184 23.016 18.693  7.050 -0.374 -3.815 -3.387 14.668   0.21
1115852225 4 5 9 625887.933625888.8320
 15.151  0.295 -8.273 -8.538-11.095  1.614  2.715  0.050 -8.452
 -12.184 23.016 18.693  7.050 -0.374 -3.815 -3.387 14.668   0.21
1115852225 4 5 9 625887.933625888.8320
 14.835  0.344 -8.229 -8.538-10.812  1.614  0.461  0.050 -8.452
 -12.184 23.016 18.693  7.050 -0.374 -3.815 -3.387 14.668   0.21
1115852225 4 5 9 625887.933625888.8320
 14.845  0.377 -8.076 -8.414-17.556 -5.121  6.332  2.673 -8.452
 -12.184 23.016 18.693  7.050 -0.374 -3.815 -3.387 14.668   0.21
1116851957 2 4 6 125888.832025889.9316
 17.089  0.365 -8.747 -9.149 -0.014 17.711  1.906 10.792 -8.640
   0.093 18.693 10.792  6.676 -6.676 -3.387  0.000 16.992   0.46
1116851957 1 3 4 125888.832025889.9316
 17.626  0.288  1.072  1.389-31.203-12.886  0.602  0.050  1.178
 -30.574  1.855  0.050  2.552 -2.552 -2.724  0.000 17.055   0.19
1117852222 0 0 1 525889.931625890.7539
 14.742  0.411 -9.149 -9.487 17.711 29.032 10.792  4.943 -9.149
  17.711 10.792  6.930  0.000  0.588  0.000 12.703 14.539   0.46
1117852222 1 1 2 225889.931625890.7539
 13.845  1.235 -7.952 -8.969 11.233 21.816  0.450  1.608 -8.183
  10.922  0.614  1.748  1.441 -0.993 36.889-27.515 14.184   0.93
1117852222 0 0 1 125889.931625890.7539
 15.437  0.076  1.389  1.451-12.886 -0.993  0.050  0.920  1.389
 -12.886  0.050  0.920  0.000  0.000  0.000  0.000 15.437   0.08
11188518 7 1 4 5 425890.753925891.7500
 14.505  0.170 -9.487 -9.656 29.032 42.495  4.943  5.266 -9.524
  28.865  6.930  6.300  0.588  0.919 12.703 -4.859 14.421   0.11
11188518 7 1 4 5 425890.753925891.7500
 14.909  0.042 -9.614 -9.656 28.629 42.495  1.837  5.266 -9.524
  28.865  6.930  6.300  0.588  0.919 12.703 -4.859 14.421   0.11
11188518 7 1 4 5 425890.753925891.7500
 14.437 -0.073 -9.791 -9.719 28.233 41.628  0.050  0.872 -9.524
  28.865  6.930  6.300  0.588  0.919 12.703 -4.859 14.421   0.11
11188518 7 1 1 2 325890.753925891.7500
 14.433 -0.864 -8.969 -8.109 21.816 35.208  1.608  0.050 -8.952
  21.784  1.748  0.150  0.448  0.925-27.515-74.595 14.494  -0.73
11188518 7 1 1 2 325890.753925891.7500
 14.837 -0.656 -8.762 -8.109 21.414 35.208  0.139  0.050 -8.952
  21.784  1.748  0.150  0.448  0.925-27.515-74.595 14.494  -0.73
11188518 7 0 0 1 125890.753925891.7500
 14.435  0.252  1.451  1.703 -0.993 12.401  0.920  1.266  1.451
  -0.993  0.920  1.266  0.000  0.000  0.000  0.000 14.435   0.25
11198518 0 1 3 4 325891.750025892.6973
 15.311 -0.172 -9.656 -9.493 42.495 56.066  5.266  3.603 -9.635
  42.245  6.300  3.703  1.507  0.125 -4.859  8.651 15.528  -0.14
11198518 0 1 3 4 325891.750025892.6973
 15.309 -0.097 -9.719 -9.627 41.628 55.198  0.872  0.050 -9.635
  42.245  6.300  3.703  1.507  0.125 -4.859  8.651 15.528  -0.14
11198518 0 1 3 4 325891.750025892.6973
 14.865  0.017 -9.834 -9.850 40.512 53.662  0.050  0.050 -9.635
  42.245  6.300  3.703  1.507  0.125 -4.859  8.651 15.528  -0.14
12 48517 3 3 1 4 625906.710925907.7168
 14.869  0.000 18.443 18.443 29.323 43.286  0.483  1.751 19.574
  26.951  2.359  4.320  3.595  0.329 30.273 19.530 15.263  -0.41
12 48517 3 3 1 4 625906.710925907.7168
 15.324  0.317 18.124 18.443 28.866 43.286  0.296  1.751 19.574
  26.951  2.359  4.320  3.595  0.329 30.273 19.530 15.263  -0.41
1213851941 0 0 11825915.820325916.9141
 11.905 -1.953  4.156  2.020 -9.648  2.299  4.277  0.232  4.156
  -9.648  4.277 16.219  0.000  5.432  0.000-25.858 11.877  -1.28
1213851941 2 1 3 925915.820325916.9141
 15.128  0.102-10.101-10.213-32.378-16.905  0.388  2.398 -9.377
 -34.565  1.252  8.443  3.451  1.291-16.907-15.618 14.186  -0.07
1213851941 2 1 3 925915.820325916.9141
 14.859  0.503 -9.476-10.027-32.469-17.291  0.050  0.282 -9.377
 -34.565  1.252  8.443  3.451  1.291-16.907-15.618 14.186  -0.07
1213851941 2 1 3 925915.820325916.9141
 15.082  0.507 -9.026 -9.580-35.735-20.313  0.814  0.050 -9.377
 -34.565  1.252  8.443  3.451  1.291-16.907-15.618 14.186  -0.07
1214852156 612181725916.914125917.9551
 15.014 -0.044  2.029  1.983  2.723 17.339  1.139  0.050  2.757
   2.268 16.219  9.338  5.432 -0.389-25.858-21.296 13.829  -0.56
1214852156 612181725916.914125917.9551
 15.420 -0.035  2.020  1.983  2.299 17.339  0.232  0.050  2.757
   2.268 16.219  9.338  5.432 -0.389-25.858-21.296 13.829  -0.56
1214852156 612181725916.914125917.9551
 15.234 -0.118  1.904  1.781  2.125 16.972  0.157  0.645  2.757
   2.268 16.219  9.338  5.432 -0.389-25.858-21.296 13.829  -0.56
1214852156 612181725916.914125917.9551
 15.228  0.164  1.189  1.360  1.860 16.700  0.050  0.050  2.757
   2.268 16.219  9.338  5.432 -0.389-25.858-21.296 13.829  -0.56
1214852156 612181725916.914125917.9551
 15.753  0.229  0.933  1.171  1.511 16.898  0.050  0.143  2.757
   2.268 16.219  9.338  5.432 -0.389-25.858-21.296 13.829  -0.56
1214852156 612181725916.914125917.9551
 15.522  0.110 -0.031  0.145 -1.164 13.983  0.279  0.496  2.757
   2.268 16.219  9.338  5.432 -0.389-25.858-21.296 13.829  -0.56
1214852156 612181725916.914125917.9551
 14.897 -0.087  1.572  1.481 -0.345 14.151  2.525  0.050  2.757
   2.268 16.219  9.338  5.432 -0.389-25.858-21.296 13.829  -0.56
1214852156 612181725916.914125917.9551
 15.082 -0.185  1.711  1.518 -1.008 13.680  1.094  0.050  2.757
   2.268 16.219  9.338  5.432 -0.389-25.858-21.296 13.829  -0.56
1214852156 612181725916.914125917.9551
 15.606  0.082  1.433  1.518 -1.554 13.680  1.542  0.050  2.757
   2.268 16.219  9.338  5.432 -0.389-25.858-21.296 13.829  -0.56
1214852156 4 5 91525916.914125917.9551
 15.138 -0.042-10.213-10.169-16.905 -2.159  2.398  0.420 -9.299
 -20.123  8.443 23.571  4.742 -0.885-15.618  7.895 13.839  -0.02
1214852156 4 5 91525916.914125917.9551
 15.267 -0.127-10.027 -9.894-17.291 -2.410  0.282  1.544 -9.299
 -20.123  8.443 23.571  4.742 -0.885-15.618  7.895 13.839  -0.02
1214852156 4 5 91525916.914125917.9551
 15.517  0.267 -9.584 -9.861-17.955 -2.815  0.050  0.050 -9.299
 -20.123  8.443 23.571  4.742 -0.885-15.618  7.895 13.839  -0.02
1214852156 4 5 91525916.914125917.9551
 15.364  0.252 -8.718 -8.980-20.011 -5.030  0.050  0.050 -9.299
 -20.123  8.443 23.571  4.742 -0.885-15.618  7.895 13.839  -0.02
1214852156 4 5 91525916.914125917.9551
 15.227 -0.121 -9.763 -9.637-21.631 -6.792  0.050  0.693 -9.299
 -20.123  8.443 23.571  4.742 -0.885-15.618  7.895 13.839  -0.02
1214852156 4 5 91525916.914125917.9551
 15.402  0.247 -9.380 -9.637-21.813 -6.792  2.090  0.693 -9.299
 -20.123  8.443 23.571  4.742 -0.885-15.618  7.895 13.839  -0.02
1214852156 4 5 91525916.914125917.9551
 15.712  0.179 -8.503 -8.689-21.424 -6.080  2.713  3.750 -9.299
 -20.123  8.443 23.571  4.742 -0.885-15.618  7.895 13.839  -0.02
121585225611 6171125917.955125918.7578
 14.531 -0.122  3.574  3.476 19.046 29.914  0.050  7.478  2.177
  15.650  9.338 24.766  5.043  0.958-21.296-22.638 14.713  -0.72
121585225611 6171125917.955125918.7578
 14.918 -0.212  1.781  1.612 16.972 28.150  0.645  2.582  2.177
  15.650  9.338 24.766  5.043  0.958-21.296-22.638 14.713  -0.72
121585225611 6171125917.955125918.7578
 14.460 -0.463  1.983  1.612 17.339 28.150  0.050  2.582  2.177
  15.650  9.338 24.766  5.043  0.958-21.296-22.638 14.713  -0.72
121585225611 6171125917.955125918.7578
 14.723 -0.407  2.285  1.958 17.927 28.949  0.050  1.226  2.177
  15.650  9.338 24.766  5.043  0.958-21.296-22.638 14.713  -0.72
121585225611 6171125917.955125918.7578
 14.487 -0.141  2.072  1.958 18.117 28.949  0.050  1.226  2.177
  15.650  9.338 24.766  5.043  0.958-21.296-22.638 14.713  -0.72
121585225611 6171125917.955125918.7578
 15.069 -0.493  1.308  0.912 12.861 24.159  3.288  3.197  2.177
  15.650  9.338 24.766  5.043  0.958-21.296-22.638 14.713  -0.72
121585225611 6171125917.955125918.7578
 14.943 -0.136  0.892  0.783 12.271 23.469  0.138  3.022  2.177
  15.650  9.338 24.766  5.043  0.958-21.296-22.638 14.713  -0.72
121585225611 6171125917.955125918.7578
 15.140 -0.244  0.267  0.072 12.474 23.830  0.050  5.162  2.177
  15.650  9.338 24.766  5.043  0.958-21.296-22.638 14.713  -0.72
1217851637 2 1 3 225919.691425920.6992
 14.313  0.834  0.541  1.382 36.236 49.669  0.050  0.050  0.965
  35.635  2.055  0.100  1.555 -1.193 45.770-56.346 14.810   0.26
