 1 1752219 0 0 1 221916.929721917.7480
 13.918 -0.186 -8.509-13.969 -3.384 14.352  4.625  0.000  0.000
   0.000  0.000  0.000  0.000  0.000  0.000  0.000 -3.565   0.00
 1 1752219 1 1 2 121916.929721917.7480
 14.363  0.125 -9.267-21.392-10.443  1.096  1.927 -2.378 -2.028
 -19.432-21.485 -9.347 -9.263  0.050  1.046  0.000  0.000   0.00
 1 2751757 1 1 2 221917.748021918.7344
 14.288 -0.136 -8.357 -3.384  9.749  4.625  8.663 11.921  0.294
  -3.014 -3.565 -8.279 -8.394  1.516  3.109 10.274  9.443   2.80
 1 2751757 1 1 2 221917.748021918.7344
 13.690 -0.076  4.205-51.689-39.147  7.058  5.721-32.230 -0.011
 -51.679-53.123  4.211  3.303  7.008  0.050-39.134-40.609   2.64
 1 3751737 1 1 2 321918.734421919.7793
 14.514  0.272 -8.223  9.749 23.875  8.663  4.316 14.718  0.924
  10.274  9.443 -8.086 -8.302  3.193  5.470 24.484 22.883  12.07
 1 3751737 1 1 2 121918.734421919.7793
 14.259  0.467  4.129-39.147-25.286  5.721  4.407-29.587 -1.692
 -39.134-40.609  4.137  3.301  5.671  0.050  0.000  0.000   0.00
 1 4751841 0 0 1 121919.779321920.8750
 14.072  0.376  4.617-25.286-10.929  4.407  4.518  0.000  0.000
   0.000  0.000  0.000  0.000  0.000  0.000  0.000  0.000   0.00
 1 57521 0 0 0 1 121920.875021921.9258
 14.673  0.411  5.029-10.929  3.469  4.518  6.780  0.000  0.000
   0.000  0.000  0.000  0.000  0.000  0.000  0.000  0.000   0.00
 1 57521 0 1 2 3 521920.875021921.9258
 14.226 -0.740  9.915 36.173 50.101  6.704 21.150  8.268  1.924
  36.309 35.858  9.896  9.960  4.679  2.024 50.533 48.168   1.96
 1 9751918 1 2 3 321924.804721925.7520
 14.026 -0.049 13.736-52.803-40.427 27.223 13.237 57.339 -0.856
 -52.622-53.468 13.462 14.744 21.398  5.825-40.217-40.718 -14.22
 1 9751918 1 2 3 421924.804721925.7520
 13.945 -0.025  4.935 42.264 54.563 14.496 17.739-65.917  1.648
  42.499 42.191  5.461  4.773  3.426 11.070 55.100 52.903  90.18
 1107518 4 1 2 3 221925.752021926.8965
 13.885  0.280 13.690-40.427-25.665 13.237 21.236 43.119  0.184
 -40.217-40.718 13.499 13.955  7.694  5.543-25.478-25.835  22.86
 114751945 4 3 7 521929.822321930.7832
 13.480 -0.012  1.728 -0.269 11.737 11.505  5.853 -1.832  1.578
   0.855 -0.887  1.764  1.708  4.081  7.423 14.287 10.982   7.56
 114751945 2 2 4 221929.822321930.7832
 14.373 -0.097 13.845 12.691 25.555 12.769 32.167 37.810 -0.578
  12.732 11.649 13.814 14.630 12.288  0.481 25.571 24.967   1.10
 115751848 1 1 2 121930.783221931.7656
 13.955  0.113 13.752 25.555 38.297 32.167 21.008 38.911 -0.753
  25.571 24.967 13.740 14.213 31.332  0.836  0.000  0.000   0.00
 116751822 0 0 1 121931.765621932.7793
 14.054 -0.227 13.863 38.297 51.563 21.008 21.067  0.000  0.000
   0.000  0.000  0.000  0.000  0.000  0.000  0.000  0.000   0.00
 117751843 2 7 9 321932.779321933.8047
 15.422 -0.161  6.456-17.580 -2.786 17.954 13.371  0.320  1.400
 -15.816-19.371  6.446  6.466  9.048  8.906 -0.753 -5.705   3.46
 118751918 1 2 3 421933.804721934.7891
 15.846 -0.040  6.291 -2.786 11.855 13.371 10.200  3.780  0.421
  -0.753 -5.705  6.158  6.483  7.883  5.489 12.748  7.368  -6.42
 119751856 1 3 4 521934.789121935.8027
 15.096 -0.196  6.252 11.855 26.159 10.200  5.740 -2.636 -0.604
  12.748  7.368  6.293  6.046  8.506  1.694 26.487 21.750   9.93
 3 1751740 1 3 4 921975.736321976.8301
 14.792 -1.019 10.416 29.036 44.141 12.390 13.048 50.549  3.608
  29.452 28.777  9.919 10.726  4.749  7.641 46.305 41.618 -44.25
 316751853 3 2 5 721990.787121991.7715
 14.021  0.166-14.573 44.987 57.804 27.172 51.860 -1.130 -2.125
  47.443 41.306-14.620-14.503 16.295 10.877 60.379 56.600  17.84
 427751655 1 1 2 322032.705122033.7148
 14.507 -0.413  1.605-49.054-35.401  7.530  1.830-53.352  2.542
 -49.044-50.528  1.619 -0.375  7.480  0.050-35.177-39.278  88.71
 5 2751721 3 4 7 322037.722722039.0020
 13.336  0.566-11.627-20.159 -4.370 12.195  8.251 20.713 -5.904
 -16.283-22.685-10.191-12.563  4.812  7.383 -4.027 -4.551  29.53
 5 2751721 2 4 6 122037.722722039.0020
 17.136 -0.608 -8.021 31.876 52.523 44.409 15.024  8.461 -6.237
  34.968 28.738 -7.565 -8.483 22.367 22.042  0.000  0.000   0.00
 5 475 0 1 1 1 2 322039.002022039.7090
 14.833  0.353 -8.483 45.300 55.091 18.603 13.381 -2.896 -0.402
  46.809 45.243 -8.558 -8.480  0.676 17.927 55.683 54.533  -5.14
 5 475 0 1 1 2 3 122039.002022039.7090
 14.355  0.764-12.351 -4.370  5.082  8.251  5.880 50.241 -0.800
  -4.027 -4.551-11.947-12.563  2.843  5.408  0.000  0.000   0.00
 623751930 5 2 7 622089.812522090.9336
 13.065  0.866-11.037 21.065 34.619  9.483  7.799 -4.784  0.936
  22.355 18.710-11.143-10.843  6.128  3.355 38.452 34.114  25.15
 624752225 1 1 2 422090.933622091.6680
 14.762 -0.362 -6.205 35.232 45.348  7.815  8.796 17.709  1.392
  35.627 33.638 -6.080 -6.711  6.263  1.552 46.104 42.951   7.57
 624752225 2 4 6 222090.933622091.6680
 12.058 -0.634-12.008 34.619 42.750  7.799  4.577 20.364 -4.114
  38.452 34.114-10.616-12.191  0.907  6.892 42.832 42.413 -23.20
 6257516 2 2 1 3 122091.668022092.6602
 14.682 -0.470  6.761-52.402-38.795 34.720 36.722 57.329 -0.769
 -52.377-52.795  6.722  7.369 32.613  2.107  0.000  0.000   0.00
 6257516 2 1 1 2 722091.668022092.6602
 16.619 -0.454-11.542 42.750 58.281  4.577 20.865 -2.836  2.526
  42.832 42.413-11.546-11.526  3.683  0.894 60.006 57.328  29.39
 6257516 2 2 2 4 122091.668022092.6602
 12.059  1.049 -5.940 45.348 56.350  8.796  0.831 25.281 -3.467
  46.104 42.951 -5.585 -7.066  6.688  2.108  0.000  0.000   0.00
 626751552 0 0 1 122092.660222093.8887
 14.571 -0.040  6.294-38.795-22.108 36.722 40.778  0.000  0.000
   0.000  0.000  0.000  0.000  0.000  0.000  0.000  0.000   0.00
 627752120 0 0 1 522093.888722094.6523
 15.406 -0.981  8.125-30.300-19.300  3.195  3.951  0.000  0.000
   0.000  0.000  0.000  0.000  0.000  0.000  0.000-19.646   0.00
 627752120 0 0 1 122093.888722094.6523
 13.780  0.056  6.246-22.108-12.347 40.778 40.323  0.000  0.000
   0.000  0.000  0.000  0.000  0.000  0.000  0.000  0.000   0.00
 628751537 3 2 5 122094.652322095.7168
 13.107  0.547  7.377-19.300 -6.381  3.951  1.231 69.005 -1.351
 -19.158-19.646  7.010  8.272  2.803  1.148  0.000  0.000   0.00
 628751537 0 0 1 222094.652322095.7168
 14.301 -0.096  6.289-12.347  1.844 40.323 43.960  0.000  0.000
   0.000  0.000  0.000  0.000  0.000  0.000  0.000  0.130   0.00
 629751712 0 0 1 322095.716822096.7383
 15.812  0.334  7.960 -6.381  8.781  1.231  0.324  0.000  0.000
   0.000  0.000  0.000  0.000  0.000  0.000  0.000  8.029   0.00
 629751712 1 1 2 322095.716822096.7383
 14.444  0.126  6.186  1.844 15.607 43.960 36.335 -6.179  0.760
   1.895  0.130  6.192  6.002 42.675  1.285 15.614 13.144  -7.30
 630751744 1 2 3 222096.738322097.7051
 14.506  0.272  6.315 15.607 28.665 36.335 37.549-13.483  0.053
  15.614 13.144  6.317  5.728 36.235  0.100 28.666 26.243  -7.47
 7 1751653 1 1 2 422097.705122098.7363
 14.076 -0.159  6.577 28.665 42.171 37.549 48.317-20.950  0.202
  28.666 26.243  6.578  5.656 37.523  0.026 42.178 39.420  11.38
 7 2751738 1 3 4 322098.736322099.7500
 14.771 -0.113  6.414 42.171 56.155 48.317 48.062 -9.572 -0.504
  42.178 39.420  6.415  5.953 48.185  0.131 56.169 54.049 -12.59
 7 4751825 2 4 6 722100.767622101.7773
 15.131  0.474  5.154-56.199-41.920  9.713 17.274-49.140 -1.119
 -54.637-56.981  6.953  4.254  3.239  6.474-41.137-43.123  12.91
 7 5751837 1 2 3 122101.777322102.7480
 15.572 -0.405 -7.729-21.404 -7.236  3.555  4.749  8.980 -3.115
 -21.118-24.223 -7.684 -8.170  3.228  0.328  0.000  0.000   0.00
 7 5751837 4 3 7 122101.777322102.7480
 12.814 -1.473  5.632-41.920-30.430 17.274  0.640-36.232 -2.449
 -41.137-43.123  6.203  4.755 10.466  6.808  0.000  0.000   0.00
 7 6751756 0 0 1 522102.748022103.8848
 15.317  1.033  4.202-30.430-14.110  0.640 15.384  0.000  0.000
   0.000  0.000  0.000  0.000  0.000  0.000  0.000-15.957   0.00
 7 7752115 2 3 51422103.884822104.7461
 14.772  1.300  5.378-14.110 -2.252 15.384 11.486-20.510  0.763
 -13.295-15.957  5.682  4.690 10.671  4.714 -1.583 -4.829  -5.63
 7 8751752 5 9141022104.746122105.6641
 15.272  0.223  6.496 -2.252 10.890 11.486  8.192-26.137  0.358
  -1.583 -4.829  6.822  5.239  9.118  2.368 12.223  8.409   9.64
 7 9751556 3 7101922105.664122106.6328
 12.849 -1.361  6.701 10.890 22.373  8.192 29.776-16.496 -0.279
  12.223  8.409  7.093  5.971  5.329  2.862 24.452 20.805  25.00
 71075151010 9192422106.632822107.6914
 14.339  1.250  5.384 22.373 36.522 29.776 43.300  8.509  0.358
  24.452 20.805  5.075  5.618 12.804 16.972 38.757 34.722 -14.45
 711751635 2 4 6 322107.691422108.9141
 14.703 -0.603-12.501-46.613-29.819 16.545 17.296 -3.795  0.336
 -46.520-48.261-12.507-12.394 15.662  0.884-28.713-29.906  58.89
 7117516351014242022107.691422108.9141
 14.746  0.323  6.708 36.522 53.368 43.300 45.222 -5.936  1.593
  38.757 34.722  6.939  6.522 19.316 23.984 56.954 51.299   2.50
 712752157 1 2 3 222108.914122109.7676
 14.266 -0.297-11.763-29.819-18.479 17.296 12.912 55.091  0.174
 -28.713-29.906-10.212-11.884  1.252 16.043-17.139-18.656  -7.30
 713751826 1 1 2 122109.767622110.7305
 12.749 -0.991-11.509-18.479 -7.141 12.912  7.972 47.789 -2.213
 -17.139-18.656-10.061-11.701  1.509 11.403  0.000  0.000   0.00
 714751733 0 0 1 122110.730522111.7578
 14.459 -0.286-10.555 -7.141  6.695  7.972  8.262  0.000  0.000
   0.000  0.000  0.000  0.000  0.000  0.000  0.000  0.000   0.00
 714751733 4 1 5 322110.730522111.7578
 16.822 -1.364 -7.157-56.506-40.245 24.402 14.147 31.369  7.424
 -53.603-60.361 -5.400 -9.489 13.917 10.484-40.245-55.599 -30.71
 715751811 0 0 1 122111.757822112.7578
 14.285 -0.138-10.261  6.695 20.011  8.262  8.424  0.000  0.000
   0.000  0.000  0.000  0.000  0.000  0.000  0.000  0.000   0.00
 715751811 1 2 3 422111.757822112.7578
 13.039  0.645 -5.757-40.245-28.176 14.147 28.710  0.662 -8.388
 -40.245-55.599 -5.757 -5.934 14.147  0.253-26.966-33.153  26.14
 715751811 3 3 6 422111.757822112.7578
 15.278 -0.947 -7.350-42.485-28.176  0.549 28.710  8.276-90.354
  46.793-50.235  6.903 -7.095  7.573  0.388-26.966-33.153  18.53
 716751812 0 0 1 122112.757822113.7910
 14.528  0.104-10.123 20.011 34.013  8.424  7.212  0.000  0.000
   0.000  0.000  0.000  0.000  0.000  0.000  0.000  0.000   0.00
 716751812 1 3 41422112.757822113.7910
 13.956 -0.085 -6.402-28.176-14.766 28.710 50.126 26.806 -2.339
 -26.966-33.153 -5.795 -8.902 23.096  5.614-13.091-17.662 -23.80
 7177519 0 0 0 1 122113.791022114.7500
 14.213  0.089-10.231 34.013 46.696  7.212  8.679  0.000  0.000
   0.000  0.000  0.000  0.000  0.000  0.000  0.000  0.000   0.00
 7177519 0 0 0 1 122113.791022114.7500
 16.486 -0.049 -3.238 18.510 33.372  1.572  4.573  0.000  0.000
   0.000  0.000  0.000  0.000  0.000  0.000  0.000  0.000   0.00
 7177519 0 31114 422113.791022114.7500
 15.455 -0.471 -6.314-14.766 -0.893 50.126 26.985  3.007 -0.975
 -13.091-17.662 -6.227 -6.465 31.758 18.368 -0.241 -3.547 -26.04
 7187518 0 0 0 1 222114.750022115.7930
 16.082 -0.062 -3.191 33.372 49.136  4.573  3.845  0.000  0.000
   0.000  0.000  0.000  0.000  0.000  0.000  0.000 49.063   0.00
 7187518 0 1 3 4 622114.750022115.7930
 15.029  0.101 -5.862 -0.893 13.773 26.985 24.640-23.033 -1.326
  -0.241 -3.547 -6.138 -4.740 21.664  5.320 14.073 12.052  49.66
 7187518 0 0 0 1 122114.750022115.7930
 14.325  0.048 -8.977 -6.378  7.553  5.427  4.600  0.000  0.000
   0.000  0.000  0.000  0.000  0.000  0.000  0.000  0.000   0.00
 7197519 3 1 5 6 522115.793022116.8809
 14.644 -0.362 -5.968 13.773 28.625 24.640 30.104 26.623 -0.160
  14.073 12.052 -5.818 -6.826 20.984  3.656 28.858 27.668  28.85
 7197519 3 0 0 1 122115.793022116.8809
 14.416 -0.626 -9.027  7.553 22.157  4.600  7.455  0.000  0.000
   0.000  0.000  0.000  0.000  0.000  0.000  0.000  0.000   0.00
 7207521 7 2 3 5 122116.880922117.7734
 14.655 -1.255 -5.575 28.625 40.839 30.104 20.904 55.469 -2.089
  28.858 27.668 -5.238 -6.959 24.212  5.891  0.000  0.000   0.00
 7207521 7 0 0 1 122116.880922117.7734
 16.826  2.040 -2.632 26.687 40.839  0.174 20.904  0.000  0.000
   0.000  0.000  0.000  0.000  0.000  0.000  0.000  0.000   0.00
 721751834 0 0 1 122117.773422118.9043
 14.085 -1.474 -4.454 40.839 55.658 20.904 19.841  0.000  0.000
   0.000  0.000  0.000  0.000  0.000  0.000  0.000  0.000   0.00
 722752142 3 2 5 822118.904322119.6816
 14.872  1.298  7.959-31.341-20.535 20.394 25.427 20.785  1.445
 -30.005-32.785  7.456  8.502 10.593  9.801-18.113-22.336  -2.57
 722752142 1 1 2 122118.904322119.6816
 14.416  1.303  5.414-45.688-35.236 15.859  9.819  7.307 -2.836
 -45.636-48.461  5.408  5.768 15.566  0.293  0.000  0.000   0.00
 723751622 4 4 81022119.681622120.7227
 15.834  0.046  8.969-20.535 -5.080 25.427 25.830 18.216 -0.264
 -18.113-22.336  8.181  9.554 10.844 14.583 -2.870 -6.939  -5.08
 723751622 0 0 1 122119.681622120.7227
 14.537  1.290  6.428-35.236-21.131  9.819 11.070  0.000  0.000
   0.000  0.000  0.000  0.000  0.000  0.000  0.000  0.000   0.00
 724751720 0 0 1 122120.722722121.7598
 14.210 -0.135  7.770-21.131 -7.393 11.070 13.751  0.000  0.000
   0.000  0.000  0.000  0.000  0.000  0.000  0.000  0.000   0.00
 724751720 5 5101922120.722722121.7598
 14.074 -0.343  9.016 -5.080  8.515 25.830 21.698 13.133  0.931
  -2.870 -6.939  8.507  9.444 11.799 14.031 11.370  6.318  -4.09
 729751630 0 0 1 122125.687522126.6895
 14.049 -2.203 10.016 44.795 57.893  4.417  5.693  0.000  0.000
   0.000  0.000  0.000  0.000  0.000  0.000  0.000  0.000   0.00
 73175152610 6162122127.642622128.7070
 14.451 -0.361  5.457-47.777-33.453 83.127 84.462-13.000 -0.122
 -46.166-49.504  5.828  5.060 43.002 40.125-31.817-35.118  12.08
 8 175165715 6211922128.707022129.6406
 14.069  0.331  5.074-33.453-21.226 84.462 62.244 -0.917 -0.062
 -31.817-35.118  5.100  5.047 42.586 41.875-19.805-23.006  -8.08
 8 275152213 6191422129.640622130.7637
 14.023 -0.045  5.383-21.226 -6.560 62.244 70.628 -8.993 -0.410
 -19.805-23.006  5.607  5.102 34.610 27.634 -4.988 -7.811   5.01
 8 3751821 7 7142222130.763722131.9063
 14.547 -0.205  5.333 -6.560  8.930 70.628 67.943 -3.979  1.212
  -4.988 -7.811  5.442  5.246 31.281 39.347 10.422  6.556  21.07
 8 3751821 5 2 7 822130.763722131.9063
 15.161 -0.337  9.335-15.702  0.490  4.320 19.378-24.635  2.285
 -14.156-16.014 10.035  9.194  0.727  3.593  3.894 -0.424  16.98
 8 475214514 8222322131.906322132.9473
 14.369  0.337  5.099  8.930 22.879 67.943 87.956 17.094  0.664
  10.422  6.556  4.642  5.826 41.727 26.216 24.515 20.369  11.31
 8 4752145 1 7 81422131.906322132.9473
 14.139  0.211  8.950  0.490 14.200 19.378 24.424 -7.652 -2.464
   3.894 -0.424  9.402  8.829  4.103 15.276 15.439 13.657  -9.28
 8 47521451817352522131.906322132.9473
 15.119 -0.291  8.807-47.714-32.985151.792127.671  3.842  0.771
 -42.733-51.742  8.476  9.074 67.859 83.933-28.516-38.316  -2.76
 8 57522451211232822132.947322133.7637
 11.879  1.004  5.450 22.879 31.766 87.956 83.722 28.409  5.053
  24.515 20.369  4.569  6.802 53.251 34.705 34.773 26.138  -0.13
 8 57522451411254122132.947322133.7637
 13.601  0.428  8.503-32.985-22.694127.671150.956  1.084 -0.090
 -28.516-38.316  8.420  8.603 69.451 58.220-17.516-27.219   2.33
 8 67518191315281622133.763722134.8145
 14.205  0.378  6.269 31.766 45.672 83.722 57.405 28.275 -3.234
  34.773 26.138  4.661  9.278 54.571 29.151 48.243 43.188  11.27
 8 67518192120413022133.763722134.8145
 14.639  0.576  8.852-22.694 -8.331150.956127.990  3.411  0.633
 -17.516-27.219  8.548  9.119 70.402 80.554 -3.790-14.168  -3.85
 8 97517442526515122136.738322137.7910
 14.954 -0.471  9.118 17.057 31.750134.953111.375  1.351 -0.252
  21.758 12.109  9.008  9.233 69.195 65.758 36.249 26.875   1.18
 8107518582130515422137.791022138.7598
 13.646 -0.100  8.622 31.750 44.039111.375139.711  2.535 -0.918
  36.249 26.875  8.425  8.836 57.917 53.458 48.544 40.132   3.10
 816751727 3 3 6 122143.726622144.7266
 11.843 -0.629-12.062-43.684-32.821  8.800  1.932 -6.954 -4.732
 -41.246-46.049-12.353-11.780  4.332  4.468  0.000  0.000   0.00
 820751633 0 0 1 322147.689522148.7598
 12.510  1.558  8.001-15.358 -3.027  0.021  3.661  0.000  0.000
   0.000  0.000  0.000  0.000  0.000  0.000  0.000 -4.496   0.00
 821751813 0 0 1 122148.759822149.7266
 13.519 -0.840  8.057 33.897 46.019  2.191  3.855  0.000  0.000
   0.000  0.000  0.000  0.000  0.000  0.000  0.000  0.000   0.00
 825751630 2 6 8 622152.687522153.7480
 13.249  0.168-11.006 27.471 40.464 21.773 30.374  3.372  0.945
  29.130 24.013-10.910-11.206 14.714  7.059 43.624 37.636 -13.97
 826751756 2 4 6 222153.748022154.6680
 12.286 -1.671-11.183 40.464 50.882 30.374  0.515-10.595 -4.209
  43.624 37.636-11.763-10.664 14.346 16.028 51.056 49.264   8.66
 9 3751755 2 7 91122161.746122162.7090
 15.517  0.439  8.248 -7.788  6.192  8.903 13.103-28.916  0.465
  -6.243 -9.372  9.093  7.383  4.506  4.398  7.520  3.753   7.40
 9 47517 0 5 611 622162.709022163.7285
 14.338 -0.261  8.670  6.192 19.826 13.103  6.077-21.511  1.318
   7.520  3.753  9.187  7.720  8.484  4.619 21.757 16.493   9.65
 9 7751653 0 0 1 122165.705122166.8008
 14.000 -0.019 -8.288-46.880-32.614 13.244 14.059  0.000  0.000
   0.000  0.000  0.000  0.000  0.000  0.000  0.000  0.000   0.00
 9 8751912 0 0 1 122166.800822167.7207
 13.952  0.103 -8.268-32.614-20.680 14.059 15.240  0.000  0.000
   0.000  0.000  0.000  0.000  0.000  0.000  0.000  0.000   0.00
 9 9751717 0 0 1 222167.720722168.7227
 13.712  0.005 -8.363-20.680 -7.915 15.240 13.151  0.000  0.000
   0.000  0.000  0.000  0.000  0.000  0.000  0.000 -8.792   0.00
 910751721 1 1 2 222168.722722169.6309
 14.039  0.130 -8.368 -7.915  3.944 13.151 10.666-62.326  0.537
  -7.898 -8.792 -8.400 -6.715 12.898  0.253  3.957  1.891  29.22
 9117515 9 1 1 2 222169.630922170.7422
 14.312 -0.310 -8.486  3.944 18.764 10.666 19.753-33.109 -0.267
   3.957  1.891 -8.495 -7.162 10.600  0.066 18.915 16.799  17.66
 912751750 1 1 2 122170.742222171.7012
 14.233  0.598 -8.141 18.764 31.452 19.753 16.631-15.452 -2.173
  18.915 16.799 -8.183 -7.604 18.339  1.414  0.000  0.000   0.00
 913751649 0 0 1 122171.701222172.6895
 14.480  0.173 -8.714 31.452 44.799 16.631  9.107  0.000  0.000
   0.000  0.000  0.000  0.000  0.000  0.000  0.000  0.000   0.00
 9157522 3 0 0 1 422173.918022174.7734
 14.841  0.113  8.415-20.201 -8.355  2.554  3.738  0.000  0.000
   0.000  0.000  0.000  0.000  0.000  0.000  0.000 -8.570   0.00
 916751834 3 1 4 522174.773422175.7520
 14.637  0.469  8.511 -8.355  5.014  3.738 20.130-11.685  1.434
  -7.644 -8.570  8.657  8.467  0.870  2.868  6.604  4.330  30.23
10 1751718 0 0 1 122189.720722190.7578
 13.362  0.538 32.150-57.226-44.402 10.437 18.871  0.000  0.000
   0.000  0.000  0.000  0.000  0.000  0.000  0.000  0.000   0.00
10 2751810 0 0 1 122190.757822191.6973
 13.798  0.359 32.707-44.402-32.354 18.871 22.577  0.000  0.000
   0.000  0.000  0.000  0.000  0.000  0.000  0.000  0.000   0.00
10 3751644 0 0 1 122191.697322192.6719
 13.289 -0.129 33.045-32.354-20.367 22.577 18.754  0.000  0.000
   0.000  0.000  0.000  0.000  0.000  0.000  0.000  0.000   0.00
10 47516 7 0 0 1 322192.671922193.8965
 13.236 -0.111 32.920-20.367 -5.352 18.754 19.882  0.000  0.000
   0.000  0.000  0.000  0.000  0.000  0.000  0.000 -7.016   0.00
10 8751658 0 0 1 122196.707022197.7070
 13.790  0.190 33.039 31.214 44.018 15.522 14.358  0.000  0.000
   0.000  0.000  0.000  0.000  0.000  0.000  0.000  0.000   0.00
1012751853 4 5 9 822200.787122201.7109
 15.440 -0.166  5.263-17.799 -4.459 18.242 25.862 -0.284 -1.512
 -15.268-20.848  5.275  5.248  9.969  8.273 -2.854 -6.898   5.47
10137517 3 3 5 8 922201.710922202.7207
 14.548  0.201  5.110 -4.459  9.244 25.862 45.341  5.189  1.294
  -2.854 -6.898  4.965  5.330 15.597 10.265 10.969  5.657   2.60
1016751832 1 1 2 122204.771522205.7500
 15.426  2.298  5.114 31.575 45.703  0.100  0.050-65.820 -1.885
  31.962 31.187  5.973  4.253  0.050  0.050  0.000  0.000   0.00
1016751832 0 0 1 322204.771522205.7500
 14.292  1.587  4.395 37.947 50.966 12.180 16.707  0.000  0.000
   0.000  0.000  0.000  0.000  0.000  0.000  0.000 50.292   0.00
11 4751827 1 3 4 522223.769522224.7539
 15.179 -0.020 -4.670-14.433 -0.447  9.137 18.816-25.158 -1.695
 -13.840-17.357 -4.947 -3.301  7.596  1.541  0.961 -1.122   7.60
11 57518 6 1 4 5 522224.753922225.7715
 14.230 -0.999 -4.650 -0.447 13.028 18.816  8.577-17.562  3.795
   0.961 -1.122 -5.094 -4.437  6.100 12.716 14.939  9.006  10.07
11 57518 6 1 2 31222224.753922225.7715
 13.306 -1.587  2.637-52.561-40.028 17.447 21.318-34.462  0.764
 -51.362-54.294  3.459  1.449 10.312  7.135-38.118-42.369  24.49
11 6751830 2 3 5 322225.771522226.8047
 16.708  1.210 -3.634 13.028 29.263  8.577  3.094 -7.495 -3.684
  14.939  9.006 -3.885 -3.106  5.814  2.763 29.330 27.261 -18.27
11 6751830 111121322225.771522226.8047
 14.054  2.518  1.023-40.028-26.533 21.318 17.705 -9.970 -0.125
 -38.118-42.369  1.358  0.611 11.744  9.575-24.104-28.303  10.14
11 7751918 112131222226.804722227.7695
 14.776 -0.525  3.623-26.533-13.231 17.705 27.781  0.169 -0.454
 -24.104-28.303  3.616  3.628  7.465 10.241-11.418-14.995 -17.24
11 8751827 111121722227.769522228.6875
 15.784  0.160  3.117-13.231  0.355 27.781 28.986-17.067 -0.904
 -11.418-14.995  3.673  2.576 13.701 14.079  1.369 -1.319  -1.57
11 975162911 617 922228.687522229.7480
 14.025  0.249  3.264  0.355 14.182 28.986  9.539-18.640  0.576
   1.369 -1.319  3.606  2.701 18.043 10.943 15.435 13.139 -29.12
1110751756 3 6 9 522229.748022230.7910
 15.255 -0.749  3.528 14.182 29.065  9.539 10.790-47.761 -0.842
  15.435 13.139  4.905  2.382  4.334  5.205 29.465 26.961  34.83
1111751858 1 1 2 722230.791022231.7207
 13.588 -0.730  7.353-44.962-33.226  7.335 12.510  3.445 -0.144
 -44.496-47.931  7.325  7.531  6.340  0.995-31.969-35.256  -6.23
1111751858 3 2 5 422230.791022231.7207
 13.802  0.060  2.747 29.065 41.001 10.790  9.062-12.935 -0.855
  29.465 26.961  2.839  2.264  9.069  1.721 41.606 39.911  21.17
1115751822 2 810 922234.765622235.7637
 13.898  0.427 -6.390-41.079-28.202 45.699 49.715-10.965  0.441
 -38.428-42.072 -6.900 -6.199 12.447 33.252-25.176-29.283   1.83
1116751819 3 6 9 822235.763722236.9355
 14.715  0.183 -6.816-28.202-12.118 49.715 47.686 -9.134  1.242
 -25.176-29.283 -7.299 -6.643 13.084 36.632 -7.906-13.319   9.94
1116751819 1 3 4 522235.763722236.9355
 14.229 -0.337  5.338 24.597 40.112  8.370 22.656  6.333 -1.708
  25.271 19.256  5.263  5.928  7.431  0.938 40.884 36.563  -1.97
1117752226 4 4 8 922236.935522237.7461
 13.635  0.053 -7.030-12.118 -1.866 47.686 46.659  0.809 -1.818
  -7.906-13.319 -6.971 -7.047 10.581 37.105  0.548 -3.002  -8.44
1117752226 2 3 5 422236.935522237.7461
 13.340 -0.025  4.943 40.112 50.124 22.656 36.390  4.363  0.096
  40.884 36.563  4.885  5.213 18.609  4.048 51.770 47.372   2.44
1118751752 4 5 91322237.746122238.7363
 14.559 -0.105 -7.074 -1.866 11.595 46.659 63.463 -7.626  0.903
   0.548 -3.002 -7.394 -6.923 14.932 31.727 14.743 10.258  10.18
1119751741 8 513 822238.736322239.7148
 14.099 -0.012 -6.969 11.595 24.427 63.463 39.936  2.555  0.713
  14.743 10.258 -6.830 -7.029 18.914 44.549 28.502 23.298  -4.84
1120751710 4 4 8 522239.714822240.7109
 12.178  0.535 -6.957 24.427 35.566 39.936 38.125 -2.283 -3.515
  28.502 23.298 -7.119 -6.913  8.660 31.276 35.983 34.578  35.01
11217517 3 1 4 5 322240.710922241.7051
 15.065 -0.275 -7.490 35.566 49.579 38.125 37.715 32.725 -0.435
  35.983 34.578 -7.224 -8.119 26.796 11.329 49.784 48.846   7.57
12 1751721 4 610 722250.722722251.7676
 15.016  0.461  5.793-27.849-13.203 43.359 25.557 -0.256  0.338
 -26.270-30.921  5.800  5.780 28.636 14.724-11.609-16.568  -6.66
12 2751823 5 2 71522251.767622252.7383
 13.240 -0.821  6.275-13.203 -1.304 25.557 30.088 -6.919 -0.571
 -11.609-16.568  6.467  5.869 17.341  8.216  0.743 -3.646   0.68
12 375174210 5152322252.738322253.7422
 16.026 -0.173  5.477 -1.304 13.812 30.088 36.426 -6.237  0.308
   0.743 -3.646  5.700  5.223 16.052 14.036 15.339 10.618   7.81
12 47517491013231322253.742222254.7520
 15.021 -0.036  5.303 13.812 27.986 36.426 26.722  1.570 -0.329
  15.339 10.618  5.262  5.391 24.645 11.781 29.689 25.297  -2.02
12 57518 3 6 713 722254.752022255.7480
 15.921 -0.409  5.267 27.986 42.872 26.722 15.237 -0.446 -1.805
  29.689 25.297  5.280  5.246 16.362 10.361 43.764 41.194   4.82
12 6751758 3 4 7 322255.748022256.7246
 16.303  0.198  4.859 42.872 57.820 15.237 11.533  4.370 -1.437
  43.764 41.194  4.791  4.986  9.948  5.289 58.175 57.067 -17.06
