 1 1752219 0 0 1 221916.929721917.7480
 14.371 -0.280 -8.509 -8.279-13.969 -3.014 14.352  1.516 -8.509
 -13.969 14.352  4.625  0.000  0.557  0.000 11.921 13.918  -0.19
 1 1752219 1 1 2 121916.929721917.7480
 14.478  0.130 -9.263 -9.369-21.485-10.443  1.046  1.927 -9.267
 -21.392  1.096  1.927  2.028 -2.028 -2.378  0.000 14.363   0.13
 1 2751757 1 1 2 221917.748021918.7344
 14.445 -0.196 -8.279 -8.086 -3.014 10.274  1.516  3.193 -8.357
  -3.384  4.625  8.663  0.557  0.294 11.921 14.718 14.288  -0.14
 1 2751757 1 1 2 221917.748021918.7344
 15.003 -0.312 -8.394 -8.086 -3.565 10.274  3.109  3.193 -8.357
  -3.384  4.625  8.663  0.557  0.294 11.921 14.718 14.288  -0.14
 1 2751757 1 1 2 221917.748021918.7344
 13.692 -0.075  4.211  4.137-51.679-39.134  7.008  5.671  4.205
 -51.689  7.058  5.721  1.703 -0.011-32.230-29.587 13.690  -0.08
 1 2751757 1 1 2 221917.748021918.7344
 13.661 -0.002  3.303  3.301-53.123-40.609  0.050  0.050  4.205
 -51.689  7.058  5.721  1.703 -0.011-32.230-29.587 13.690  -0.08
 1 3751737 1 1 2 321918.734421919.7793
 13.377  0.700 -8.086 -8.817 10.274 23.213  3.193  0.050 -8.223
   9.749  8.663  4.316  0.850  0.924 14.718 26.785 14.514   0.27
 1 3751737 1 1 2 321918.734421919.7793
 13.846  0.676 -8.302 -9.008  9.443 22.872  5.470  1.591 -8.223
   9.749  8.663  4.316  0.850  0.924 14.718 26.785 14.514   0.27
 1 3751737 1 1 2 121918.734421919.7793
 14.247  0.461  4.137  4.617-39.134-25.286  5.671  4.407  4.129
 -39.147  5.721  4.407  1.692 -1.692-29.587  0.000 14.259   0.47
 1 4751841 0 0 1 121919.779321920.8750
 14.072  0.376  4.617  5.029-25.286-10.929  4.407  4.518  4.617
 -25.286  4.407  4.518  0.000  0.000  0.000  0.000 14.072   0.38
 1 57521 0 0 0 1 121920.875021921.9258
 14.673  0.411  5.029  5.462-10.929  3.469  4.518  6.780  5.029
 -10.929  4.518  6.780  0.000  0.000  0.000  0.000 14.673   0.41
 1 57521 0 1 2 3 521920.875021921.9258
 14.309  0.005  9.896  9.901 36.309 50.324  4.679  0.050  9.915
  36.173  6.704 21.150  0.449  1.924  8.268 10.233 14.226  -0.74
 1 57521 0 1 2 3 521920.875021921.9258
 14.697 -0.045  9.948  9.901 35.901 50.324  1.974  0.050  9.915
  36.173  6.704 21.150  0.449  1.924  8.268 10.233 14.226  -0.74
 1 57521 0 1 2 3 521920.875021921.9258
 14.671 -0.417 10.455 10.016 34.145 48.540  0.050  2.184  9.915
  36.173  6.704 21.150  0.449  1.924  8.268 10.233 14.226  -0.74
 1 9751918 1 2 3 321924.804721925.7520
 14.056  0.039 13.462 13.499-52.622-40.217 21.398  7.694 13.736
 -52.803 27.223 13.237  1.523 -0.856 57.339 43.119 14.026  -0.05
 1 9751918 1 2 3 321924.804721925.7520
 14.225  0.013 14.413 14.426-53.102-40.537  2.668  2.570 13.736
 -52.803 27.223 13.237  1.523 -0.856 57.339 43.119 14.026  -0.05
 1 9751918 1 2 3 421924.804721925.7520
 14.179  0.201  4.755  4.945 42.240 54.761 10.839  5.214  4.935
  42.264 14.496 17.739  0.754  1.648-65.917 24.260 13.945  -0.02
 1 9751918 1 2 3 421924.804721925.7520
 14.676  0.081  5.599  5.676 39.902 52.895  0.231  4.286  4.935
  42.264 14.496 17.739  0.754  1.648-65.917 24.260 13.945  -0.02
 1107518 4 1 2 3 221925.752021926.8965
 13.865  0.091 13.499 13.603-40.217-25.478  7.694 10.115 13.690
 -40.427 13.237 21.236  0.668  0.184 43.119 65.982 13.885   0.28
 1107518 4 1 2 3 221925.752021926.8965
 13.833 -0.039 14.426 14.381-40.537-25.835  2.570 11.120 13.690
 -40.427 13.237 21.236  0.668  0.184 43.119 65.982 13.885   0.28
 1107518 4 1 2 3 221925.752021926.8965
 14.441  0.048 13.548 13.603-40.875-25.478  2.973 10.115 13.690
 -40.427 13.237 21.236  0.668  0.184 43.119 65.982 13.885   0.28
 114751945 4 3 7 521929.822321930.7832
 14.774 -0.157  1.285  1.134 -0.152 13.097  1.837  0.149  1.728
  -0.269 11.505  5.853  1.742  1.578 -1.832  5.732 13.480  -0.01
 114751945 4 3 7 521929.822321930.7832
 15.124 -0.227  1.376  1.158 -0.547 13.038  2.811  0.549  1.728
  -0.269 11.505  5.853  1.742  1.578 -1.832  5.732 13.480  -0.01
 114751945 4 3 7 521929.822321930.7832
 15.248 -0.295  2.081  1.798  1.933 15.637  0.981  0.639  1.728
  -0.269 11.505  5.853  1.742  1.578 -1.832  5.732 13.480  -0.01
 114751945 4 3 7 521929.822321930.7832
 14.708  0.048  1.752  1.798  2.451 15.637  0.714  0.639  1.728
  -0.269 11.505  5.853  1.742  1.578 -1.832  5.732 13.480  -0.01
 114751945 2 2 4 221929.822321930.7832
 14.382 -0.014 13.753 13.740 12.698 25.571 10.555 31.332 13.845
  12.691 12.769 32.167  1.331 -0.578 37.810 38.911 14.373  -0.10
 114751945 2 2 4 221929.822321930.7832
 14.488 -0.152 14.359 14.213 11.993 24.967  0.317  0.836 13.845
  12.691 12.769 32.167  1.331 -0.578 37.810 38.911 14.373  -0.10
 115751848 1 1 2 121930.783221931.7656
 13.939  0.126 13.740 13.863 25.571 38.297 31.332 21.008 13.752
  25.555 32.167 21.008  0.753 -0.753 38.911  0.000 13.955   0.11
 116751822 0 0 1 121931.765621932.7793
 14.054 -0.227 13.863 13.632 38.297 51.563 21.008 21.067 13.863
  38.297 21.008 21.067  0.000  0.000  0.000  0.000 14.054  -0.23
 117751843 2 7 9 321932.779321933.8047
 14.131 -0.448  6.412  5.953-19.003 -5.532  3.218  1.392  6.456
 -17.580 17.954 13.371  3.533  1.400  0.320  3.780 15.422  -0.16
 117751843 2 7 9 321932.779321933.8047
 14.465 -0.219  6.177  5.953-19.346 -5.532  1.007  1.392  6.456
 -17.580 17.954 13.371  3.533  1.400  0.320  3.780 15.422  -0.16
 117751843 2 7 9 321932.779321933.8047
 14.444 -0.572  6.539  5.953-19.325 -5.532  0.505  1.392  6.456
 -17.580 17.954 13.371  3.533  1.400  0.320  3.780 15.422  -0.16
 117751843 2 7 9 321932.779321933.8047
 14.767 -0.474  6.439  5.953-19.655 -5.532  1.755  1.392  6.456
 -17.580 17.954 13.371  3.533  1.400  0.320  3.780 15.422  -0.16
 117751843 2 7 9 321932.779321933.8047
 14.990 -0.662  6.631  5.953-19.884 -5.532  1.879  1.392  6.456
 -17.580 17.954 13.371  3.533  1.400  0.320  3.780 15.422  -0.16
 118751918 1 2 3 421933.804721934.7891
 14.896  0.456  5.953  6.402 -5.532  8.173  1.392  0.050  6.291
  -2.786 13.371 10.200  4.932  0.421  3.780 -2.636 15.846  -0.04
 118751918 1 2 3 421933.804721934.7891
 14.689  0.137  6.158  6.293 -0.753 12.748  7.883  8.506  6.291
  -2.786 13.371 10.200  4.932  0.421  3.780 -2.636 15.846  -0.04
 119751856 1 3 4 521934.789121935.8027
 15.057 -0.344  6.541  6.192  7.255 21.520  0.189  0.050  6.252
  11.855 10.200  5.740  5.353 -0.604 -2.636  7.296 15.096  -0.20
 119751856 1 3 4 521934.789121935.8027
 14.151 -0.207  6.402  6.192  8.173 21.520  0.050  0.050  6.252
  11.855 10.200  5.740  5.353 -0.604 -2.636  7.296 15.096  -0.20
 119751856 1 3 4 521934.789121935.8027
 14.677 -0.282  6.293  6.007 12.748 26.626  8.506  3.550  6.252
  11.855 10.200  5.740  5.353 -0.604 -2.636  7.296 15.096  -0.20
 3 1751740 1 3 4 921975.736321976.8301
 13.191 -0.650 10.729 10.018 28.781 42.135  7.583  0.050 10.416
  29.036 12.390 13.048  1.045  3.608 50.549  6.302 14.792  -1.02
 3 1751740 1 3 4 921975.736321976.8301
 12.672 -0.827  9.991  9.086 28.282 41.069  0.050  0.543 10.416
  29.036 12.390 13.048  1.045  3.608 50.549  6.302 14.792  -1.02
 316751853 3 2 5 721990.787121991.7715
 14.630 -0.302-14.499-14.202 41.296 54.712 10.827  3.434-14.573
  44.987 27.172 51.860  5.941 -2.125 -1.130 16.710 14.021   0.17
 316751853 3 2 5 721990.787121991.7715
 14.856  0.092-15.183-15.274 43.508 57.146  0.050 28.579-14.573
  44.987 27.172 51.860  5.941 -2.125 -1.130 16.710 14.021   0.17
 316751853 3 2 5 721990.787121991.7715
 15.015 -0.247-14.755-14.513 47.324 61.119 13.048  3.375-14.573
  44.987 27.172 51.860  5.941 -2.125 -1.130 16.710 14.021   0.17
 316751853 3 2 5 721990.787121991.7715
 15.442 -0.365-13.518-13.160 45.069 59.284  0.050  7.609-14.573
  44.987 27.172 51.860  5.941 -2.125 -1.130 16.710 14.021   0.17
 427751655 1 1 2 322032.705122033.7148
 14.719 -0.269  1.619  1.347-49.044-35.177  7.480  1.730  1.605
 -49.054  7.530  1.830  2.485  2.542-53.352 35.356 14.507  -0.41
 5 2751721 3 4 7 322037.722722039.0020
 14.095 -0.580-12.900-12.158-21.744 -4.984  3.230  1.432-11.627
 -20.159 12.195  8.251  6.704 -5.904 20.713 50.241 13.336   0.57
 5 2751721 3 4 7 322037.722722039.0020
 14.093 -0.788-13.166-12.158-21.741 -4.984  0.519  1.432-11.627
 -20.159 12.195  8.251  6.704 -5.904 20.713 50.241 13.336   0.57
 5 2751721 3 4 7 322037.722722039.0020
 14.705 -0.465-12.753-12.158-22.524 -4.984  2.074  1.432-11.627
 -20.159 12.195  8.251  6.704 -5.904 20.713 50.241 13.336   0.57
 5 475 0 1 1 1 2 322039.002022039.7090
 13.538  0.363 -8.558 -8.815 46.809 55.683  0.676  6.488 -8.483
  45.300 18.603 13.381  1.550 -0.402 -2.896 -8.038 14.833   0.35
 5 475 0 1 1 2 3 122039.002022039.7090
 14.389  0.258-12.708-12.891 -4.394  5.082  3.976  5.880-12.351
  -4.370  8.251  5.880  0.800 -0.800 50.241  0.000 14.355   0.76
 623751930 5 2 7 622089.812522090.9336
 14.384 -0.013-12.228-12.213 19.083 34.116  1.130  4.883-11.037
  21.065  9.483  7.799  3.590  0.936 -4.784 20.364 13.065   0.87
 623751930 5 2 7 622089.812522090.9336
 14.453 -0.204-10.892-10.663 22.800 37.910  1.525  0.215-11.037
  21.065  9.483  7.799  3.590  0.936 -4.784 20.364 13.065   0.87
 623751930 5 2 7 622089.812522090.9336
 14.042  0.126-10.522-10.663 23.261 37.910  0.233  0.215-11.037
  21.065  9.483  7.799  3.590  0.936 -4.784 20.364 13.065   0.87
 624752225 1 1 2 422090.933622091.6680
 14.321 -0.765 -6.080 -5.519 35.627 45.419  6.263  4.126 -6.205
  35.232  7.815  8.796  2.075  1.392 17.709 25.281 14.762  -0.36
 624752225 2 4 6 222090.933622091.6680
 12.284 -0.936-12.213-11.526 34.116 42.413  4.883  0.894-12.008
  34.619  7.799  4.577  4.526 -4.114 20.364 -2.836 12.058  -0.63
 624752225 2 4 6 222090.933622091.6680
 12.192 -1.007-12.285-11.546 34.603 42.832  1.208  3.683-12.008
  34.619  7.799  4.577  4.526 -4.114 20.364 -2.836 12.058  -0.63
 6257516 2 2 1 3 122091.668022092.6602
 14.667 -0.472  6.763  6.294-52.387-38.795 30.260 36.722  6.761
 -52.402 34.720 36.722  0.769 -0.769 57.329  0.000 14.682  -0.47
 6257516 2 1 1 2 722091.668022092.6602
 16.489 -1.198-11.526-10.336 42.413 57.815  0.894  2.655-11.542
  42.750  4.577 20.865  0.411  2.526 -2.836 26.550 16.619  -0.45
 6257516 2 1 1 2 722091.668022092.6602
 16.067 -1.218-11.546-10.336 42.832 57.815  3.683  2.655-11.542
  42.750  4.577 20.865  0.411  2.526 -2.836 26.550 16.619  -0.45
 6257516 2 2 2 4 122091.668022092.6602
 14.480 -0.093 -7.074 -6.981 42.943 56.350  2.058  0.831 -5.940
  45.348  8.796  0.831  3.467 -3.467 25.281  0.000 12.059   1.05
 6257516 2 2 2 4 122091.668022092.6602
 14.139  0.255 -6.728 -6.981 43.282 56.350  0.050  0.831 -5.940
  45.348  8.796  0.831  3.467 -3.467 25.281  0.000 12.059   1.05
 626751552 0 0 1 122092.660222093.8887
 14.571 -0.040  6.294  6.246-38.795-22.108 36.722 40.778  6.294
 -38.795 36.722 40.778  0.000  0.000  0.000  0.000 14.571  -0.04
 627752120 0 0 1 522093.888722094.6523
 15.555 -0.829  8.125  7.493-30.300-19.186  3.195  0.944  8.125
 -30.300  3.195  3.951  0.000  1.351  0.000 69.005 15.406  -0.98
 627752120 0 0 1 122093.888722094.6523
 13.780  0.056  6.246  6.289-22.108-12.347 40.778 40.323  6.246
 -22.108 40.778 40.323  0.000  0.000  0.000  0.000 13.780   0.06
 628751537 3 2 5 122094.652322095.7168
 12.951  0.751  7.159  7.960-19.135 -6.381  1.296  1.231  7.377
 -19.300  3.951  1.231  1.351 -1.351 69.005  0.000 13.107   0.55
 628751537 3 2 5 122094.652322095.7168
 13.000  0.438  7.493  7.960-19.186 -6.381  0.944  1.231  7.377
 -19.300  3.951  1.231  1.351 -1.351 69.005  0.000 13.107   0.55
 628751537 0 0 1 222094.652322095.7168
 14.349 -0.091  6.289  6.192-12.347  1.895 40.323 42.675  6.289
 -12.347 40.323 43.960  0.000  1.765  0.000 -6.179 14.301  -0.10
 629751712 0 0 1 322095.716822096.7383
 15.162  0.643  7.960  8.617 -6.381  8.116  1.231  0.251  7.960
  -6.381  1.231  0.324  0.000  5.658  0.000 31.521 15.812   0.33
 629751712 1 1 2 322095.716822096.7383
 13.920  0.073  6.002  6.076  0.130 13.359  1.285  0.050  6.186
   1.844 43.960 36.335  1.765  0.760 -6.179-13.483 14.444   0.13
 629751712 1 1 2 322095.716822096.7383
 14.400  0.122  6.192  6.317  1.895 15.614 42.675 36.235  6.186
   1.844 43.960 36.335  1.765  0.760 -6.179-13.483 14.444   0.13
 630751744 1 2 3 222096.738322097.7051
 14.773  0.287  5.380  5.656 12.929 26.243  0.050  0.026  6.315
  15.607 36.335 37.549  2.525  0.053-13.483-20.950 14.506   0.27
 630751744 1 2 3 222096.738322097.7051
 14.501  0.271  6.317  6.578 15.614 28.666 36.235 37.523  6.315
  15.607 36.335 37.549  2.525  0.053-13.483-20.950 14.506   0.27
 7 1751653 1 1 2 422097.705122098.7363
 14.117  0.357  5.656  6.025 26.243 39.792  0.026  0.050  6.577
  28.665 37.549 48.317  2.578  0.202-20.950 -9.572 14.076  -0.16
 7 2751738 1 3 4 322098.736322099.7500
 14.621  0.113  5.602  5.717 39.377 53.208  0.031  0.050  6.414
  42.171 48.317 48.062  2.780 -0.504 -9.572-22.164 14.771  -0.11
 7 2751738 1 3 4 322098.736322099.7500
 14.212 -0.304  6.025  5.717 39.792 53.208  0.050  0.050  6.414
  42.171 48.317 48.062  2.780 -0.504 -9.572-22.164 14.771  -0.11
 7 2751738 1 3 4 322098.736322099.7500
 14.778 -0.109  6.415  6.304 42.178 56.169 48.185 47.731  6.414
  42.171 48.317 48.062  2.780 -0.504 -9.572-22.164 14.771  -0.11
 7 4751825 2 4 6 722100.767622101.7773
 14.451 -0.246  4.053  3.804-56.742-43.149  5.530  4.571  5.154
 -56.199  9.713 17.274  3.569 -1.119-49.140-36.232 15.131   0.47
 7 4751825 2 4 6 722100.767622101.7773
 14.731 -0.614  6.874  6.255-54.551-40.675  2.268  2.224  5.154
 -56.199  9.713 17.274  3.569 -1.119-49.140-36.232 15.131   0.47
 7 4751825 2 4 6 722100.767622101.7773
 14.677 -0.649  7.136  6.481-54.836-41.015  0.971  0.050  5.154
 -56.199  9.713 17.274  3.569 -1.119-49.140-36.232 15.131   0.47
 7 6751756 0 0 1 522102.748022103.8848
 14.276  0.554  4.202  4.832-30.430-15.295  0.640  1.457  4.202
 -30.430  0.640 15.384  0.000  2.830  0.000-20.510 15.317   1.03
 7 7752115 2 3 51422103.884822104.7461
 14.206  1.101  5.767  6.714-13.290 -1.918  9.994  1.004  5.378
 -14.110 15.384 11.486  2.830  0.763-20.510-26.137 14.772   1.30
 7 7752115 2 3 51422103.884822104.7461
 14.374  1.313  4.375  5.504-15.907 -4.391  1.812  0.050  5.378
 -14.110 15.384 11.486  2.830  0.763-20.510-26.137 14.772   1.30
 7 7752115 2 3 51422103.884822104.7461
 14.229  1.193  4.942  5.967-16.688 -5.296  1.445  0.050  5.378
 -14.110 15.384 11.486  2.830  0.763-20.510-26.137 14.772   1.30
 7 8751752 5 9141022104.746122105.6641
 15.403 -0.584  5.127  4.590 -4.654  8.608  0.822  0.050  6.496
  -2.252 11.486  8.192  3.593  0.358-26.137-16.496 15.272   0.22
 7 8751752 5 9141022104.746122105.6641
 15.026 -0.703  5.226  4.579 -5.161  7.754  0.690  0.358  6.496
  -2.252 11.486  8.192  3.593  0.358-26.137-16.496 15.272   0.22
 7 8751752 5 9141022104.746122105.6641
 15.117 -0.995  5.504  4.590 -4.391  8.608  0.050  0.050  6.496
  -2.252 11.486  8.192  3.593  0.358-26.137-16.496 15.272   0.22
 7 8751752 5 9141022104.746122105.6641
 14.767 -0.968  5.476  4.587 -4.760  7.918  0.050  0.691  6.496
  -2.252 11.486  8.192  3.593  0.358-26.137-16.496 15.272   0.22
 7 8751752 5 9141022104.746122105.6641
 14.984 -0.775  5.967  5.255 -5.296  7.581  0.050  0.050  6.496
  -2.252 11.486  8.192  3.593  0.358-26.137-16.496 15.272   0.22
 7 9751556 3 7101922105.664122106.6328
 15.235  0.399  4.587  4.973  7.918 21.708  0.691  0.050  6.701
  10.890  8.192 29.776  3.951 -0.279-16.496  8.509 12.849  -1.36
 7 9751556 3 7101922105.664122106.6328
 14.900  0.290  5.255  5.536  7.581 21.048  0.050  0.660  6.701
  10.890  8.192 29.776  3.951 -0.279-16.496  8.509 12.849  -1.36
 7 9751556 3 7101922105.664122106.6328
 15.404  0.407  4.579  4.973  7.754 21.708  0.358  0.050  6.701
  10.890  8.192 29.776  3.951 -0.279-16.496  8.509 12.849  -1.36
 7 9751556 3 7101922105.664122106.6328
 14.835  0.370  4.590  4.948  8.608 22.013  0.050  0.050  6.701
  10.890  8.192 29.776  3.951 -0.279-16.496  8.509 12.849  -1.36
 7 9751556 3 7101922105.664122106.6328
 15.265  0.436  4.796  5.217  7.308 21.128  0.878  5.232  6.701
  10.890  8.192 29.776  3.951 -0.279-16.496  8.509 12.849  -1.36
 71075151010 9192422106.632822107.6914
 13.894  1.011  5.623  6.694 20.245 33.923  5.488  3.595  5.384
  22.373 29.776 43.300  3.671  0.358  8.509 -5.936 14.339   1.25
 71075151010 9192422106.632822107.6914
 14.253  0.933  5.927  6.916 20.769 34.828  3.976  1.426  5.384
  22.373 29.776 43.300  3.671  0.358  8.509 -5.936 14.339   1.25
 71075151010 9192422106.632822107.6914
 13.841  1.016  5.494  6.570 20.625 34.246  0.050  1.099  5.384
  22.373 29.776 43.300  3.671  0.358  8.509 -5.936 14.339   1.25
 71075151010 9192422106.632822107.6914
 13.441  0.977  5.536  6.570 21.048 34.246  0.660  1.099  5.384
  22.373 29.776 43.300  3.671  0.358  8.509 -5.936 14.339   1.25
 71075151010 9192422106.632822107.6914
 13.481  0.998  5.217  6.274 21.128 34.369  5.232  3.447  5.384
  22.373 29.776 43.300  3.671  0.358  8.509 -5.936 14.339   1.25
 71075151010 9192422106.632822107.6914
 13.933  1.057  5.917  7.037 24.866 38.585  5.974  0.050  5.384
  22.373 29.776 43.300  3.671  0.358  8.509 -5.936 14.339   1.25
 71075151010 9192422106.632822107.6914
 14.136  0.804  5.878  6.730 24.401 38.335  0.050  3.357  5.384
  22.373 29.776 43.300  3.671  0.358  8.509 -5.936 14.339   1.25
 71075151010 9192422106.632822107.6914
 13.948  0.793  5.890  6.730 24.600 38.335  0.050  3.357  5.384
  22.373 29.776 43.300  3.671  0.358  8.509 -5.936 14.339   1.25
 71075151010 9192422106.632822107.6914
 13.906  0.923  7.080  8.058 20.875 34.566  0.328  2.751  5.384
  22.373 29.776 43.300  3.671  0.358  8.509 -5.936 14.339   1.25
 711751635 2 4 6 322107.691422108.9141
 15.612 -0.701-12.741-11.883-47.802-29.897  0.154 15.993-12.501
 -46.613 16.545 17.296  1.703  0.336 -3.795 55.091 14.703  -0.60
 711751635 2 4 6 322107.691422108.9141
 15.454 -0.890-11.301-10.212-46.426-28.713  0.050  1.252-12.501
 -46.613 16.545 17.296  1.703  0.336 -3.795 55.091 14.703  -0.60
 711751635 2 4 6 322107.691422108.9141
 15.699 -1.113-11.573-10.212-46.726-28.713  0.050  1.252-12.501
 -46.613 16.545 17.296  1.703  0.336 -3.795 55.091 14.703  -0.60
 7117516351014242022107.691422108.9141
 14.446  0.303  5.134  5.505 36.147 52.626  1.757  1.076  6.708
  36.522 43.300 45.222  4.029  1.593 -5.936 -3.437 14.746   0.32
 7117516351014242022107.691422108.9141
 15.103  0.179  5.286  5.505 35.343 52.626  0.353  1.076  6.708
  36.522 43.300 45.222  4.029  1.593 -5.936 -3.437 14.746   0.32
 7117516351014242022107.691422108.9141
 14.381  0.330  5.824  6.228 34.502 50.901  0.307  7.429  6.708
  36.522 43.300 45.222  4.029  1.593 -5.936 -3.437 14.746   0.32
 7117516351014242022107.691422108.9141
 15.160  0.335  5.818  6.228 33.548 50.901  0.050  7.429  6.708
  36.522 43.300 45.222  4.029  1.593 -5.936 -3.437 14.746   0.32
 7117516351014242022107.691422108.9141
 14.381  0.417  6.694  7.203 33.923 50.322  3.595  0.050  6.708
  36.522 43.300 45.222  4.029  1.593 -5.936 -3.437 14.746   0.32
 7117516351014242022107.691422108.9141
 15.295  0.464  6.274  6.842 34.369 51.887  3.447  0.050  6.708
  36.522 43.300 45.222  4.029  1.593 -5.936 -3.437 14.746   0.32
 7117516351014242022107.691422108.9141
 14.698  0.401  6.916  7.407 34.828 51.615  1.426  1.974  6.708
  36.522 43.300 45.222  4.029  1.593 -5.936 -3.437 14.746   0.32
 7117516351014242022107.691422108.9141
 14.466  0.409  7.424  7.925 34.758 51.261  2.515  1.316  6.708
  36.522 43.300 45.222  4.029  1.593 -5.936 -3.437 14.746   0.32
 7117516351014242022107.691422108.9141
 14.770  0.271  7.593  7.925 34.385 51.261  2.238  1.316  6.708
  36.522 43.300 45.222  4.029  1.593 -5.936 -3.437 14.746   0.32
 7117516351014242022107.691422108.9141
 14.886  0.158  8.058  8.251 34.566 51.583  2.751  1.508  6.708
  36.522 43.300 45.222  4.029  1.593 -5.936 -3.437 14.746   0.32
 7117516351014242022107.691422108.9141
 15.305  0.397  6.756  7.242 37.726 55.257  1.171  3.006  6.708
  36.522 43.300 45.222  4.029  1.593 -5.936 -3.437 14.746   0.32
 7117516351014242022107.691422108.9141
 14.807  0.418  6.730  7.242 38.335 55.257  3.357  3.006  6.708
  36.522 43.300 45.222  4.029  1.593 -5.936 -3.437 14.746   0.32
 7117516351014242022107.691422108.9141
 14.604  0.167  7.037  7.242 38.585 55.257  0.050  3.006  6.708
  36.522 43.300 45.222  4.029  1.593 -5.936 -3.437 14.746   0.32
 7117516351014242022107.691422108.9141
 14.920  0.623  6.952  7.715 39.352 56.411  1.586  2.299  6.708
  36.522 43.300 45.222  4.029  1.593 -5.936 -3.437 14.746   0.32
 7117516351014242022107.691422108.9141
 14.761  0.289  6.871  7.225 39.824 56.689  2.690  3.163  6.708
  36.522 43.300 45.222  4.029  1.593 -5.936 -3.437 14.746   0.32
 7117516351014242022107.691422108.9141
 15.022  0.216  7.342  7.606 40.043 57.226  5.225  0.050  6.708
  36.522 43.300 45.222  4.029  1.593 -5.936 -3.437 14.746   0.32
 712752157 1 2 3 222108.914122109.7676
 14.540 -0.176-10.212-10.061-28.713-17.139  1.252  1.509-11.763
 -29.819 17.296 12.912  2.039  0.174 55.091 47.789 14.266  -0.30
 712752157 1 2 3 222108.914122109.7676
 14.149 -0.214-11.883-11.701-29.897-18.656 15.993 11.403-11.763
 -29.819 17.296 12.912  2.039  0.174 55.091 47.789 14.266  -0.30
 713751826 1 1 2 122109.767622110.7305
 12.933 -1.190-11.701-10.555-18.656 -7.141 11.403  7.972-11.509
 -18.479 12.912  7.972  2.213 -2.213 47.789  0.000 12.749  -0.99
 714751733 0 0 1 122110.730522111.7578
 14.459 -0.286-10.555-10.261 -7.141  6.695  7.972  8.262-10.555
  -7.141  7.972  8.262  0.000  0.000  0.000  0.000 14.459  -0.29
 714751733 4 1 5 322110.730522111.7578
 16.272 -1.468 -7.263 -5.757-55.942-40.245  0.127 14.147 -7.157
 -56.506 24.402 14.147  7.854  7.424 31.369  0.662 16.822  -1.36
 714751733 4 1 5 322110.730522111.7578
 16.521 -1.586 -7.385 -5.757-56.197-40.245  0.172 14.147 -7.157
 -56.506 24.402 14.147  7.854  7.424 31.369  0.662 16.822  -1.36
 715751811 0 0 1 122111.757822112.7578
 14.285 -0.138-10.261-10.123  6.695 20.011  8.262  8.424-10.261
   6.695  8.262  8.424  0.000  0.000  0.000  0.000 14.285  -0.14
 715751811 1 2 3 422111.757822112.7578
 14.248  0.038 -5.757 -5.795-40.245-26.966 14.147 23.096 -5.757
 -40.245 14.147 28.710 15.277 -8.388  0.662 26.806 13.039   0.64
 715751811 3 3 6 422111.757822112.7578
 13.308 -1.699 -9.100 -7.400-41.126-28.787  0.143  0.050 -7.350
 -42.485  0.549 28.710 97.243-90.354  8.276 26.806 15.278  -0.95
 715751811 3 3 6 422111.757822112.7578
 14.128 -1.791 -7.838 -6.046-45.303-32.144  0.050  0.050 -7.350
 -42.485  0.549 28.710 97.243-90.354  8.276 26.806 15.278  -0.95
 716751812 0 0 1 122112.757822113.7910
 14.528  0.104-10.123-10.231 20.011 34.013  8.424  7.212-10.123
  20.011  8.424  7.212  0.000  0.000  0.000  0.000 14.528   0.10
 716751812 1 3 41422112.757822113.7910
 14.454  0.428 -5.795 -6.237-26.966-13.041 23.096 29.910 -6.402
 -28.176 28.710 50.126  6.889 -2.339 26.806  3.007 13.956  -0.09
 716751812 1 3 41422112.757822113.7910
 14.484  0.156 -8.941 -9.102-33.202-19.247  5.514  5.776 -6.402
 -28.176 28.710 50.126  6.889 -2.339 26.806  3.007 13.956  -0.09
 716751812 1 3 41422112.757822113.7910
 13.856  0.172 -6.046 -6.223-32.144-18.837  0.050  0.050 -6.402
 -28.176 28.710 50.126  6.889 -2.339 26.806  3.007 13.956  -0.09
 7177519 0 0 0 1 122113.791022114.7500
 14.213  0.089-10.231-10.316 34.013 46.696  7.212  8.679-10.231
  34.013  7.212  8.679  0.000  0.000  0.000  0.000 14.213   0.09
 7177519 0 0 0 1 122113.791022114.7500
 16.486 -0.049 -3.238 -3.191 18.510 33.372  1.572  4.573 -3.238
  18.510  1.572  4.573  0.000  0.000  0.000  0.000 16.486  -0.05
 7177519 0 31114 422113.791022114.7500
 14.336 -0.103 -6.237 -6.138-13.041 -0.241 29.910 21.664 -6.314
 -14.766 50.126 26.985  4.549 -0.975  3.007-23.033 15.455  -0.47
 7177519 0 31114 422113.791022114.7500
 14.539 -0.134 -4.873 -4.744-16.039 -3.043  7.224  2.475 -6.314
 -14.766 50.126 26.985  4.549 -0.975  3.007-23.033 15.455  -0.47
 7177519 0 31114 422113.791022114.7500
 13.878  0.104 -5.844 -5.944-18.651 -6.288  0.571  0.865 -6.314
 -14.766 50.126 26.985  4.549 -0.975  3.007-23.033 15.455  -0.47
 7177519 0 31114 422113.791022114.7500
 14.254  0.157 -5.794 -5.944-19.011 -6.288  1.770  0.865 -6.314
 -14.766 50.126 26.985  4.549 -0.975  3.007-23.033 15.455  -0.47
 7177519 0 31114 422113.791022114.7500
 14.072 -0.292 -6.223 -5.944-18.837 -6.288  0.050  0.865 -6.314
 -14.766 50.126 26.985  4.549 -0.975  3.007-23.033 15.455  -0.47
 7187518 0 0 0 1 222114.750022115.7930
 16.100 -0.061 -3.191 -3.128 33.372 49.156  4.573  3.040 -3.191
  33.372  4.573  3.845  0.000  0.092  0.000 -3.652 16.082  -0.06
 7187518 0 1 3 4 622114.750022115.7930
 14.692 -0.306 -6.138 -5.818 -0.241 14.073 21.664 20.984 -5.862
  -0.893 26.985 24.640  3.575 -1.326-23.033 26.623 15.029   0.10
 7187518 0 1 3 4 622114.750022115.7930
 14.300 -0.706 -4.208 -3.471 -2.981 10.924  1.980  0.918 -5.862
  -0.893 26.985 24.640  3.575 -1.326-23.033 26.623 15.029   0.10
 7187518 0 1 3 4 622114.750022115.7930
 14.260 -0.568 -4.744 -4.152 -3.043 10.820  2.475  0.389 -5.862
  -0.893 26.985 24.640  3.575 -1.326-23.033 26.623 15.029   0.10
 7187518 0 0 0 1 122114.750022115.7930
 14.325  0.048 -8.977 -9.027 -6.378  7.553  5.427  4.600 -8.977
  -6.378  5.427  4.600  0.000  0.000  0.000  0.000 14.325   0.05
 7197519 3 1 5 6 522115.793022116.8809
 14.914  0.321 -8.226 -8.575 13.136 28.282  0.152  0.377 -5.968
  13.773 24.640 30.104  2.249 -0.160 26.623 55.469 14.644  -0.36
 7197519 3 1 5 6 522115.793022116.8809
 15.329 -0.148 -8.736 -8.575 12.685 28.282  2.148  0.377 -5.968
  13.773 24.640 30.104  2.249 -0.160 26.623 55.469 14.644  -0.36
 7197519 3 0 0 1 122115.793022116.8809
 14.416 -0.626 -9.027 -8.347  7.553 22.157  4.600  7.455 -9.027
   7.553  4.600  7.455  0.000  0.000  0.000  0.000 14.416  -0.63
 7207521 7 2 3 5 122116.880922117.7734
 14.395 -0.425 -4.834 -4.454 28.858 40.839 21.483 20.904 -5.575
  28.625 30.104 20.904  2.089 -2.089 55.469  0.000 14.655  -1.26
 721751834 0 0 1 122117.773422118.9043
 14.085 -1.474 -4.454 -2.788 40.839 55.658 20.904 19.841 -4.454
  40.839 20.904 19.841  0.000  0.000  0.000  0.000 14.085  -1.47
 722752142 3 2 5 822118.904322119.6816
 15.517  1.538  7.336  8.532-29.844-18.536  7.026  1.789  7.959
 -31.341 20.394 25.427  2.946  1.445 20.785 18.216 14.872   1.30
 722752142 3 2 5 822118.904322119.6816
 16.039  1.386  7.454  8.532-30.250-18.536  1.852  1.789  7.959
 -31.341 20.394 25.427  2.946  1.445 20.785 18.216 14.872   1.30
 722752142 1 1 2 122118.904322119.6816
 14.349  1.311  5.408  6.428-45.636-35.236 15.566  9.819  5.414
 -45.688 15.859  9.819  2.836 -2.836  7.307  0.000 14.416   1.30
 723751622 4 4 81022119.681622120.7227
 15.613  0.503  7.916  8.440-17.684 -2.460  4.838  4.060  8.969
 -20.535 25.427 25.830  4.391 -0.264 18.216 13.133 15.834   0.05
 723751622 4 4 81022119.681622120.7227
 15.055  0.518  8.476  9.014-18.125 -3.482  2.335  1.931  8.969
 -20.535 25.427 25.830  4.391 -0.264 18.216 13.133 15.834   0.05
 723751622 4 4 81022119.681622120.7227
 15.450  0.464  8.532  9.014-18.536 -3.482  1.789  1.931  8.969
 -20.535 25.427 25.830  4.391 -0.264 18.216 13.133 15.834   0.05
 723751622 4 4 81022119.681622120.7227
 15.482  0.229  8.941  9.180-20.994 -5.905  0.651  0.050  8.969
 -20.535 25.427 25.830  4.391 -0.264 18.216 13.133 15.834   0.05
 723751622 4 4 81022119.681622120.7227
 15.005  0.419  8.097  8.533-21.657 -7.065  0.581  2.371  8.969
 -20.535 25.427 25.830  4.391 -0.264 18.216 13.133 15.834   0.05
 723751622 4 4 81022119.681622120.7227
 15.088  0.346  9.644 10.004-22.460 -7.782 12.749  0.356  8.969
 -20.535 25.427 25.830  4.391 -0.264 18.216 13.133 15.834   0.05
 723751622 0 0 1 122119.681622120.7227
 14.537  1.290  6.428  7.770-35.236-21.131  9.819 11.070  6.428
 -35.236  9.819 11.070  0.000  0.000  0.000  0.000 14.537   1.29
 724751720 0 0 1 122120.722722121.7598
 14.210 -0.135  7.770  7.630-21.131 -7.393 11.070 13.751  7.770
 -21.131 11.070 13.751  0.000  0.000  0.000  0.000 14.210  -0.13
 724751720 5 5101922120.722722121.7598
 14.778 -0.219  8.356  8.128 -2.123 12.204  3.636  1.609  9.016
  -5.080 25.830 21.698  4.127  0.931 13.133  9.039 14.074  -0.34
 724751720 5 5101922120.722722121.7598
 14.202 -0.449  8.440  7.973 -2.460 11.269  4.060  5.221  9.016
  -5.080 25.830 21.698  4.127  0.931 13.133  9.039 14.074  -0.34
 724751720 5 5101922120.722722121.7598
 14.546 -0.351  9.014  8.650 -3.482 10.605  1.931  0.050  9.016
  -5.080 25.830 21.698  4.127  0.931 13.133  9.039 14.074  -0.34
 724751720 5 5101922120.722722121.7598
 14.698 -0.523  8.503  7.960 -4.348  9.896  1.822  0.204  9.016
  -5.080 25.830 21.698  4.127  0.931 13.133  9.039 14.074  -0.34
 724751720 5 5101922120.722722121.7598
 14.784 -0.558  8.076  7.497 -4.318 10.015  0.349  0.050  9.016
  -5.080 25.830 21.698  4.127  0.931 13.133  9.039 14.074  -0.34
 724751720 5 5101922120.722722121.7598
 14.987 -0.592  9.180  8.566 -5.905  8.639  0.050  0.050  9.016
  -5.080 25.830 21.698  4.127  0.931 13.133  9.039 14.074  -0.34
 724751720 5 5101922120.722722121.7598
 15.004 -0.217  9.639  9.414 -6.869  7.692 10.700  0.302  9.016
  -5.080 25.830 21.698  4.127  0.931 13.133  9.039 14.074  -0.34
 724751720 5 5101922120.722722121.7598
 14.891 -0.352 10.004  9.638 -7.782  6.662  0.356  0.936  9.016
  -5.080 25.830 21.698  4.127  0.931 13.133  9.039 14.074  -0.34
 73175152610 6162122127.642622128.7070
 14.330 -0.160  5.021  4.851-43.567-29.372  5.912  1.596  5.457
 -47.777 83.127 84.462  3.411 -0.122-13.000 -0.917 14.451  -0.36
 73175152610 6162122127.642622128.7070
 14.050 -0.080  4.573  4.488-43.852-29.954  2.825  6.127  5.457
 -47.777 83.127 84.462  3.411 -0.122-13.000 -0.917 14.451  -0.36
 73175152610 6162122127.642622128.7070
 14.370 -0.009  4.498  4.488-44.192-29.954  2.532  6.127  5.457
 -47.777 83.127 84.462  3.411 -0.122-13.000 -0.917 14.451  -0.36
 73175152610 6162122127.642622128.7070
 14.044  0.153  3.578  3.741-45.213-31.321  1.258  1.090  5.457
 -47.777 83.127 84.462  3.411 -0.122-13.000 -0.917 14.451  -0.36
 73175152610 6162122127.642622128.7070
 14.779 -0.025  3.768  3.741-45.995-31.321  1.318  1.090  5.457
 -47.777 83.127 84.462  3.411 -0.122-13.000 -0.917 14.451  -0.36
 73175152610 6162122127.642622128.7070
 14.212 -0.060  3.905  3.841-46.338-32.268  2.026  0.545  5.457
 -47.777 83.127 84.462  3.411 -0.122-13.000 -0.917 14.451  -0.36
 73175152610 6162122127.642622128.7070
 14.175 -0.213  6.014  5.787-47.194-33.163  1.233  2.335  5.457
 -47.777 83.127 84.462  3.411 -0.122-13.000 -0.917 14.451  -0.36
 73175152610 6162122127.642622128.7070
 14.596 -0.094  6.629  6.529-48.681-34.203  1.201  1.644  5.457
 -47.777 83.127 84.462  3.411 -0.122-13.000 -0.917 14.451  -0.36
 73175152610 6162122127.642622128.7070
 14.243 -0.175  4.732  4.546-49.625-35.522 34.080 27.656  5.457
 -47.777 83.127 84.462  3.411 -0.122-13.000 -0.917 14.451  -0.36
 73175152610 6162122127.642622128.7070
 14.606 -0.174  6.713  6.529-48.692-34.203  1.206  1.644  5.457
 -47.777 83.127 84.462  3.411 -0.122-13.000 -0.917 14.451  -0.36
 73175152610 6162122127.642622128.7070
 14.408  0.105  6.440  6.552-49.233-34.955  0.050  4.441  5.457
 -47.777 83.127 84.462  3.411 -0.122-13.000 -0.917 14.451  -0.36
 8 175165715 6211922128.707022129.6406
 13.894 -0.125  4.851  4.735-29.372-17.309  1.596  1.381  5.074
 -33.453 84.462 62.244  3.289 -0.062 -0.917 -8.993 14.069   0.33
 8 175165715 6211922128.707022129.6406
 14.795  0.104  5.257  5.354-29.774-16.869  2.938  2.584  5.074
 -33.453 84.462 62.244  3.289 -0.062 -0.917 -8.993 14.069   0.33
 8 175165715 6211922128.707022129.6406
 14.517  0.264  4.488  4.735-29.954-17.309  6.127  1.381  5.074
 -33.453 84.462 62.244  3.289 -0.062 -0.917 -8.993 14.069   0.33
 8 175165715 6211922128.707022129.6406
 14.838 -0.113  4.794  4.689-30.611-17.665  3.726  0.050  5.074
 -33.453 84.462 62.244  3.289 -0.062 -0.917 -8.993 14.069   0.33
 8 175165715 6211922128.707022129.6406
 14.317  0.324  3.741  4.043-31.321-18.863  1.090  2.185  5.074
 -33.453 84.462 62.244  3.289 -0.062 -0.917 -8.993 14.069   0.33
 8 175165715 6211922128.707022129.6406
 14.874  0.319  4.147  4.444-32.301-19.323  2.331  0.967  5.074
 -33.453 84.462 62.244  3.289 -0.062 -0.917 -8.993 14.069   0.33
 8 175165715 6211922128.707022129.6406
 14.213  0.297  4.949  5.226-31.998-19.636  1.410  2.504  5.074
 -33.453 84.462 62.244  3.289 -0.062 -0.917 -8.993 14.069   0.33
 8 175165715 6211922128.707022129.6406
 14.227 -0.094  5.125  5.037-32.960-20.586  2.970  3.944  5.074
 -33.453 84.462 62.244  3.289 -0.062 -0.917 -8.993 14.069   0.33
 8 175165715 6211922128.707022129.6406
 14.476  0.147  5.338  5.476-33.545-20.938  6.667  5.072  5.074
 -33.453 84.462 62.244  3.289 -0.062 -0.917 -8.993 14.069   0.33
 8 175165715 6211922128.707022129.6406
 14.582  0.102  4.546  4.641-35.522-22.816 27.656 21.953  5.074
 -33.453 84.462 62.244  3.289 -0.062 -0.917 -8.993 14.069   0.33
 8 175165715 6211922128.707022129.6406
 14.589  0.032  6.907  6.937-36.698-23.986  0.847  3.062  5.074
 -33.453 84.462 62.244  3.289 -0.062 -0.917 -8.993 14.069   0.33
 8 175165715 6211922128.707022129.6406
 14.578  0.052  7.027  7.075-35.435-22.732  0.621  0.302  5.074
 -33.453 84.462 62.244  3.289 -0.062 -0.917 -8.993 14.069   0.33
 8 275152213 6191422129.640622130.7637
 14.790 -0.322  5.492  5.130-18.370 -2.841  0.990  3.219  5.383
 -21.226 62.244 70.628  3.227 -0.410 -8.993 -3.979 14.023  -0.04
 8 275152213 6191422129.640622130.7637
 14.781 -0.202  5.845  5.617-18.021 -2.502  0.227  0.050  5.383
 -21.226 62.244 70.628  3.227 -0.410 -8.993 -3.979 14.023  -0.04
 8 275152213 6191422129.640622130.7637
 14.786 -0.330  5.226  4.855-19.636 -4.112  2.504  2.366  5.383
 -21.226 62.244 70.628  3.227 -0.410 -8.993 -3.979 14.023  -0.04
 8 275152213 6191422129.640622130.7637
 14.215 -0.109  5.037  4.915-20.586 -5.704  3.944  5.974  5.383
 -21.226 62.244 70.628  3.227 -0.410 -8.993 -3.979 14.023  -0.04
 8 275152213 6191422129.640622130.7637
 14.334 -0.342  6.393  6.009-20.344 -5.328 14.041 15.325  5.383
 -21.226 62.244 70.628  3.227 -0.410 -8.993 -3.979 14.023  -0.04
 8 275152213 6191422129.640622130.7637
 14.707 -0.205  7.045  6.815-23.458 -8.022  2.073  0.135  5.383
 -21.226 62.244 70.628  3.227 -0.410 -8.993 -3.979 14.023  -0.04
 8 275152213 6191422129.640622130.7637
 14.696 -0.291  6.937  6.610-23.986 -8.563  3.062  2.642  5.383
 -21.226 62.244 70.628  3.227 -0.410 -8.993 -3.979 14.023  -0.04
 8 275152213 6191422129.640622130.7637
 14.804 -0.031  7.075  7.041-22.732 -7.188  0.302  3.511  5.383
 -21.226 62.244 70.628  3.227 -0.410 -8.993 -3.979 14.023  -0.04
 8 3751821 7 7142222130.763722131.9063
 14.041 -0.295  5.617  5.281 -2.502 12.412  0.050  3.792  5.333
  -6.560 70.628 67.943  2.817  1.212 -3.979 17.094 14.547  -0.20
 8 3751821 7 7142222130.763722131.9063
 14.683 -0.343  4.855  4.463 -4.112 11.533  2.366  2.095  5.333
  -6.560 70.628 67.943  2.817  1.212 -3.979 17.094 14.547  -0.20
 8 3751821 7 7142222130.763722131.9063
 14.739 -0.249  4.702  4.418 -4.949 10.761  4.276  1.490  5.333
  -6.560 70.628 67.943  2.817  1.212 -3.979 17.094 14.547  -0.20
 8 3751821 7 7142222130.763722131.9063
 14.380 -0.224  4.915  4.659 -5.704  9.596  5.974  1.212  5.333
  -6.560 70.628 67.943  2.817  1.212 -3.979 17.094 14.547  -0.20
 8 3751821 7 7142222130.763722131.9063
 14.603 -0.334  6.009  5.628 -5.328 10.227 15.325 13.317  5.333
  -6.560 70.628 67.943  2.817  1.212 -3.979 17.094 14.547  -0.20
 8 3751821 7 7142222130.763722131.9063
 14.167 -0.447  6.874  6.364 -9.043  6.014  2.108  0.895  5.333
  -6.560 70.628 67.943  2.817  1.212 -3.979 17.094 14.547  -0.20
 8 3751821 5 2 7 822130.763722131.9063
 12.945 -1.084 10.031  8.794-13.196  0.466  0.050  4.555  9.335
 -15.702  4.320 19.378  2.018  2.285-24.635 -7.652 15.161  -0.34
 8 3751821 5 2 7 822130.763722131.9063
 13.305 -1.149 10.106  8.794-13.607  0.466  0.050  4.555  9.335
 -15.702  4.320 19.378  2.018  2.285-24.635 -7.652 15.161  -0.34
 8 3751821 5 2 7 822130.763722131.9063
 12.851 -0.756  9.680  8.817-14.540 -0.985  0.050  3.958  9.335
 -15.702  4.320 19.378  2.018  2.285-24.635 -7.652 15.161  -0.34
 8 3751821 5 2 7 822130.763722131.9063
 13.029 -0.710  9.977  9.167-14.606 -0.848  0.417  3.237  9.335
 -15.702  4.320 19.378  2.018  2.285-24.635 -7.652 15.161  -0.34
 8 475214514 8222322131.906322132.9473
 15.168  1.243  1.930  3.225  9.128 23.909  2.113  4.545  5.099
   8.930 67.943 87.956  4.029  0.664 17.094 28.409 14.369   0.34
 8 475214514 8222322131.906322132.9473
 14.405  0.897  2.934  3.868 10.880 24.865  3.914 10.544  5.099
   8.930 67.943 87.956  4.029  0.664 17.094 28.409 14.369   0.34
 8 475214514 8222322131.906322132.9473
 14.572  1.193  2.674  3.918 11.518 25.678  0.050  1.544  5.099
   8.930 67.943 87.956  4.029  0.664 17.094 28.409 14.369   0.34
 8 475214514 8222322131.906322132.9473
 14.517  0.841  4.418  5.295 10.761 24.864  1.490 11.747  5.099
   8.930 67.943 87.956  4.029  0.664 17.094 28.409 14.369   0.34
 8 475214514 8222322131.906322132.9473
 14.590  1.061  4.414  5.520  9.999 24.177  9.917  5.318  5.099
   8.930 67.943 87.956  4.029  0.664 17.094 28.409 14.369   0.34
 8 475214514 8222322131.906322132.9473
 14.976  0.826  4.659  5.520  9.596 24.177  1.212  5.318  5.099
   8.930 67.943 87.956  4.029  0.664 17.094 28.409 14.369   0.34
 8 475214514 8222322131.906322132.9473
 14.992  0.801  4.685  5.520  9.580 24.177  2.793  5.318  5.099
   8.930 67.943 87.956  4.029  0.664 17.094 28.409 14.369   0.34
 8 475214514 8222322131.906322132.9473
 14.915  0.972  4.896  5.909  9.125 23.643  0.201  0.988  5.099
   8.930 67.943 87.956  4.029  0.664 17.094 28.409 14.369   0.34
 8 475214514 8222322131.906322132.9473
 14.707  1.042  4.712  5.797  8.304 22.605  7.605  0.364  5.099
   8.930 67.943 87.956  4.029  0.664 17.094 28.409 14.369   0.34
 8 475214514 8222322131.906322132.9473
 14.844  1.241  4.698  5.990  7.375 21.818 10.918  0.188  5.099
   8.930 67.943 87.956  4.029  0.664 17.094 28.409 14.369   0.34
 8 4752145 1 7 81422131.906322132.9473
 14.119  0.166  8.794  8.967  0.466 14.153  4.555  0.050  8.950
   0.490 19.378 24.424  4.303 -2.464 -7.652-16.933 14.139   0.21
 8 4752145 1 7 81422131.906322132.9473
 13.934  0.303  7.662  7.977  0.275 13.770  0.962  1.450  8.950
   0.490 19.378 24.424  4.303 -2.464 -7.652-16.933 14.139   0.21
 8 4752145 1 7 81422131.906322132.9473
 14.131  0.091  7.908  8.003  0.070 13.771  0.790  1.215  8.950
   0.490 19.378 24.424  4.303 -2.464 -7.652-16.933 14.139   0.21
 8 4752145 1 7 81422131.906322132.9473
 14.232  0.026  8.817  8.844 -0.985 12.821  3.958  1.282  8.950
   0.490 19.378 24.424  4.303 -2.464 -7.652-16.933 14.139   0.21
 8 47521451817352522131.906322132.9473
 14.299 -0.059  7.776  7.715-40.942-27.067 12.984 22.147  8.807
 -47.714151.792127.671  8.923  0.771  3.842  1.084 15.119  -0.29
 8 47521451817352522131.906322132.9473
 14.163 -0.198  8.382  8.176-41.326-27.592 11.780  5.141  8.807
 -47.714151.792127.671  8.923  0.771  3.842  1.084 15.119  -0.29
 8 47521451817352522131.906322132.9473
 14.387  0.095  8.424  8.523-42.768-28.801  8.203  4.885  8.807
 -47.714151.792127.671  8.923  0.771  3.842  1.084 15.119  -0.29
 8 47521451817352522131.906322132.9473
 14.584  0.066  9.541  9.610-42.018-27.845  7.431 12.729  8.807
 -47.714151.792127.671  8.923  0.771  3.842  1.084 15.119  -0.29
 8 47521451817352522131.906322132.9473
 15.036  0.115  9.490  9.610-42.488-27.845  4.423 12.729  8.807
 -47.714151.792127.671  8.923  0.771  3.842  1.084 15.119  -0.29
 8 47521451817352522131.906322132.9473
 14.669 -0.303  8.839  8.523-43.062-28.801  4.535  4.885  8.807
 -47.714151.792127.671  8.923  0.771  3.842  1.084 15.119  -0.29
 8 47521451817352522131.906322132.9473
 14.727  0.030  6.946  6.976-45.134-30.812  1.784  1.979  8.807
 -47.714151.792127.671  8.923  0.771  3.842  1.084 15.119  -0.29
 8 47521451817352522131.906322132.9473
 14.750 -0.149  7.132  6.976-45.157-30.812  3.147  1.979  8.807
 -47.714151.792127.671  8.923  0.771  3.842  1.084 15.119  -0.29
 8 47521451817352522131.906322132.9473
 14.535 -0.345  8.252  7.892-45.064-30.943  2.233  0.050  8.807
 -47.714151.792127.671  8.923  0.771  3.842  1.084 15.119  -0.29
 8 47521451817352522131.906322132.9473
 14.816  0.129  8.890  9.024-44.575-30.161  2.590  4.186  8.807
 -47.714151.792127.671  8.923  0.771  3.842  1.084 15.119  -0.29
 8 47521451817352522131.906322132.9473
 14.684  0.139  8.570  8.715-45.947-31.670  0.330  5.264  8.807
 -47.714151.792127.671  8.923  0.771  3.842  1.084 15.119  -0.29
 8 47521451817352522131.906322132.9473
 14.629 -0.038  8.755  8.715-45.889-31.670  0.050  5.264  8.807
 -47.714151.792127.671  8.923  0.771  3.842  1.084 15.119  -0.29
 8 47521451817352522131.906322132.9473
 14.219  0.109  8.866  8.979-46.230-32.438  0.050  1.561  8.807
 -47.714151.792127.671  8.923  0.771  3.842  1.084 15.119  -0.29
 8 47521451817352522131.906322132.9473
 14.902  0.063  8.913  8.979-46.942-32.438  3.995  1.561  8.807
 -47.714151.792127.671  8.923  0.771  3.842  1.084 15.119  -0.29
 8 47521451817352522131.906322132.9473
 14.568 -0.307  9.209  8.890-48.080-33.924  3.651  3.425  8.807
 -47.714151.792127.671  8.923  0.771  3.842  1.084 15.119  -0.29
 8 47521451817352522131.906322132.9473
 14.162  0.034  7.052  7.088-52.082-38.349  2.306  5.100  8.807
 -47.714151.792127.671  8.923  0.771  3.842  1.084 15.119  -0.29
 8 47521451817352522131.906322132.9473
 14.194 -0.160  7.381  7.214-52.149-38.383  4.768  7.938  8.807
 -47.714151.792127.671  8.923  0.771  3.842  1.084 15.119  -0.29
 8 47521451817352522131.906322132.9473
 14.632 -0.229  9.123  8.885-52.859-38.637  3.467 33.407  8.807
 -47.714151.792127.671  8.923  0.771  3.842  1.084 15.119  -0.29
 8 47521451817352522131.906322132.9473
 14.420  0.151  9.585  9.742-53.890-39.889  5.132  2.832  8.807
 -47.714151.792127.671  8.923  0.771  3.842  1.084 15.119  -0.29
 8 47521451817352522131.906322132.9473
 14.283  0.027  9.953  9.982-53.522-39.664  4.892  1.993  8.807
 -47.714151.792127.671  8.923  0.771  3.842  1.084 15.119  -0.29
 8 57522451211232822132.947322133.7637
 13.704  0.034  2.473  2.501 26.606 36.981  1.329  0.050  5.450
  22.879 87.956 83.722  4.692  5.053 28.409 28.275 11.879   1.00
 8 57522451211232822132.947322133.7637
 13.730 -0.324  2.765  2.501 26.585 36.981  1.715  0.050  5.450
  22.879 87.956 83.722  4.692  5.053 28.409 28.275 11.879   1.00
 8 57522451211232822132.947322133.7637
 13.138 -0.268  3.918  3.699 25.678 35.591  1.544  7.828  5.450
  22.879 87.956 83.722  4.692  5.053 28.409 28.275 11.879   1.00
 8 57522451211232822132.947322133.7637
 13.566  0.005  5.295  5.299 24.864 35.126 11.747  4.905  5.450
  22.879 87.956 83.722  4.692  5.053 28.409 28.275 11.879   1.00
 8 57522451211232822132.947322133.7637
 13.598 -0.211  4.428  4.256 22.248 32.536  5.555  1.642  5.450
  22.879 87.956 83.722  4.692  5.053 28.409 28.275 11.879   1.00
 8 57522451211232822132.947322133.7637
 13.884 -0.213  4.675  4.501 21.593 32.115 10.014  6.241  5.450
  22.879 87.956 83.722  4.692  5.053 28.409 28.275 11.879   1.00
 8 57522451211232822132.947322133.7637
 13.789 -0.288  5.534  5.299 22.363 32.806  0.050  1.319  5.450
  22.879 87.956 83.722  4.692  5.053 28.409 28.275 11.879   1.00
 8 57522451211232822132.947322133.7637
 13.362  0.115  5.990  6.083 21.818 31.914  0.188  3.729  5.450
  22.879 87.956 83.722  4.692  5.053 28.409 28.275 11.879   1.00
 8 57522451211232822132.947322133.7637
 13.857 -0.149  6.927  6.805 22.985 33.484  2.954  0.583  5.450
  22.879 87.956 83.722  4.692  5.053 28.409 28.275 11.879   1.00
 8 57522451211232822132.947322133.7637
 13.669 -0.022  9.345  9.328 19.194 29.540  6.166  0.050  5.450
  22.879 87.956 83.722  4.692  5.053 28.409 28.275 11.879   1.00
 8 57522451411254122132.947322133.7637
 13.992  0.194  7.715  7.873-27.067-16.458 22.147 15.926  8.503
 -32.985127.671150.956  9.694 -0.090  1.084  3.411 13.601   0.43
 8 57522451411254122132.947322133.7637
 13.992  0.047  8.176  8.214-27.592-16.982  5.141  4.777  8.503
 -32.985127.671150.956  9.694 -0.090  1.084  3.411 13.601   0.43
 8 57522451411254122132.947322133.7637
 14.510  0.190  9.610  9.765-27.845-16.813 12.729 11.092  8.503
 -32.985127.671150.956  9.694 -0.090  1.084  3.411 13.601   0.43
 8 57522451411254122132.947322133.7637
 14.087 -0.043  9.651  9.616-28.358-17.671  3.964  1.301  8.503
 -32.985127.671150.956  9.694 -0.090  1.084  3.411 13.601   0.43
 8 57522451411254122132.947322133.7637
 14.398 -0.036  9.067  9.038-29.034-18.094  3.522  2.273  8.503
 -32.985127.671150.956  9.694 -0.090  1.084  3.411 13.601   0.43
 8 57522451411254122132.947322133.7637
 14.184  0.309  8.523  8.776-28.801-18.035  4.885  0.251  8.503
 -32.985127.671150.956  9.694 -0.090  1.084  3.411 13.601   0.43
 8 57522451411254122132.947322133.7637
 14.753  0.378  6.347  6.655-30.600-19.371  3.829  3.853  8.503
 -32.985127.671150.956  9.694 -0.090  1.084  3.411 13.601   0.43
 8 57522451411254122132.947322133.7637
 14.293  0.335  7.214  7.486-38.383-27.528  7.938  5.400  8.503
 -32.985127.671150.956  9.694 -0.090  1.084  3.411 13.601   0.43
 8 57522451411254122132.947322133.7637
 13.875 -0.045  8.394  8.358-38.027-27.513  1.543  2.608  8.503
 -32.985127.671150.956  9.694 -0.090  1.084  3.411 13.601   0.43
 8 57522451411254122132.947322133.7637
 14.302  0.226  8.173  8.358-38.375-27.513  0.050  2.608  8.503
 -32.985127.671150.956  9.694 -0.090  1.084  3.411 13.601   0.43
 8 57522451411254122132.947322133.7637
 14.719  0.272  9.742  9.964-39.889-28.686  2.832  1.472  8.503
 -32.985127.671150.956  9.694 -0.090  1.084  3.411 13.601   0.43
 8 57522451411254122132.947322133.7637
 14.444 -0.021  9.982  9.964-39.664-28.686  1.993  1.472  8.503
 -32.985127.671150.956  9.694 -0.090  1.084  3.411 13.601   0.43
 8 67518191315281622133.763722134.8145
 14.623  0.128  3.699  3.834 35.591 49.936  7.828  4.104  6.269
  31.766 83.722 57.405  9.746 -3.234 28.275 39.546 14.205   0.38
 8 67518191315281622133.763722134.8145
 13.897  0.279  5.004  5.297 35.621 49.204  7.506  4.146  6.269
  31.766 83.722 57.405  9.746 -3.234 28.275 39.546 14.205   0.38
 8 67518191315281622133.763722134.8145
 14.368 -0.002  5.299  5.297 35.126 49.204  4.905  4.146  6.269
  31.766 83.722 57.405  9.746 -3.234 28.275 39.546 14.205   0.38
 8 67518191315281622133.763722134.8145
 13.773 -0.094  3.871  3.773 33.865 47.316  9.426  0.050  6.269
  31.766 83.722 57.405  9.746 -3.234 28.275 39.546 14.205   0.38
 8 67518191315281622133.763722134.8145
 14.388  0.008  4.501  4.509 32.115 46.213  6.241  6.622  6.269
  31.766 83.722 57.405  9.746 -3.234 28.275 39.546 14.205   0.38
 8 67518191315281622133.763722134.8145
 13.987  0.241  4.256  4.509 32.536 46.213  1.642  6.622  6.269
  31.766 83.722 57.405  9.746 -3.234 28.275 39.546 14.205   0.38
 8 67518191315281622133.763722134.8145
 13.893  0.109  6.083  6.198 31.914 45.493  3.729  6.174  6.269
  31.766 83.722 57.405  9.746 -3.234 28.275 39.546 14.205   0.38
 8 67518191315281622133.763722134.8145
 14.115  0.317  8.483  8.816 24.229 38.040  5.990  2.751  6.269
  31.766 83.722 57.405  9.746 -3.234 28.275 39.546 14.205   0.38
 8 67518191315281622133.763722134.8145
 14.524  0.007  8.809  8.816 23.799 38.040  4.417  2.751  6.269
  31.766 83.722 57.405  9.746 -3.234 28.275 39.546 14.205   0.38
 8 67518191315281622133.763722134.8145
 14.475  0.021 10.883 10.905 24.283 38.473  2.669  0.677  6.269
  31.766 83.722 57.405  9.746 -3.234 28.275 39.546 14.205   0.38
 8 67518191315281622133.763722134.8145
 14.132  0.295 10.352 10.663 24.275 38.105  3.035  2.671  6.269
  31.766 83.722 57.405  9.746 -3.234 28.275 39.546 14.205   0.38
 8 67518192120413022133.763722134.8145
 13.892  0.057  7.873  7.933-16.458 -2.880 15.926 16.648  8.852
 -22.694150.956127.990  9.604  0.633  3.411 -0.437 14.639   0.58
 8 67518192120413022133.763722134.8145
 14.029  0.127  8.214  8.348-16.982 -3.261  4.777  6.528  8.852
 -22.694150.956127.990  9.604  0.633  3.411 -0.437 14.639   0.58
 8 67518192120413022133.763722134.8145
 14.223  0.447  9.765 10.235-16.813 -2.888 11.092  3.524  8.852
 -22.694150.956127.990  9.604  0.633  3.411 -0.437 14.639   0.58
 8 67518192120413022133.763722134.8145
 14.276  0.342 12.575 12.934-17.244 -3.263  1.095  1.861  8.852
 -22.694150.956127.990  9.604  0.633  3.411 -0.437 14.639   0.58
 8 67518192120413022133.763722134.8145
 14.213  0.241  9.616  9.869-17.671 -3.757  1.301 18.526  8.852
 -22.694150.956127.990  9.604  0.633  3.411 -0.437 14.639   0.58
 8 67518192120413022133.763722134.8145
 14.094  0.527  6.168  6.723-19.388 -5.599  2.534  0.050  8.852
 -22.694150.956127.990  9.604  0.633  3.411 -0.437 14.639   0.58
 8 67518192120413022133.763722134.8145
 14.077  0.064  6.655  6.723-19.371 -5.599  3.853  0.050  8.852
 -22.694150.956127.990  9.604  0.633  3.411 -0.437 14.639   0.58
 8 67518192120413022133.763722134.8145
 14.145  0.417  9.544  9.983-18.984 -5.142  6.546  3.270  8.852
 -22.694150.956127.990  9.604  0.633  3.411 -0.437 14.639   0.58
 8 67518192120413022133.763722134.8145
 14.410  0.366  8.450  8.835-25.483-11.361  5.697  0.050  8.852
 -22.694150.956127.990  9.604  0.633  3.411 -0.437 14.639   0.58
 8 67518192120413022133.763722134.8145
 13.986  0.085  8.806  8.896-25.355-11.679  0.050  8.182  8.852
 -22.694150.956127.990  9.604  0.633  3.411 -0.437 14.639   0.58
 8 67518192120413022133.763722134.8145
 13.862  0.180  8.358  8.547-27.513-13.967  2.608  1.370  8.852
 -22.694150.956127.990  9.604  0.633  3.411 -0.437 14.639   0.58
 8 67518192120413022133.763722134.8145
 14.202  0.259  7.982  8.254-27.021-13.118  0.139  4.971  8.852
 -22.694150.956127.990  9.604  0.633  3.411 -0.437 14.639   0.58
 8 67518192120413022133.763722134.8145
 13.926  0.156  8.090  8.254-26.731-13.118  2.681  4.971  8.852
 -22.694150.956127.990  9.604  0.633  3.411 -0.437 14.639   0.58
 8 67518192120413022133.763722134.8145
 14.316  0.353  9.964 10.336-28.686-14.663  1.472  2.404  8.852
 -22.694150.956127.990  9.604  0.633  3.411 -0.437 14.639   0.58
 8 67518192120413022133.763722134.8145
 14.368  0.066 10.150 10.219-29.217-15.140  4.107  0.820  8.852
 -22.694150.956127.990  9.604  0.633  3.411 -0.437 14.639   0.58
 8 67518192120413022133.763722134.8145
 14.066  0.213 10.539 10.763-28.989-15.230  3.785  2.976  8.852
 -22.694150.956127.990  9.604  0.633  3.411 -0.437 14.639   0.58
 8 97517442526515122136.738322137.7910
 14.677 -0.300  8.193  7.878 22.524 36.926 10.541 27.776  9.118
  17.057134.953111.375  9.530 -0.252  1.351  2.535 14.954  -0.47
 8 97517442526515122136.738322137.7910
 15.035 -0.384 10.069  9.665 23.580 38.358  3.685  2.109  9.118
  17.057134.953111.375  9.530 -0.252  1.351  2.535 14.954  -0.47
 8 97517442526515122136.738322137.7910
 14.713 -0.425  9.902  9.456 23.069 37.509  9.991  3.698  9.118
  17.057134.953111.375  9.530 -0.252  1.351  2.535 14.954  -0.47
 8 97517442526515122136.738322137.7910
 15.139 -0.450  9.929  9.456 22.622 37.509  0.783  3.698  9.118
  17.057134.953111.375  9.530 -0.252  1.351  2.535 14.954  -0.47
 8 97517442526515122136.738322137.7910
 14.636 -0.480  9.591  9.086 22.132 36.491  5.853  2.593  9.118
  17.057134.953111.375  9.530 -0.252  1.351  2.535 14.954  -0.47
 8 97517442526515122136.738322137.7910
 15.013 -0.051  8.726  8.672 19.492 34.247  0.925  0.050  9.118
  17.057134.953111.375  9.530 -0.252  1.351  2.535 14.954  -0.47
 8 97517442526515122136.738322137.7910
 15.532 -0.130  7.851  7.714 18.676 33.977  5.765  6.100  9.118
  17.057134.953111.375  9.530 -0.252  1.351  2.535 14.954  -0.47
 8 97517442526515122136.738322137.7910
 14.772 -0.081  7.411  7.325 17.548 32.050  1.470  0.206  9.118
  17.057134.953111.375  9.530 -0.252  1.351  2.535 14.954  -0.47
 8 97517442526515122136.738322137.7910
 14.831 -0.480  8.182  7.677 18.186 32.750  3.264  2.366  9.118
  17.057134.953111.375  9.530 -0.252  1.351  2.535 14.954  -0.47
 8 97517442526515122136.738322137.7910
 14.694 -0.369  8.370  7.982 17.645 32.065  2.001  0.050  9.118
  17.057134.953111.375  9.530 -0.252  1.351  2.535 14.954  -0.47
 8 97517442526515122136.738322137.7910
 15.388 -0.191  9.002  8.801 17.063 32.213  2.477  3.605  9.118
  17.057134.953111.375  9.530 -0.252  1.351  2.535 14.954  -0.47
 8 97517442526515122136.738322137.7910
 14.724 -0.263  8.301  8.025 16.851 31.302  0.230  1.845  9.118
  17.057134.953111.375  9.530 -0.252  1.351  2.535 14.954  -0.47
 8 97517442526515122136.738322137.7910
 15.286 -0.255  8.293  8.025 16.260 31.302  0.050  1.845  9.118
  17.057134.953111.375  9.530 -0.252  1.351  2.535 14.954  -0.47
 8 97517442526515122136.738322137.7910
 14.568 -0.513  8.746  8.207 16.200 30.487  0.189  0.543  9.118
  17.057134.953111.375  9.530 -0.252  1.351  2.535 14.954  -0.47
 8 97517442526515122136.738322137.7910
 15.413 -0.064  8.093  8.025 16.126 31.302  0.050  1.845  9.118
  17.057134.953111.375  9.530 -0.252  1.351  2.535 14.954  -0.47
 8 97517442526515122136.738322137.7910
 15.193 -0.182  8.331  8.139 15.228 30.172  3.750  0.674  9.118
  17.057134.953111.375  9.530 -0.252  1.351  2.535 14.954  -0.47
 8 97517442526515122136.738322137.7910
 15.056 -0.394  9.053  8.639 15.277 30.077  1.388  3.412  9.118
  17.057134.953111.375  9.530 -0.252  1.351  2.535 14.954  -0.47
 8 97517442526515122136.738322137.7910
 14.555 -0.162  9.124  8.954 14.213 28.487  4.351  1.722  9.118
  17.057134.953111.375  9.530 -0.252  1.351  2.535 14.954  -0.47
 8 97517442526515122136.738322137.7910
 15.170 -0.389  8.182  7.774 12.616 27.536  2.956  0.050  9.118
  17.057134.953111.375  9.530 -0.252  1.351  2.535 14.954  -0.47
 8 97517442526515122136.738322137.7910
 14.817 -0.075  7.112  7.034 11.717 26.266  4.345  0.122  9.118
  17.057134.953111.375  9.530 -0.252  1.351  2.535 14.954  -0.47
 8 97517442526515122136.738322137.7910
 14.796 -0.487  8.687  8.175 12.123 26.650  1.233  0.126  9.118
  17.057134.953111.375  9.530 -0.252  1.351  2.535 14.954  -0.47
 8 97517442526515122136.738322137.7910
 15.536 -0.277 10.193  9.901 11.843 27.148  0.890  1.042  9.118
  17.057134.953111.375  9.530 -0.252  1.351  2.535 14.954  -0.47
 8 97517442526515122136.738322137.7910
 14.965 -0.155  8.613  8.450 10.266 24.971  4.745  1.897  9.118
  17.057134.953111.375  9.530 -0.252  1.351  2.535 14.954  -0.47
 8 97517442526515122136.738322137.7910
 14.639 -0.122 10.218 10.090 10.975 25.337 11.741  4.370  9.118
  17.057134.953111.375  9.530 -0.252  1.351  2.535 14.954  -0.47
 8107518582130515422137.791022138.7598
 14.222 -0.056  7.878  7.823 36.926 49.774 27.776  8.893  8.622
  31.750111.375139.711  9.278 -0.918  2.535  5.632 13.646  -0.10
 8107518582130515422137.791022138.7598
 14.328 -0.045  9.086  9.042 36.491 49.442  2.593  1.237  8.622
  31.750111.375139.711  9.278 -0.918  2.535  5.632 13.646  -0.10
 8107518582130515422137.791022138.7598
 14.216  0.047  9.860  9.905 36.438 49.280  1.695  4.689  8.622
  31.750111.375139.711  9.278 -0.918  2.535  5.632 13.646  -0.10
 8107518582130515422137.791022138.7598
 13.896  0.226  9.686  9.905 36.748 49.280  0.050  4.689  8.622
  31.750111.375139.711  9.278 -0.918  2.535  5.632 13.646  -0.10
 8107518582130515422137.791022138.7598
 14.106 -0.132  9.799  9.671 36.990 49.725  2.026  2.449  8.622
  31.750111.375139.711  9.278 -0.918  2.535  5.632 13.646  -0.10
 8107518582130515422137.791022138.7598
 13.570  0.221  9.456  9.671 37.509 49.725  3.698  2.449  8.622
  31.750111.375139.711  9.278 -0.918  2.535  5.632 13.646  -0.10
 8107518582130515422137.791022138.7598
 13.599  0.000  7.714  7.715 33.977 46.220  6.100  0.572  8.622
  31.750111.375139.711  9.278 -0.918  2.535  5.632 13.646  -0.10
 8107518582130515422137.791022138.7598
 14.270  0.048  8.672  8.719 34.247 47.141  0.050  2.923  8.622
  31.750111.375139.711  9.278 -0.918  2.535  5.632 13.646  -0.10
 8107518582130515422137.791022138.7598
 13.640  0.259  7.677  7.928 32.750 45.033  2.366  3.231  8.622
  31.750111.375139.711  9.278 -0.918  2.535  5.632 13.646  -0.10
 8107518582130515422137.791022138.7598
 14.368  0.033  7.891  7.923 32.006 44.996  0.050  3.325  8.622
  31.750111.375139.711  9.278 -0.918  2.535  5.632 13.646  -0.10
 8107518582130515422137.791022138.7598
 14.308 -0.061  7.982  7.923 32.065 44.996  0.050  3.325  8.622
  31.750111.375139.711  9.278 -0.918  2.535  5.632 13.646  -0.10
 8107518582130515422137.791022138.7598
 14.073  0.150  8.025  8.171 31.302 44.005  1.845  4.152  8.622
  31.750111.375139.711  9.278 -0.918  2.535  5.632 13.646  -0.10
 8107518582130515422137.791022138.7598
 13.681  0.194  7.040  7.228 30.146 42.469  1.501  4.627  8.622
  31.750111.375139.711  9.278 -0.918  2.535  5.632 13.646  -0.10
 8107518582130515422137.791022138.7598
 13.995  0.055  7.518  7.571 30.609 43.237  2.724  2.816  8.622
  31.750111.375139.711  9.278 -0.918  2.535  5.632 13.646  -0.10
 8107518582130515422137.791022138.7598
 13.669  0.100  7.474  7.571 30.926 43.237  2.186  2.816  8.622
  31.750111.375139.711  9.278 -0.918  2.535  5.632 13.646  -0.10
 8107518582130515422137.791022138.7598
 14.145  0.136  7.599  7.731 29.594 42.367  3.688  1.561  8.622
  31.750111.375139.711  9.278 -0.918  2.535  5.632 13.646  -0.10
 8107518582130515422137.791022138.7598
 13.512 -0.057  8.139  8.084 30.172 42.331  0.674  1.732  8.622
  31.750111.375139.711  9.278 -0.918  2.535  5.632 13.646  -0.10
 8107518582130515422137.791022138.7598
 13.804  0.056  8.639  8.694 30.077 42.519  3.412  1.761  8.622
  31.750111.375139.711  9.278 -0.918  2.535  5.632 13.646  -0.10
 8107518582130515422137.791022138.7598
 13.919 -0.036  6.819  6.784 27.685 40.238  0.050  1.674  8.622
  31.750111.375139.711  9.278 -0.918  2.535  5.632 13.646  -0.10
 8107518582130515422137.791022138.7598
 13.867  0.283  8.175  8.450 26.650 39.153  0.126  2.210  8.622
  31.750111.375139.711  9.278 -0.918  2.535  5.632 13.646  -0.10
 8107518582130515422137.791022138.7598
 14.047  0.137  9.245  9.379 26.763 39.441  4.642  0.050  8.622
  31.750111.375139.711  9.278 -0.918  2.535  5.632 13.646  -0.10
 8107518582130515422137.791022138.7598
 13.888  0.294  9.314  9.599 24.164 36.688  3.394  0.050  8.622
  31.750111.375139.711  9.278 -0.918  2.535  5.632 13.646  -0.10
 8107518582130515422137.791022138.7598
 13.869 -0.084  9.680  9.599 24.182 36.688  4.450  0.050  8.622
  31.750111.375139.711  9.278 -0.918  2.535  5.632 13.646  -0.10
 8107518582130515422137.791022138.7598
 14.179 -0.022  9.821  9.799 23.703 36.509  1.791  3.995  8.622
  31.750111.375139.711  9.278 -0.918  2.535  5.632 13.646  -0.10
 8107518582130515422137.791022138.7598
 13.613 -0.127 10.615 10.492 25.814 38.071  0.050  9.634  8.622
  31.750111.375139.711  9.278 -0.918  2.535  5.632 13.646  -0.10
 816751727 3 3 6 122143.726622144.7266
 13.753 -0.115-11.547-11.433-45.595-32.821  0.849  1.932-12.062
 -43.684  8.800  1.932  4.732 -4.732 -6.954  0.000 11.843  -0.63
 816751727 3 3 6 122143.726622144.7266
 14.185 -0.153-11.586-11.433-46.027-32.821  0.050  1.932-12.062
 -43.684  8.800  1.932  4.732 -4.732 -6.954  0.000 11.843  -0.63
 816751727 3 3 6 122143.726622144.7266
 14.315 -0.405-11.838-11.433-46.157-32.821  3.569  1.932-12.062
 -43.684  8.800  1.932  4.732 -4.732 -6.954  0.000 11.843  -0.63
 820751633 0 0 1 322147.689522148.7598
 12.804  1.395  8.001  9.493-15.358 -2.713  0.021  3.015  8.001
 -15.358  0.021  3.661  0.000  2.015  0.000 29.295 12.510   1.56
 821751813 0 0 1 122148.759822149.7266
 13.519 -0.840  8.057  7.244 33.897 46.019  2.191  3.855  8.057
  33.897  2.191  3.855  0.000  0.000  0.000  0.000 13.519  -0.84
 825751630 2 6 8 622152.687522153.7480
 13.555 -0.225-10.908-10.669 29.134 42.452 14.664  0.050-11.006
  27.471 21.773 30.374  5.032  0.945  3.372-10.595 13.249   0.17
 825751630 2 6 8 622152.687522153.7480
 13.927 -0.472-11.390-10.891 24.028 37.739  4.470  6.994-11.006
  27.471 21.773 30.374  5.032  0.945  3.372-10.595 13.249   0.17
 825751630 2 6 8 622152.687522153.7480
 13.611 -0.213-10.994-10.768 22.499 35.876  0.432  0.828-11.006
  27.471 21.773 30.374  5.032  0.945  3.372-10.595 13.249   0.17
 825751630 2 6 8 622152.687522153.7480
 14.251 -0.130-11.600-11.463 22.662 36.717  0.050  2.241-11.006
  27.471 21.773 30.374  5.032  0.945  3.372-10.595 13.249   0.17
 825751630 2 6 8 622152.687522153.7480
 13.609 -0.372-11.857-11.463 23.343 36.717  0.898  2.241-11.006
  27.471 21.773 30.374  5.032  0.945  3.372-10.595 13.249   0.17
 9 3751755 2 7 91122161.746122162.7090
 15.222  0.711  9.100  9.785 -6.247  7.450  4.456  0.050  8.248
  -7.788  8.903 13.103  3.538  0.465-28.916-21.511 15.517   0.44
 9 3751755 2 7 91122161.746122162.7090
 15.479  0.792  8.446  9.208 -5.867  8.076  0.050  3.301  8.248
  -7.788  8.903 13.103  3.538  0.465-28.916-21.511 15.517   0.44
 9 3751755 2 7 91122161.746122162.7090
 14.593  0.537  7.352  7.869 -8.467  4.624  0.451  0.424  8.248
  -7.788  8.903 13.103  3.538  0.465-28.916-21.511 15.517   0.44
 9 3751755 2 7 91122161.746122162.7090
 14.633  0.811  7.089  7.869 -8.506  4.624  0.169  0.424  8.248
  -7.788  8.903 13.103  3.538  0.465-28.916-21.511 15.517   0.44
 9 3751755 2 7 91122161.746122162.7090
 15.073  0.944  7.171  8.079 -9.825  3.729  1.088  2.411  8.248
  -7.788  8.903 13.103  3.538  0.465-28.916-21.511 15.517   0.44
 9 3751755 2 7 91122161.746122162.7090
 15.204  0.786  7.971  8.726 -8.401  5.278  0.050  0.316  8.248
  -7.788  8.903 13.103  3.538  0.465-28.916-21.511 15.517   0.44
 9 47517 0 5 611 622162.709022163.7285
 14.383 -0.394  9.208  8.805  8.076 21.757  3.301  3.849  8.670
   6.192 13.103  6.077  4.003  1.318-21.511-11.864 14.338  -0.26
 9 47517 0 5 611 622162.709022163.7285
 13.983 -0.231  8.079  7.842  3.729 17.001  2.411  1.061  8.670
   6.192 13.103  6.077  4.003  1.318-21.511-11.864 14.338  -0.26
 9 47517 0 5 611 622162.709022163.7285
 13.807 -0.467  6.657  6.180  1.673 14.766  0.627  0.050  8.670
   6.192 13.103  6.077  4.003  1.318-21.511-11.864 14.338  -0.26
 9 7751653 0 0 1 122165.705122166.8008
 14.000 -0.019 -8.288 -8.268-46.880-32.614 13.244 14.059 -8.288
 -46.880 13.244 14.059  0.000  0.000  0.000  0.000 14.000  -0.02
 9 8751912 0 0 1 122166.800822167.7207
 13.952  0.103 -8.268 -8.363-32.614-20.680 14.059 15.240 -8.268
 -32.614 14.059 15.240  0.000  0.000  0.000  0.000 13.952   0.10
 9 9751717 0 0 1 222167.720722168.7227
 13.729  0.038 -8.363 -8.400-20.680 -7.898 15.240 12.898 -8.363
 -20.680 15.240 13.151  0.000  1.903  0.000-62.326 13.712   0.01
 910751721 1 1 2 222168.722722169.6309
 14.034  0.104 -8.400 -8.495 -7.898  3.957 12.898 10.600 -8.368
  -7.915 13.151 10.666  1.903  0.537-62.326-33.109 14.039   0.13
 9117515 9 1 1 2 222169.630922170.7422
 14.392  0.397 -7.162 -7.604  1.891 16.799  0.066  1.414 -8.486
   3.944 10.666 19.753  2.440 -0.267-33.109-15.452 14.312  -0.31
 912751750 1 1 2 122170.742222171.7012
 14.075  0.555 -8.183 -8.714 18.915 31.452 18.339 16.631 -8.141
  18.764 19.753 16.631  2.173 -2.173-15.452  0.000 14.233   0.60
 913751649 0 0 1 122171.701222172.6895
 14.480  0.173 -8.714 -8.886 31.452 44.799 16.631  9.107 -8.714
  31.452 16.631  9.107  0.000  0.000  0.000  0.000 14.480   0.17
 9157522 3 0 0 1 422173.918022174.7734
 14.966 -0.139  8.415  8.296-20.201 -8.248  2.554  0.340  8.415
 -20.201  2.554  3.738  0.000  0.935  0.000-11.685 14.841   0.11
 916751834 3 1 4 522174.773422175.7520
 14.624 -0.262  8.930  8.674 -7.265  6.092  0.480  0.050  8.511
  -8.355  3.738 20.130  0.935  1.434-11.685 18.545 14.637   0.47
 916751834 3 1 4 522174.773422175.7520
 14.629 -0.093  8.476  8.385 -7.188  6.173  0.050  1.098  8.511
  -8.355  3.738 20.130  0.935  1.434-11.685 18.545 14.637   0.47
 916751834 3 1 4 522174.773422175.7520
 14.472  0.130  8.467  8.595 -8.570  4.637  2.868  6.979  8.511
  -8.355  3.738 20.130  0.935  1.434-11.685 18.545 14.637   0.47
10 1751718 0 0 1 122189.720722190.7578
 13.362  0.538 32.150 32.707-57.226-44.402 10.437 18.871 32.150
 -57.226 10.437 18.871  0.000  0.000  0.000  0.000 13.362   0.54
10 2751810 0 0 1 122190.757822191.6973
 13.798  0.359 32.707 33.045-44.402-32.354 18.871 22.577 32.707
 -44.402 18.871 22.577  0.000  0.000  0.000  0.000 13.798   0.36
10 3751644 0 0 1 122191.697322192.6719
 13.289 -0.129 33.045 32.920-32.354-20.367 22.577 18.754 33.045
 -32.354 22.577 18.754  0.000  0.000  0.000  0.000 13.289  -0.13
10 47516 7 0 0 1 322192.671922193.8965
 13.350 -0.144 32.920 32.744-20.367 -5.212 18.754 18.337 32.920
 -20.367 18.754 19.882  0.000  1.602  0.000 18.712 13.236  -0.11
10 8751658 0 0 1 122196.707022197.7070
 13.790  0.190 33.039 33.229 31.214 44.018 15.522 14.358 33.039
  31.214 15.522 14.358  0.000  0.000  0.000  0.000 13.790   0.19
1012751853 4 5 9 822200.787122201.7109
 15.512 -0.434  6.044  5.643-21.149 -7.743  2.538  0.050  5.263
 -17.799 18.242 25.862  5.556 -1.512 -0.284  5.189 15.440  -0.17
1012751853 4 5 9 822200.787122201.7109
 15.710 -0.281  5.903  5.643-21.333 -7.743  2.276  0.050  5.263
 -17.799 18.242 25.862  5.556 -1.512 -0.284  5.189 15.440  -0.17
1012751853 4 5 9 822200.787122201.7109
 15.766 -0.580  6.151  5.616-18.218 -4.578  0.050  5.415  5.263
 -17.799 18.242 25.862  5.556 -1.512 -0.284  5.189 15.440  -0.17
10137517 3 3 5 8 922201.710922202.7207
 14.444  0.420  5.197  5.622 -2.567 11.031  8.448  8.395  5.110
  -4.459 25.862 45.341  4.044  1.294  5.189  7.793 14.548   0.20
10137517 3 3 5 8 922201.710922202.7207
 14.560  0.185  4.565  4.751 -3.169 10.546  6.130 10.051  5.110
  -4.459 25.862 45.341  4.044  1.294  5.189  7.793 14.548   0.20
10137517 3 3 5 8 922201.710922202.7207
 14.109  0.489  5.616  6.110 -4.578  8.682  5.415  2.897  5.110
  -4.459 25.862 45.341  4.044  1.294  5.189  7.793 14.548   0.20
10137517 3 3 5 8 922201.710922202.7207
 14.802  0.430  5.676  6.110 -5.278  8.682  0.050  2.897  5.110
  -4.459 25.862 45.341  4.044  1.294  5.189  7.793 14.548   0.20
10137517 3 3 5 8 922201.710922202.7207
 14.050  0.490  4.531  5.026 -9.196  4.004  3.120  1.896  5.110
  -4.459 25.862 45.341  4.044  1.294  5.189  7.793 14.548   0.20
11 4751827 1 3 4 522223.769522224.7539
 15.589  0.406 -4.090 -4.490-15.171 -0.780  0.050 10.749 -4.670
 -14.433  9.137 18.816  3.873 -1.695-25.158-17.562 15.179  -0.02
11 4751827 1 3 4 522223.769522224.7539
 15.887  0.005 -3.224 -3.229-17.484 -2.800  1.361  0.050 -4.670
 -14.433  9.137 18.816  3.873 -1.695-25.158-17.562 15.179  -0.02
11 4751827 1 3 4 522223.769522224.7539
 15.014  0.388 -3.806 -4.188-16.861 -3.037  0.130  1.866 -4.670
 -14.433  9.137 18.816  3.873 -1.695-25.158-17.562 15.179  -0.02
11 57518 6 1 4 5 522224.753922225.7715
 15.117 -0.962 -5.094 -4.115  0.961 15.338  6.100  4.420 -4.650
  -0.447 18.816  8.577  2.178  3.795-17.562 -7.495 14.230  -1.00
11 57518 6 1 4 5 522224.753922225.7715
 15.196 -1.314 -4.490 -3.153 -0.780 13.676 10.749  1.394 -4.650
  -0.447 18.816  8.577  2.178  3.795-17.562 -7.495 14.230  -1.00
11 57518 6 1 2 31222224.753922225.7715
 13.803 -0.616  1.531  0.904-53.830-40.790  3.445  0.050  2.637
 -52.561 17.447 21.318  3.552  0.764-34.462 -9.970 13.306  -1.59
11 57518 6 1 2 31222224.753922225.7715
 13.663 -0.571  1.373  0.792-54.727-41.829  3.690  0.883  2.637
 -52.561 17.447 21.318  3.552  0.764-34.462 -9.970 13.306  -1.59
11 6751830 111121322225.771522226.8047
 14.476 -0.016 -1.387  1.370-40.955-27.025  0.116  0.050  1.023
 -40.028 21.318 17.705  4.316 -0.125 -9.970  0.169 14.054   2.52
11 6751830 111121322225.771522226.8047
 14.315 -0.369 -1.357  0.976-41.430-27.666  0.825  0.310  1.023
 -40.028 21.318 17.705  4.316 -0.125 -9.970  0.169 14.054   2.52
11 6751830 111121322225.771522226.8047
 13.862  0.787 -0.815  1.628-41.420-28.124  0.050  0.050  1.023
 -40.028 21.318 17.705  4.316 -0.125 -9.970  0.169 14.054   2.52
11 7751918 112131222226.804722227.7695
 14.138  0.059  3.616  3.673-24.104-11.418  7.465 13.701  3.623
 -26.533 17.705 27.781  4.190 -0.454  0.169-17.067 14.776  -0.52
11 7751918 112131222226.804722227.7695
 14.586  0.039  0.976  1.013-27.666-14.548  0.310  0.822  3.623
 -26.533 17.705 27.781  4.190 -0.454  0.169-17.067 14.776  -0.52
11 7751918 112131222226.804722227.7695
 14.497 -0.145  1.370  1.230-27.025-13.992  0.050  2.779  3.623
 -26.533 17.705 27.781  4.190 -0.454  0.169-17.067 14.776  -0.52
11 7751918 112131222226.804722227.7695
 14.444  0.173  2.843  3.010-27.023-14.042  4.115  3.777  3.623
 -26.533 17.705 27.781  4.190 -0.454  0.169-17.067 14.776  -0.52
11 7751918 112131222226.804722227.7695
 14.674  0.141  1.628  1.764-28.124-14.921  0.050  0.261  3.623
 -26.533 17.705 27.781  4.190 -0.454  0.169-17.067 14.776  -0.52
11 7751918 112131222226.804722227.7695
 14.142  0.282  2.576  2.848-28.406-15.715  0.050  0.050  3.623
 -26.533 17.705 27.781  4.190 -0.454  0.169-17.067 14.776  -0.52
11 7751918 112131222226.804722227.7695
 14.974 -0.097  4.882  4.788-30.467-16.974  0.050  3.183  3.623
 -26.533 17.705 27.781  4.190 -0.454  0.169-17.067 14.776  -0.52
11 8751827 111121722227.769522228.6875
 17.665  0.895  3.010  3.832-14.042  1.271  3.777  9.255  3.117
 -13.231 27.781 28.986  3.736 -0.904-17.067-18.640 15.784   0.16
11 8751827 111121722227.769522228.6875
 17.835  0.592  1.576  2.119-15.229  0.240  2.820  0.050  3.117
 -13.231 27.781 28.986  3.736 -0.904-17.067-18.640 15.784   0.16
11 8751827 111121722227.769522228.6875
 17.752  0.980  1.013  1.912-14.548  0.844  0.822  2.118  3.117
 -13.231 27.781 28.986  3.736 -0.904-17.067-18.640 15.784   0.16
11 975162911 617 922228.687522229.7480
 13.633 -0.289  2.916  2.610  2.807 16.218  0.428  0.050  3.264
   0.355 28.986  9.539  2.832  0.576-18.640-47.761 14.025   0.25
11 975162911 617 922228.687522229.7480
 14.496 -0.188  2.810  2.610  1.892 16.218  0.253  0.050  3.264
   0.355 28.986  9.539  2.832  0.576-18.640-47.761 14.025   0.25
11 975162911 617 922228.687522229.7480
 14.172 -0.187  1.052  0.854 -1.537 12.447  1.353  0.050  3.264
   0.355 28.986  9.539  2.832  0.576-18.640-47.761 14.025   0.25
11 975162911 617 922228.687522229.7480
 14.349 -0.305  1.282  0.959 -2.316 11.855  1.700  0.050  3.264
   0.355 28.986  9.539  2.832  0.576-18.640-47.761 14.025   0.25
11 975162911 617 922228.687522229.7480
 14.055 -0.334  3.214  2.860 -1.065 12.794  6.877  1.646  3.264
   0.355 28.986  9.539  2.832  0.576-18.640-47.761 14.025   0.25
11 975162911 617 922228.687522229.7480
 14.505 -0.113  3.607  3.487  0.939 15.275  2.630  0.589  3.264
   0.355 28.986  9.539  2.832  0.576-18.640-47.761 14.025   0.25
11 975162911 617 922228.687522229.7480
 14.192 -0.325  3.832  3.487  1.271 15.275  9.255  0.589  3.264
   0.355 28.986  9.539  2.832  0.576-18.640-47.761 14.025   0.25
11 975162911 617 922228.687522229.7480
 13.843  0.032  5.128  5.162  1.815 15.449  0.551  3.694  3.264
   0.355 28.986  9.539  2.832  0.576-18.640-47.761 14.025   0.25
1110751756 3 6 9 522229.748022230.7910
 14.248 -0.623  5.162  4.513 15.449 29.282  3.694  0.478  3.528
  14.182  9.539 10.790  3.408 -0.842-47.761-12.935 15.255  -0.75
1110751756 3 6 9 522229.748022230.7910
 14.556 -0.554  2.860  2.283 12.794 26.948  1.646  1.671  3.528
  14.182  9.539 10.790  3.408 -0.842-47.761-12.935 15.255  -0.75
1110751756 3 6 9 522229.748022230.7910
 14.591 -0.711  3.487  2.745 15.275 29.467  0.589  8.541  3.528
  14.182  9.539 10.790  3.408 -0.842-47.761-12.935 15.255  -0.75
1110751756 3 6 9 522229.748022230.7910
 14.571 -0.624  2.308  1.657 13.196 27.366  0.502  0.050  3.528
  14.182  9.539 10.790  3.408 -0.842-47.761-12.935 15.255  -0.75
1110751756 3 6 9 522229.748022230.7910
 14.253 -0.596  2.280  1.657 13.528 27.366  2.218  0.050  3.528
  14.182  9.539 10.790  3.408 -0.842-47.761-12.935 15.255  -0.75
1111751858 1 1 2 722230.791022231.7207
 14.785 -1.078  7.325  6.322-44.496-31.646  6.340  1.032  7.353
 -44.962  7.335 12.510  3.413 -0.144  3.445 -2.788 13.588  -0.73
1111751858 1 1 2 722230.791022231.7207
 14.019 -0.770  7.531  6.813-47.931-35.794  0.995  1.233  7.353
 -44.962  7.335 12.510  3.413 -0.144  3.445 -2.788 13.588  -0.73
1111751858 3 2 5 422230.791022231.7207
 11.782 -0.261  2.283  2.039 26.948 37.003  1.671  0.050  2.747
  29.065 10.790  9.062  2.566 -0.855-12.935  8.233 13.802   0.06
1111751858 3 2 5 422230.791022231.7207
 11.647 -0.364  2.745  2.406 29.467 39.395  8.541  1.578  2.747
  29.065 10.790  9.062  2.566 -0.855-12.935  8.233 13.802   0.06
1111751858 3 2 5 422230.791022231.7207
 12.512 -0.180  2.884  2.716 30.873 41.606  0.050  5.827  2.747
  29.065 10.790  9.062  2.566 -0.855-12.935  8.233 13.802   0.06
1115751822 2 810 922234.765622235.7637
 14.350  0.047 -6.926 -6.973-38.029-24.702  3.070 10.775 -6.390
 -41.079 45.699 49.715  3.688  0.441-10.965 -9.134 13.898   0.43
1115751822 2 810 922234.765622235.7637
 14.258  0.374 -7.993 -8.366-41.156-27.920  0.811  0.050 -6.390
 -41.079 45.699 49.715  3.688  0.441-10.965 -9.134 13.898   0.43
1115751822 2 810 922234.765622235.7637
 13.431  0.390 -7.598 -7.987-41.454-29.043  2.122  1.646 -6.390
 -41.079 45.699 49.715  3.688  0.441-10.965 -9.134 13.898   0.43
1115751822 2 810 922234.765622235.7637
 13.557  0.350 -7.422 -7.771-42.765-30.229  0.598  2.374 -6.390
 -41.079 45.699 49.715  3.688  0.441-10.965 -9.134 13.898   0.43
1115751822 2 810 922234.765622235.7637
 13.812  0.442 -6.035 -6.476-42.005-29.213 27.200 32.216 -6.390
 -41.079 45.699 49.715  3.688  0.441-10.965 -9.134 13.898   0.43
1116751819 3 6 9 822235.763722236.9355
 15.465  0.028 -8.366 -8.400-27.920-10.957  0.050  0.262 -6.816
 -28.202 49.715 47.686  4.129  1.242 -9.134  0.809 14.715   0.18
1116751819 3 6 9 822235.763722236.9355
 14.966  0.456 -7.840 -8.374-30.302-13.923  0.296  2.838 -6.816
 -28.202 49.715 47.686  4.129  1.242 -9.134  0.809 14.715   0.18
1116751819 3 6 9 822235.763722236.9355
 14.976  0.108 -8.760 -8.886-29.222-12.831  0.050  0.128 -6.816
 -28.202 49.715 47.686  4.129  1.242 -9.134  0.809 14.715   0.18
1116751819 3 6 9 822235.763722236.9355
 14.659  0.330 -6.476 -6.863-29.213-13.194 32.216 31.922 -6.816
 -28.202 49.715 47.686  4.129  1.242 -9.134  0.809 14.715   0.18
1116751819 3 6 9 822235.763722236.9355
 14.903  0.515 -7.771 -8.374-30.229-13.923  2.374  2.838 -6.816
 -28.202 49.715 47.686  4.129  1.242 -9.134  0.809 14.715   0.18
1116751819 3 6 9 822235.763722236.9355
 15.294  0.098 -7.784 -7.899-31.135-14.372  0.050  2.217 -6.816
 -28.202 49.715 47.686  4.129  1.242 -9.134  0.809 14.715   0.18
1116751819 1 3 4 522235.763722236.9355
 16.214 -0.653  6.001  5.235 18.780 36.622  0.838  3.851  5.338
  24.597  8.370 22.656  6.025 -1.708  6.333  4.363 14.229  -0.34
1116751819 1 3 4 522235.763722236.9355
 15.514 -0.456  5.482  4.948 23.608 40.628  0.050 13.127  5.338
  24.597  8.370 22.656  6.025 -1.708  6.333  4.363 14.229  -0.34
1116751819 1 3 4 522235.763722236.9355
 16.128 -0.175  5.153  4.948 22.888 40.628  0.050 13.127  5.338
  24.597  8.370 22.656  6.025 -1.708  6.333  4.363 14.229  -0.34
1117752226 4 4 8 922236.935522237.7461
 14.620 -0.265 -6.908 -6.694 -7.737  3.313 10.034  4.300 -7.030
 -12.118 47.686 46.659  5.372 -1.818  0.809 -7.626 13.635   0.05
1117752226 4 4 8 922236.935522237.7461
 13.988 -0.131 -7.931 -7.825-11.395 -0.858  0.160  3.321 -7.030
 -12.118 47.686 46.659  5.372 -1.818  0.809 -7.626 13.635   0.05
1117752226 4 4 8 922236.935522237.7461
 14.050 -0.163 -7.899 -7.767-14.372 -3.784  2.217  6.683 -7.030
 -12.118 47.686 46.659  5.372 -1.818  0.809 -7.626 13.635   0.05
1117752226 4 4 8 922236.935522237.7461
 14.102 -0.374 -6.863 -6.559-13.194 -2.563 31.922 20.800 -7.030
 -12.118 47.686 46.659  5.372 -1.818  0.809 -7.626 13.635   0.05
1117752226 2 3 5 422236.935522237.7461
 13.811 -0.024  5.235  5.216 36.622 47.016  3.851 11.927  4.943
  40.112 22.656 36.390  4.318  0.096  4.363  6.800 13.340  -0.03
1117752226 2 3 5 422236.935522237.7461
 13.663 -0.007  4.733  4.727 41.496 51.770  5.481 22.775  4.943
  40.112 22.656 36.390  4.318  0.096  4.363  6.800 13.340  -0.03
1118751752 4 5 91322237.746122238.7363
 14.292 -0.196 -6.694 -6.500  3.313 16.509  4.300  6.312 -7.074
  -1.866 46.659 63.463  3.554  0.903 -7.626  2.555 14.559  -0.10
1118751752 4 5 91322237.746122238.7363
 14.546 -0.459 -7.132 -6.677  0.262 13.710  4.079  5.158 -7.074
  -1.866 46.659 63.463  3.554  0.903 -7.626  2.555 14.559  -0.10
1118751752 4 5 91322237.746122238.7363
 14.062 -0.374 -7.767 -7.396 -3.784  9.184  6.683  5.949 -7.074
  -1.866 46.659 63.463  3.554  0.903 -7.626  2.555 14.559  -0.10
1118751752 4 5 91322237.746122238.7363
 14.763 -0.126 -6.657 -6.533 -4.175  9.489  3.062  3.968 -7.074
  -1.866 46.659 63.463  3.554  0.903 -7.626  2.555 14.559  -0.10
1119751741 8 513 822238.736322239.7148
 13.951  0.533 -7.396 -7.917  9.184 21.871  5.949  0.050 -6.969
  11.595 63.463 39.936  4.456  0.713  2.555 -2.283 14.099  -0.01
1119751741 8 513 822238.736322239.7148
 14.041  0.062 -6.648 -6.709 10.709 23.485 27.807 27.426 -6.969
  11.595 63.463 39.936  4.456  0.713  2.555 -2.283 14.099  -0.01
1119751741 8 513 822238.736322239.7148
 14.650  0.091 -6.816 -6.905 14.358 27.729  2.399  2.519 -6.969
  11.595 63.463 39.936  4.456  0.713  2.555 -2.283 14.099  -0.01
1119751741 8 513 822238.736322239.7148
 14.695  0.376 -7.673 -8.041 14.214 27.628  2.797  2.640 -6.969
  11.595 63.463 39.936  4.456  0.713  2.555 -2.283 14.099  -0.01
1119751741 8 513 822238.736322239.7148
 14.143  0.458 -7.593 -8.041 14.754 27.628  0.111  2.640 -6.969
  11.595 63.463 39.936  4.456  0.713  2.555 -2.283 14.099  -0.01
1119751741 8 513 822238.736322239.7148
 14.544  0.054 -6.500 -6.552 16.509 29.776  6.312  3.451 -6.969
  11.595 63.463 39.936  4.456  0.713  2.555 -2.283 14.099  -0.01
1120751710 4 4 8 522239.714822240.7109
 13.544  0.518 -6.709 -7.224 23.485 35.983 27.426 26.796 -6.957
  24.427 39.936 38.125  5.170 -3.515 -2.283 32.725 12.178   0.54
1120751710 4 4 8 522239.714822240.7109
 12.623  0.623 -7.917 -8.537 21.871 33.453  0.050  2.749 -6.957
  24.427 39.936 38.125  5.170 -3.515 -2.283 32.725 12.178   0.54
11217517 3 1 4 5 322240.710922241.7051
 14.852 -0.182 -7.224 -7.043 35.983 49.784 26.796 29.450 -7.490
  35.566 38.125 37.715  1.655 -0.435 32.725 40.297 15.065  -0.28
11217517 3 1 4 5 322240.710922241.7051
 14.897 -0.248 -9.335 -9.088 35.101 48.947  4.021  3.906 -7.490
  35.566 38.125 37.715  1.655 -0.435 32.725 40.297 15.065  -0.28
11217517 3 1 4 5 322240.710922241.7051
 15.016 -0.025 -6.732 -6.707 34.793 48.756  4.256  4.359 -7.490
  35.566 38.125 37.715  1.655 -0.435 32.725 40.297 15.065  -0.28
12 1751721 4 610 722250.722722251.7676
 16.695  1.388  5.929  7.377-28.975-12.576  1.623  2.245  5.793
 -27.849 43.359 25.557  4.627  0.338 -0.256 -6.919 15.016   0.46
12 1751721 4 610 722250.722722251.7676
 16.126  1.177  5.414  6.642-28.804-12.998  0.050  1.463  5.793
 -27.849 43.359 25.557  4.627  0.338 -0.256 -6.919 15.016   0.46
12 1751721 4 610 722250.722722251.7676
 16.344  1.283  4.844  6.183-29.727-13.694  0.050  1.419  5.793
 -27.849 43.359 25.557  4.627  0.338 -0.256 -6.919 15.016   0.46
12 1751721 4 610 722250.722722251.7676
 16.518  1.101  5.033  6.183-29.908-13.694  0.334  1.419  5.793
 -27.849 43.359 25.557  4.627  0.338 -0.256 -6.919 15.016   0.46
12 2751823 5 2 71522251.767622252.7383
 14.559 -0.623  5.551  4.947 -8.678  4.501  5.309  0.234  6.275
 -13.203 25.557 30.088  4.966 -0.571 -6.919 -6.237 13.240  -0.82
12 2751823 5 2 71522251.767622252.7383
 14.527 -0.647  6.310  5.682-12.998  0.150  3.100  3.198  6.275
 -13.203 25.557 30.088  4.966 -0.571 -6.919 -6.237 13.240  -0.82
12 2751823 5 2 71522251.767622252.7383
 15.159 -0.792  6.642  5.873-12.998  0.764  1.463  1.199  6.275
 -13.203 25.557 30.088  4.966 -0.571 -6.919 -6.237 13.240  -0.82
12 2751823 5 2 71522251.767622252.7383
 15.086 -0.442  7.051  6.621-12.959  0.733  5.225  0.640  6.275
 -13.203 25.557 30.088  4.966 -0.571 -6.919 -6.237 13.240  -0.82
12 2751823 5 2 71522251.767622252.7383
 14.709 -0.522  7.377  6.871-12.576  0.750  2.245  3.072  6.275
 -13.203 25.557 30.088  4.966 -0.571 -6.919 -6.237 13.240  -0.82
12 2751823 5 2 71522251.767622252.7383
 15.244 -0.516  6.183  5.682-13.694  0.150  1.419  3.198  6.275
 -13.203 25.557 30.088  4.966 -0.571 -6.919 -6.237 13.240  -0.82
12 2751823 5 2 71522251.767622252.7383
 14.441 -0.475  5.803  5.342-17.168 -4.103  6.796  7.867  6.275
 -13.203 25.557 30.088  4.966 -0.571 -6.919 -6.237 13.240  -0.82
12 375174210 5152322252.738322253.7422
 15.834  0.555  6.137  6.695 -0.587 14.335  0.050  0.427  5.477
  -1.304 30.088 36.426  4.395  0.308 -6.237  1.570 16.026  -0.17
12 375174210 5152322252.738322253.7422
 16.003  0.496  5.032  5.531 -0.670 14.423  0.050  2.340  5.477
  -1.304 30.088 36.426  4.395  0.308 -6.237  1.570 16.026  -0.17
12 375174210 5152322252.738322253.7422
 15.707  0.094  4.706  4.800 -2.425 12.371  1.725  1.585  5.477
  -1.304 30.088 36.426  4.395  0.308 -6.237  1.570 16.026  -0.17
12 375174210 5152322252.738322253.7422
 16.095  0.524  4.738  5.264 -3.229 11.957  1.117  0.327  5.477
  -1.304 30.088 36.426  4.395  0.308 -6.237  1.570 16.026  -0.17
12 375174210 5152322252.738322253.7422
 15.595  0.220  5.359  5.580 -3.363 11.320  3.277  2.409  5.477
  -1.304 30.088 36.426  4.395  0.308 -6.237  1.570 16.026  -0.17
12 375174210 5152322252.738322253.7422
 15.395  0.451  5.342  5.795 -4.103 10.379  7.867  1.539  5.477
  -1.304 30.088 36.426  4.395  0.308 -6.237  1.570 16.026  -0.17
12 47517491013231322253.742222254.7520
 14.041  0.357  4.800  5.161 12.371 25.556  1.585  1.006  5.303
  13.812 36.426 26.722  4.703 -0.329  1.570 -0.446 15.021  -0.04
12 47517491013231322253.742222254.7520
 14.276  0.417  5.073  5.494 12.038 25.460  0.050  2.756  5.303
  13.812 36.426 26.722  4.703 -0.329  1.570 -0.446 15.021  -0.04
12 47517491013231322253.742222254.7520
 14.023  0.466  5.264  5.735 11.957 25.123  0.327  1.157  5.303
  13.812 36.426 26.722  4.703 -0.329  1.570 -0.446 15.021  -0.04
12 47517491013231322253.742222254.7520
 14.625  0.392  6.554  6.949 14.468 28.242  1.884  2.292  5.303
  13.812 36.426 26.722  4.703 -0.329  1.570 -0.446 15.021  -0.04
12 47517491013231322253.742222254.7520
 14.553  0.760  4.585  5.353 15.326 29.027  2.211  0.811  5.303
  13.812 36.426 26.722  4.703 -0.329  1.570 -0.446 15.021  -0.04
12 47517491013231322253.742222254.7520
 14.639  0.465  4.883  5.353 15.238 29.027  2.035  0.811  5.303
  13.812 36.426 26.722  4.703 -0.329  1.570 -0.446 15.021  -0.04
12 47517491013231322253.742222254.7520
 14.561  0.718  3.756  4.481 15.720 29.431  0.050  0.676  5.303
  13.812 36.426 26.722  4.703 -0.329  1.570 -0.446 15.021  -0.04
12 47517491013231322253.742222254.7520
 14.663  0.564  4.741  5.310 10.360 24.174  0.050  2.303  5.303
  13.812 36.426 26.722  4.703 -0.329  1.570 -0.446 15.021  -0.04
12 47517491013231322253.742222254.7520
 14.390  0.687  5.190  5.883 10.426 23.963  0.497  0.050  5.303
  13.812 36.426 26.722  4.703 -0.329  1.570 -0.446 15.021  -0.04
12 47517491013231322253.742222254.7520
 14.268  0.425  5.065  5.494 12.046 25.460  1.702  2.756  5.303
  13.812 36.426 26.722  4.703 -0.329  1.570 -0.446 15.021  -0.04
12 47517491013231322253.742222254.7520
 14.424  0.661  3.814  4.481 15.859 29.431  0.113  0.676  5.303
  13.812 36.426 26.722  4.703 -0.329  1.570 -0.446 15.021  -0.04
12 57518 3 6 713 722254.752022255.7480
 14.240  0.165  5.003  5.167 24.972 38.182  1.805  1.605  5.267
  27.986 26.722 15.237  4.373 -1.805 -0.446  4.370 15.921  -0.41
12 57518 3 6 713 722254.752022255.7480
 14.096  0.080  5.735  5.815 25.123 38.191  1.157  0.244  5.267
  27.986 26.722 15.237  4.373 -1.805 -0.446  4.370 15.921  -0.41
12 57518 3 6 713 722254.752022255.7480
 14.433  0.342  4.481  4.822 29.431 42.834  0.676  3.390  5.267
  27.986 26.722 15.237  4.373 -1.805 -0.446  4.370 15.921  -0.41
12 57518 3 6 713 722254.752022255.7480
 14.314 -0.006  4.597  4.590 29.837 43.122  1.291  3.470  5.267
  27.986 26.722 15.237  4.373 -1.805 -0.446  4.370 15.921  -0.41
12 57518 3 6 713 722254.752022255.7480
 14.948 -0.006  5.029  5.023 30.251 44.168  9.885  4.359  5.267
  27.986 26.722 15.237  4.373 -1.805 -0.446  4.370 15.921  -0.41
12 6751758 3 4 7 322255.748022256.7246
 15.271  0.297  4.590  4.880 43.122 57.063  3.470  3.648  4.859
  42.872 15.237 11.533  2.568 -1.437  4.370-12.693 16.303   0.20
12 6751758 3 4 7 322255.748022256.7246
 15.918  0.315  4.822  5.130 42.834 57.406  3.390  0.050  4.859
  42.872 15.237 11.533  2.568 -1.437  4.370-12.693 16.303   0.20
12 6751758 3 4 7 322255.748022256.7246
 15.525  0.504  4.641  5.132 43.985 58.175  2.119  7.835  4.859
  42.872 15.237 11.533  2.568 -1.437  4.370-12.693 16.303   0.20
12 6751758 3 4 7 322255.748022256.7246
 15.339  0.111  5.023  5.132 44.168 58.175  4.359  7.835  4.859
  42.872 15.237 11.533  2.568 -1.437  4.370-12.693 16.303   0.20
