 22624 811 4 4 811 3343.6589 3344.6465
 13.024  0.246 27.482-11.516  0.377 19.859 27.899 -0.644  1.303
  -9.412-15.363 27.503 27.444 12.837  7.022  3.581 -3.792   8.12
 22724 828 3 81116 3344.6465 3345.6541
 14.387 -0.523 27.725  0.377 13.885 27.899 36.044  7.472 -0.133
   3.581 -3.792 27.353 28.209 15.774 12.125 16.097  9.063   6.60
 22824 818 51116 2 3345.6541 3346.6277
 16.777 -1.044 27.198 13.885 29.264 36.044 13.957 14.069 -5.446
  16.097  9.063 26.705 28.273 24.711 11.334 29.306 28.199 -22.07
 41724 519 0 0 111 3394.7778 3395.5994
 11.109 -0.208-28.214-44.144-35.828  0.817 22.921  0.000  0.000
   0.000  0.000  0.000  0.000  0.000  0.000  0.000-37.378   0.00
 41724 519 1 4 512 3394.7778 3395.5994
 13.946  0.568 21.304-35.622-24.975 13.655 15.440 22.768  0.382
 -32.615-36.702 20.128 21.726  3.609 10.046-22.167-26.590   1.66
 41824 937 4 71113 3395.5994 3396.6006
 15.649  0.313-28.043-35.828-21.145 22.921 23.975-30.942 -0.067
 -34.417-37.378-28.790-27.223 12.001 10.920-20.265-23.526  15.30
 41824 937 5 71211 3395.5994 3396.6006
 13.206  0.363 21.770-24.975-12.738 15.440 21.072 24.426  1.284
 -22.167-26.590 20.586 22.452  5.639  9.801 -9.444-14.592  10.20
 41924 934 7 61321 3396.6006 3397.5911
 12.216 -0.538-28.357-21.145-10.024 23.975 25.450-15.642  1.355
 -20.265-23.526-28.574-27.770 17.507  6.468 -8.287-13.068   2.86
 41924 934 6 511 8 3396.6006 3397.5911
 13.506  0.492 22.134-12.738 -0.340 21.072  8.899 34.624 -0.272
  -9.444-14.592 20.027 23.320  7.591 13.481  2.844 -1.843   3.82
 42024 94812 92125 3397.5911 3398.5874
 13.094 -0.454-27.825-10.024  2.042 25.450 41.928-12.787  1.318
  -8.287-13.068-28.173-27.214 16.206  9.245  5.434 -0.930  11.23
 42024 948 4 4 8 4 3397.5911 3398.5874
 12.572  1.302 22.621 -0.340 11.206  8.899  2.502 38.440 -4.589
   2.844 -1.843 20.288 23.722  2.855  6.045 11.777 10.859 -12.43
 42124 95317 82519 3398.5874 3399.5847
 14.168  0.410-27.372  2.042 15.187 41.928 57.367 -1.554  2.456
   5.434 -0.930-27.454-27.301 19.582 22.346 21.020 11.907   7.75
 5 824 938 4 5 910 3415.5979 3416.5930
 12.800 -0.504 31.724-15.944 -4.187  9.843 12.039 14.404 -2.011
 -12.419-16.749 30.954 31.900  1.832  8.012 -2.714 -4.785 -23.20
 5 924 945 5 510 4 3416.5930 3417.7444
 15.018 -0.073 31.223 -4.187 11.971 12.039  9.196 -8.792  2.258
  -2.714 -4.785 31.417 31.143  3.480  8.558 14.821 10.092   6.84
 51024 6 7 2 2 4 7 3417.7444 3418.6001
 13.150 -0.248 31.139 11.971 22.378  9.196  6.838 -1.949 -0.096
  14.821 10.092 31.222 31.084  3.653  5.542 24.302 19.709  -2.85
 51024 6 7 0 0 1 4 3417.7444 3418.6001
 14.829  0.200-20.986-58.917-47.073  0.228  6.279  0.000  0.000
   0.000  0.000  0.000  0.000  0.000  0.000  0.000-49.482   0.00
 51424 948 4 71119 3421.5916 3422.5874
 12.904 -0.001-20.092 -8.038  3.831 19.988 41.740  8.319 -0.389
  -5.599-11.110-19.757-20.514 11.144  8.844  7.039  1.921  -1.49
 51424 948 0 0 1 1 3421.5916 3422.5874
 14.078 -0.382-29.104-50.947-37.910  6.176  4.125  0.000  0.000
   0.000  0.000  0.000  0.000  0.000  0.000  0.000  0.000   0.00
 51524 953 9101920 3422.5874 3423.5945
 13.747  0.809-20.091  3.831 16.682 41.740 27.816  6.833  0.847
   7.039  1.921-19.730-20.306 15.579 26.161 20.314 14.253  -1.32
 51524 953 0 0 1 2 3422.5874 3423.5945
 12.799  0.303-28.724-37.910-26.013  4.125  2.165  0.000  0.000
   0.000  0.000  0.000  0.000  0.000  0.000  0.000-26.063   0.00
 51624 943 9112011 3423.5945 3424.5806
 14.784  0.114-20.906 16.682 30.289 27.816 41.751  5.508 -0.644
  20.314 14.253-20.578-21.124 11.149 16.666 32.633 27.230  -4.40
 51624 943 1 1 2 1 3423.5945 3424.5806
 13.951  0.559-29.029-26.013-13.227  2.165  1.083-43.725 -0.360
 -25.766-26.063-29.236-28.987  0.365  1.800  0.000  0.000   0.00
 5172410 3 5 61110 3424.5806 3425.5840
 13.334 -0.109-21.018 30.289 42.681 41.751 26.874  1.111  0.609
  32.633 27.230-20.975-21.073 23.641 18.110 46.178 40.169   5.69
 51824 958 6 410 4 3425.5840 3426.5911
 16.182 -0.445-20.908 42.681 57.984 26.874  0.371  6.802 -1.178
  46.178 40.169-20.519-21.188 11.235 15.639 58.608 53.988   7.91
 51924 948 0 0 1 1 3426.5911 3427.5911
 14.699 -0.422-22.038-56.105-42.391  5.293  6.580  0.000  0.000
   0.000  0.000  0.000  0.000  0.000  0.000  0.000  0.000   0.00
 52024 948 0 0 1 1 3427.5911 3428.6299
 13.815  0.700-21.616-42.391-29.061  6.580  2.309  0.000  0.000
   0.000  0.000  0.000  0.000  0.000  0.000  0.000  0.000   0.00
 52024 948 1 1 2 1 3427.5911 3428.6299
 13.437 -1.004 36.984-38.890-25.953  3.715  6.710 -2.403 -0.287
 -38.564-38.923 36.995 36.983  0.342  3.373  0.000  0.000   0.00
 52124 852 0 0 1 2 3428.6299 3429.5798
 13.546 -1.422-22.344-29.061-17.127  2.309  6.759  0.000  0.000
   0.000  0.000  0.000  0.000  0.000  0.000  0.000-18.352   0.00
 52124 852 0 0 1 4 3428.6299 3429.5798
 12.361  1.426 35.941-25.953-15.145  6.710  2.122  0.000  0.000
   0.000  0.000  0.000  0.000  0.000  0.000  0.000-18.418   0.00
 5222410 4 1 1 2 3 3429.5798 3430.5820
 13.768  0.595-20.993-17.127 -4.317  6.759  7.181-36.497  2.224
 -17.075-18.352-21.029-20.147  6.483  0.275 -3.777 -6.840  -3.30
 5222410 4 1 3 4 9 3429.5798 3430.5820
 10.978 -1.258 37.295-15.145 -5.130  2.122 16.642 10.377 -2.367
 -13.842-18.418 37.105 37.772  1.517  0.604 -4.056 -5.562 -34.44
 5232410 1 1 2 3 1 3430.5820 3431.5938
 14.596 -0.411-21.589 -4.317  9.456  7.181  8.396-39.796 -3.707
  -3.777 -6.840-22.007-19.634  5.916  1.265  0.000  0.000   0.00
 52424 945 0 0 1 1 3431.5938 3432.5791
 13.844 -0.801-21.173  9.456 22.128  8.396  4.260  0.000  0.000
   0.000  0.000  0.000  0.000  0.000  0.000  0.000  0.000   0.00
 5252410 5 0 0 1 1 3432.5791 3433.5952
 13.085  0.922-20.385 22.128 34.422  4.260  0.300  0.000  0.000
   0.000  0.000  0.000  0.000  0.000  0.000  0.000  0.000   0.00
 52724 811 1 4 5 5 3434.6589 3435.6570
 15.095 -0.366 19.337 -2.077 12.005  6.123  1.200 36.181  0.799
  -0.722 -3.551 18.402 20.354  3.192  2.932 13.619  9.770  -8.63
 52824 813 1 4 5 2 3435.6570 3436.5911
 15.708 -2.221 18.971 12.005 25.758  1.200  0.100 27.551 -1.431
  13.619  9.770 18.175 20.074  0.697  0.503 25.914 25.601-111.12
 6 124 943 6131917 3439.5945 3440.5911
 12.616  0.080 31.153-45.707-34.114 41.901 87.590 13.530 -0.167
 -42.178-51.750 30.426 32.397 26.455 15.446-30.332-39.729  -0.19
 6 224 948 4131720 3440.5911 3441.5862
 11.706  0.388 31.232-34.114-23.443 87.590 60.598 13.338  1.654
 -30.332-39.729 30.465 32.370 52.336 35.254-18.294-29.592   0.58
 6 324 956 7132025 3441.5862 3442.5869
 10.794  0.372 31.618-23.443-13.626 60.598 59.879 13.922 -3.159
 -18.294-29.592 30.531 32.916 32.979 27.619-10.564-18.271   0.61
 6 424 95411142527 3442.5869 3443.5869
 15.906 -0.545 31.990-13.626  1.298 59.879 71.612 14.537  2.872
 -10.564-18.271 31.317 33.012 36.094 23.786  6.709 -4.167   0.87
 6 62410 5 6 61218 3444.5791 3445.6943
 16.637 -1.875 32.122  8.782 26.240 34.540 82.680  5.272  2.659
  11.754  6.274 31.890 32.318 15.806 18.735 30.527 22.402  10.78
 61124 937 2 1 3 2 3449.5994 3450.5869
 13.582 -0.321 22.438-19.103 -6.660  8.670  0.334-20.013  0.301
 -18.834-21.063 22.529 21.779  7.623  1.047 -5.937 -8.616  14.53
 61224 954 1 1 2 9 3450.5869 3451.6138
 13.756  0.247 22.121 -6.660  6.460  0.334 19.683 -5.483  1.435
  -5.937 -8.616 22.186 21.947  0.244  0.090  8.375  4.134   8.83
 61324 915 2 2 4 5 3451.6138 3452.5938
 14.474 -0.062-24.927-16.147 -2.925  8.472  0.606 23.886  1.826
 -14.177-16.594-24.136-25.106  1.568  6.904 -0.411 -4.593   2.15
 61324 915 4 5 910 3451.6138 3452.5938
 13.477  0.028 22.375  6.460 18.704 19.683 21.447  3.350  0.651
   8.375  4.134 22.271 22.501 10.795  8.887 21.655 16.703  -3.74
 61424 945 4 61011 3452.5938 3453.5930
 15.331  0.369 22.403 18.704 33.044 21.447  9.384 -0.390  1.730
  21.655 16.703 22.421 22.390  8.665 12.782 37.465 30.626  -1.29
 61524 945 1 2 3 1 3453.5930 3454.5903
 15.776  0.045-23.959 14.018 28.772  2.815  1.831 14.743 -5.684
  15.115  9.100-23.695-25.142  2.301  0.513  0.000  0.000   0.00
 61624 949 0 0 1 2 3454.5903 3455.5881
 16.334 -1.678-25.639 22.934 38.255  4.106 27.019  0.000  0.000
   0.000  0.000  0.000  0.000  0.000  0.000  0.000 35.092   0.00
 61724 952 1 1 2 2 3455.5881 3456.6597
 16.395 -0.846-23.964 38.255 54.772 27.019  5.015 21.494 -3.435
  39.707 35.092-23.441-25.102 18.517  8.502 54.783 53.616  -9.40
 61924 930 1 1 2 5 3457.6035 3458.5825
 12.709  0.246 37.189-44.416-32.932  6.837  5.915 -7.675  0.458
 -43.208-47.399 37.319 36.869  4.865  1.971-30.698-35.400  -5.00
 6202410 0 2 3 5 4 3458.5825 3459.5869
 11.505 -0.334 37.430-32.932-22.363  5.915  3.705-12.677 -2.683
 -30.698-35.400 37.829 36.990  3.105  2.810-21.713-22.683 -34.69
 6202410 0 0 0 1 1 3458.5825 3459.5869
 15.005 -0.015 37.459-29.210-15.128  5.570 10.722  0.000  0.000
   0.000  0.000  0.000  0.000  0.000  0.000  0.000  0.000   0.00
 62124 954 0 0 1 1 3459.5869 3460.5833
 13.531 -0.673 37.445-15.128 -2.621 10.722  1.507  0.000  0.000
   0.000  0.000  0.000  0.000  0.000  0.000  0.000  0.000   0.00
 6222410 0 0 0 1 1 3460.5833 3461.5923
 14.669  0.122 36.774 -2.621 11.191  1.507  9.553  0.000  0.000
   0.000  0.000  0.000  0.000  0.000  0.000  0.000  0.000   0.00
 62324 946 0 0 1 1 3461.5923 3462.5881
 13.473 -0.243 36.898 11.191 23.633  9.553  0.986  0.000  0.000
   0.000  0.000  0.000  0.000  0.000  0.000  0.000  0.000   0.00
 62424 952 0 0 1 1 3462.5881 3463.5881
 13.196  0.026 36.655 23.633 35.849  0.986  5.029  0.000  0.000
   0.000  0.000  0.000  0.000  0.000  0.000  0.000  0.000   0.00
 7 224 637 1 1 2 3 3470.7244 3471.5730
 15.153  0.454 18.920-38.071-26.044  0.723  0.843  2.926 -3.087
 -37.788-41.881 18.907 19.105  0.673  0.050-25.524-26.242 -33.86
 7 224 637 0 0 1 5 3470.7244 3471.5730
 15.163  0.661 25.643-42.422-30.386  8.190 10.099  0.000  0.000
   0.000  0.000  0.000  0.000  0.000  0.000  0.000-31.649   0.00
 7 224 637 1 2 311 3470.7244 3471.5730
 13.770  0.173 32.763-14.801 -3.946 16.555 16.687 28.098 -0.607
 -12.816-15.637 31.872 33.138  4.909 11.646 -2.699 -4.901  -0.69
 7 3241015 2 1 3 8 3471.5730 3472.5750
 12.991 -0.031 19.305-26.044-14.006  0.843 10.267-30.931  3.515
 -25.524-26.242 19.599 19.194  0.232  0.611-12.529-17.061  37.39
 7 3241015 2 3 5 1 3471.5730 3472.5750
 13.222 -0.629 26.204-30.386-18.118 10.099  3.492 -7.569 -3.762
 -27.492-31.649 26.549 26.054  3.068  7.031  0.000  0.000   0.00
 7 3241015 5 611 4 3471.5730 3472.5750
 12.162  0.197 32.910 -3.946  7.261 16.687 13.264 27.411  1.969
  -2.699 -4.901 32.367 33.325  7.237  9.450  9.647  5.619   6.22
 7 4241011 4 4 8 4 3472.5750 3473.5813
 17.178  0.098 19.274-14.006  2.294 10.267  6.624  6.459 -1.311
 -12.529-17.061 19.116 19.600  6.920  3.347  4.528  1.632  17.66
 7 4241011 0 0 1 2 3472.5750 3473.5813
 13.937 -0.159 25.574-18.118 -5.078  3.492  0.233  0.000  0.000
   0.000  0.000  0.000  0.000  0.000  0.000  0.000 -6.379   0.00
 7 4241011 0 0 1 4 3472.5750 3473.5813
 14.324 -0.808 20.186-11.135  2.294  2.155  6.624  0.000  0.000
   0.000  0.000  0.000  0.000  0.000  0.000  0.000  1.632   0.00
 7 4241011 1 3 4 9 3472.5750 3473.5813
 13.447  0.194 33.107  7.261 19.807 13.264  6.590 33.626 -2.255
   9.647  5.619 31.778 34.022  5.406  7.858 20.469 18.788   4.93
 7 52410 3 1 2 3 6 3473.5813 3474.5784
 16.887  0.543 18.825 -5.115 10.749  6.942 11.842-10.386  1.935
  -0.306 -5.225 19.659 18.806  0.155  6.787 14.063  7.128  -0.79
 7 52410 3 4 5 9 3 3473.5813 3474.5784
 14.927 -0.885 33.302 19.807 33.717  6.590  3.994 38.554  0.660
  20.469 18.788 32.861 33.981  3.993  2.596 34.738 32.419  -1.37
 7 62410 7 1 2 3 3 3474.5784 3475.5798
 13.978 -0.967 32.420 33.717 46.734  3.994  9.727 37.186  1.354
  34.738 32.419 31.766 33.250  2.235  1.760 50.199 46.630 -74.16
 7 72410 4 0 0 1 1 3475.5798 3476.5813
 14.170 -0.342 17.996 20.029 33.239  4.169  1.921  0.000  0.000
   0.000  0.000  0.000  0.000  0.000  0.000  0.000  0.000   0.00
 7 72410 4 1 1 2 1 3475.5798 3476.5813
 14.513  0.032 19.582 29.800 43.353  4.326  4.050 -7.751 -4.190
  29.850 25.444 19.588 19.023  4.276  0.050  0.000  0.000   0.00
 7 82410 3 3 2 5 4 3476.5813 3477.6243
 15.370 -0.693 22.471-54.153-39.142 17.848 34.255  5.241 -2.667
 -52.114-58.855 22.298 22.870 12.451  5.397-38.064-41.924  -2.75
 7 82410 3 0 0 1 1 3476.5813 3477.6243
 13.617  0.791 19.614 43.353 56.536  4.050  3.937  0.000  0.000
   0.000  0.000  0.000  0.000  0.000  0.000  0.000  0.000   0.00
 7 924 9 0 1 3 4 7 3477.6243 3478.5854
 14.818 -0.215  5.806-24.255-10.954  4.407  7.491-14.730  1.158
 -24.077-27.231  5.853  5.028  4.159  0.249 -9.570-13.969   8.61
 7 924 9 0 1 3 4 6 3477.6243 3478.5854
 12.744  0.346 21.748-39.142-27.834 34.255 36.099  2.495  3.247
 -38.064-41.924 21.705 21.861 24.690  9.565-26.139-33.471   3.83
 71024 956 2 5 710 3478.5854 3479.5825
 13.848  0.417  5.599-10.954  1.880  7.491 21.496 -6.120 -1.631
  -9.570-13.969  5.747  5.278  5.134  2.358  3.597  0.959  24.97
 71024 956 3 3 6 7 3478.5854 3479.5825
 11.514  0.241 22.081-27.834-17.327 36.099 16.397  6.328  0.876
 -26.139-33.471 21.907 22.660 27.754  8.345-12.573-20.847   0.72
 7112410 0 4 3 7 9 3479.5825 3480.5833
 17.028 -0.843 22.321-17.327 -1.266 16.397 12.623  7.045 -2.175
 -12.573-20.847 21.778 22.724  6.976  9.421 -0.247 -6.094   3.64
 7112410 0 6 41012 3479.5825 3480.5833
 14.987 -0.571  6.015  1.880 15.898 21.496 23.633 18.848  3.509
   3.597  0.959  5.432  6.328  7.506 13.990 18.562 12.256 -17.04
 7122410 0 5 4 9 1 3480.5833 3481.6013
 14.820 -0.159 21.478 -1.266 12.825 12.623  6.158 10.689 -5.538
  -0.247 -6.094 21.299 22.326 10.422  2.201  0.000  0.000   0.00
 7122410 0 6 612 6 3480.5833 3481.6013
 15.243 -0.162  5.444 15.898 30.420 23.633 24.353  1.804  0.173
  18.562 12.256  5.360  5.558 13.649  9.985 32.477 26.030   4.04
 71324 933 3 3 6 3 3481.6013 3482.5833
 16.200  0.193  5.279 30.420 45.367 24.353 11.834  5.845 -5.627
  32.477 26.030  5.070  5.727 16.583  7.770 46.068 45.274  11.19
 7142410 0 5 4 9 3 3482.5833 3483.6084
 16.149 -0.102 22.018 21.967 37.517 22.836 14.232 11.393 -4.339
  25.002 17.275 21.451 22.894 13.866  8.970 38.652 35.646   8.67
 7142410 0 1 1 2 1 3482.5833 3483.6084
 14.905 -0.437  5.635 39.082 53.357  9.506  1.610 -6.671 -0.101
  39.110 39.010  5.638  5.626  6.823  2.683  0.000  0.000   0.00
 7142410 0 1 2 3 1 3482.5833 3483.6084
 14.951  0.071  5.469 45.367 59.689 11.834  9.866 17.034 -0.827
  46.068 45.274  5.255  5.497  1.384 10.450  0.000  0.000   0.00
 71524 923 1 2 3 7 3483.6084 3484.6028
 14.152 -1.091 21.914 37.517 50.617 14.232 19.265 20.059 -0.495
  38.652 35.646 21.529 22.547  8.857  5.375 51.202 48.578 -12.52
 72324 919 7 2 9 3 3491.6111 3492.6577
 15.692 -0.737 27.994  0.488 15.887  5.445  5.054-10.775  1.471
   1.344 -1.835 28.138 27.604  3.978  1.467 17.231 12.396  17.38
 72724 749 1 4 5 7 3495.6736 3496.6243
 15.361  0.129 35.901-40.543-26.870 18.120 10.076 -2.540  1.220
 -38.937-47.058 35.958 35.667 14.536  3.584-24.851-34.483  -0.86
 72824 9 0 2 5 7 3 3496.6243 3497.5911
 14.496 -1.234 36.023-26.870-13.802 10.076 13.395 -3.401 -7.247
 -24.851-34.483 36.120 35.657  7.965  2.112-13.513-14.059  39.91
 72924 948 2 2 4 4 3497.5911 3498.5964
 12.578  1.073 34.081-22.753-11.089  9.545  0.899  9.551 -1.694
 -20.595-24.235 33.780 34.288  3.886  5.659 -9.875-11.453   9.22
 72924 948 2 1 3 3 3497.5911 3498.5964
 13.677  0.075 34.830-13.802 -1.033 13.395 21.188 36.513  1.310
 -13.513-14.059 34.654 34.986  6.295  7.101 -0.960 -3.180 -49.40
 73024 941 2 2 4 2 3498.5964 3499.5911
 13.440  0.100 35.160-11.089  1.304  0.899  0.838 18.775 -1.114
  -9.875-11.453 34.823 35.262  0.208  0.691  1.321  1.293  66.09
 73024 941 1 2 3 1 3498.5964 3499.5911
 14.017 -0.101 34.905 -1.033 11.933 21.188 13.320-12.886 -1.867
  -0.960 -3.180 34.919 34.502 20.492  0.696  0.000  0.000   0.00
 73124 948 0 0 1 1 3499.5911 3500.5945
 13.602 -0.227 34.805 11.933 24.601 13.320  0.248  0.000  0.000
   0.000  0.000  0.000  0.000  0.000  0.000  0.000  0.000   0.00
 8 124 943 0 0 1 2 3500.5945 3501.5874
 12.742 -0.343 34.577 24.601 36.283  0.248 10.555  0.000  0.000
   0.000  0.000  0.000  0.000  0.000  0.000  0.000 34.018   0.00
 8 224 953 0 0 1 2 3501.5874 3502.5881
 13.991  0.210  6.358-58.325-45.303 14.258 19.062  0.000  0.000
   0.000  0.000  0.000  0.000  0.000  0.000  0.000-50.045   0.00
 8 224 953 1 1 2 2 3501.5874 3502.5881
 13.380  0.046 34.237 36.283 48.693 10.555 22.581-25.103  0.648
  36.693 34.018 34.396 33.360  8.934  1.621 49.110 45.627   3.75
 8 52410 0 0 0 1 1 3504.5825 3505.5923
 14.145 -0.233  6.355-19.163 -5.869 15.569 34.273  0.000  0.000
   0.000  0.000  0.000  0.000  0.000  0.000  0.000  0.000   0.00
 8 52410 0 0 0 1 1 3504.5825 3505.5923
 14.008 -0.329 24.907-49.963-36.806  5.193  2.432  0.000  0.000
   0.000  0.000  0.000  0.000  0.000  0.000  0.000  0.000   0.00
 8 624 946 0 0 1 2 3505.5923 3506.6077
 14.064  0.140  6.119 -5.869  7.417 34.273 35.709  0.000  0.000
   0.000  0.000  0.000  0.000  0.000  0.000  0.000  3.983   0.00
 8 624 946 0 0 1 1 3505.5923 3506.6077
 13.751 -0.198 24.574-36.806-23.839  2.432  4.000  0.000  0.000
   0.000  0.000  0.000  0.000  0.000  0.000  0.000  0.000   0.00
 8 724 924 1 1 2 1 3506.6077 3507.8069
 14.430  0.271  6.262  7.417 23.550 35.709 30.210 -1.278 -3.419
   7.422  3.983  6.262  6.186 35.659  0.050  0.000  0.000   0.00
 8 724 924 0 0 1 1 3506.6077 3507.8069
 13.903  0.169 24.373-23.839 -8.339  4.000  4.823  0.000  0.000
   0.000  0.000  0.000  0.000  0.000  0.000  0.000  0.000   0.00
 8 824 437 0 0 1 1 3507.8069 3508.5813
 13.250 -0.048 24.576 -8.339  1.163  4.823  1.906  0.000  0.000
   0.000  0.000  0.000  0.000  0.000  0.000  0.000  0.000   0.00
 8 824 437 0 0 1 2 3507.8069 3508.5813
 14.426 -0.013  6.587 23.550 33.962 30.210 23.033  0.000  0.000
   0.000  0.000  0.000  0.000  0.000  0.000  0.000 33.962   0.00
 8 92410 3 1 1 2 1 3508.5813 3509.6313
 14.685  0.032  6.577 33.962 48.354 23.033 20.504-86.837 -1.475
  34.044 33.962  8.046  6.574  0.050 22.983  0.000  0.000   0.00
 81624 949 1 1 2 1 3515.5903 3516.5952
 14.075  0.705 15.894-59.633-46.474  6.895 13.490-73.543 -0.505
 -59.632-59.781 15.898 15.413  6.845  0.050  0.000  0.000   0.00
 81724 942 0 0 1 1 3516.5952 3517.5923
 13.824 -0.540 16.602-46.474-33.665 13.490 20.354  0.000  0.000
   0.000  0.000  0.000  0.000  0.000  0.000  0.000  0.000   0.00
 81724 942 2 2 4 3 3516.5952 3517.5923
 13.817 -0.268 19.623-58.142-45.340  9.624  4.069  0.026 -0.312
 -57.793-58.481 19.623 19.623  4.744  4.880-45.169-45.485  27.55
 81824 946 0 0 1 1 3517.5923 3518.6133
 14.605  0.388 16.064-33.665-19.756 20.354 10.492  0.000  0.000
   0.000  0.000  0.000  0.000  0.000  0.000  0.000  0.000   0.00
 81824 946 1 2 3 2 3517.5923 3518.6133
 14.236  0.088 19.356-45.340-31.807  4.069  3.619 27.575  0.169
 -45.169-45.485 19.272 19.428  1.866  2.203-31.759-32.032  31.80
 81924 916 0 0 1 1 3518.6133 3519.6313
 14.044 -0.610 16.460-19.756 -6.455 10.492 23.788  0.000  0.000
   0.000  0.000  0.000  0.000  0.000  0.000  0.000  0.000   0.00
 81924 916 1 1 2 2 3518.6133 3519.6313
 14.388 -0.408 19.447-31.807-18.157  3.619  0.100 59.371  0.349
 -31.759-32.032 19.370 19.805  2.984  0.635-17.805-18.510 -98.19
 82024 850 0 0 1 2 3519.6313 3520.5945
 13.896 -0.181 15.839 -6.455  5.985 23.788  7.306  0.000  0.000
   0.000  0.000  0.000  0.000  0.000  0.000  0.000  5.519   0.00
 82124 943 1 1 2 2 3520.5945 3521.6729
 13.135 -0.123 15.664  5.985 19.094  7.306  9.096 22.306 -0.031
   6.153  5.519 15.598 15.849  5.369  1.937 19.419 18.803  -3.02
 82224 751 0 0 1 3 3521.6729 3522.6604
 15.749  2.094 18.431  8.296 22.880  0.848  0.354  0.000  0.000
   0.000  0.000  0.000  0.000  0.000  0.000  0.000 22.593   0.00
 82224 751 1 1 2 2 3521.6729 3522.6604
 14.231 -0.300 15.532 19.094 32.180  9.096  3.387 19.286 -0.032
  19.419 18.803 15.422 15.630  4.301  4.795 32.567 32.003   4.99
 82324 8 8 1 2 3 1 3522.6604 3523.5916
 14.066 -0.060 20.499 22.880 35.066  0.354  0.186-20.613 -2.033
  24.625 22.593 21.113 20.397  0.050  0.304  0.000  0.000   0.00
 82324 8 8 1 1 2 2 3522.6604 3523.5916
 14.873 -0.326 15.236 32.180 45.117  3.387  9.010 24.280  0.101
  32.567 32.003 15.068 15.313  1.063  2.324 45.469 44.771  -9.53
 82424 948 1 1 2 2 3523.5916 3524.5916
 13.846  0.100 14.932 45.117 57.982  9.010  3.201 14.754 -0.037
  45.469 44.771 14.842 15.020  4.468  4.542 58.316 57.645  -3.60
 82924 930 0 0 1 1 3528.6035 3529.5979
 14.211 -0.248  4.943-59.094-45.937 22.210 17.790  0.000  0.000
   0.000  0.000  0.000  0.000  0.000  0.000  0.000  0.000   0.00
 82924 930 7121919 3528.6035 3529.5979
 12.657  0.074 22.147-14.787 -3.176 40.244 92.918  0.325  2.657
 -11.773-17.411 22.131 22.161 18.731 21.513  2.506 -6.005  -1.37
 9 124 755 0 0 1 2 3531.6694 3532.6152
 13.846  0.303  4.706-17.789 -5.622 17.208  9.088  0.000  0.000
   0.000  0.000  0.000  0.000  0.000  0.000  0.000 -5.636   0.00
 9 124 755 8 71517 3531.6694 3532.6152
 13.997  0.185 21.838 24.367 36.678 71.530 56.575  0.625  0.944
  30.718 19.965 21.774 21.883 29.281 42.248 42.643 30.859  -1.64
 9 224 913 1 1 2 2 3532.6152 3533.6042
 14.041 -0.103  4.992 -5.622  7.293  9.088 15.583-87.053 -0.075
  -5.614 -5.636  5.136  4.705  6.057  3.031  7.332  7.226 159.85
 9 224 913 8 91721 3532.6152 3533.6042
 15.315 -1.989 22.013 36.678 50.852 56.575 46.670 -1.017 -1.059
  42.643 30.859 22.112 21.918 27.935 28.640 55.303 44.811  -1.59
 9 324 930 1 1 2 1 3533.6042 3534.7527
 14.411  0.698  4.890  7.293 22.718 15.583 18.906 72.801 -0.356
   7.332  7.226  4.763  5.103  9.762  5.822  0.000  0.000   0.00
 9 424 555 0 0 1 1 3534.7527 3535.7271
 14.279 -0.583  5.691 22.718 35.674 18.906 14.501  0.000  0.000
   0.000  0.000  0.000  0.000  0.000  0.000  0.000  0.000   0.00
 9 524 632 0 0 1 1 3535.7271 3536.7839
 14.838 -0.265  5.123 35.674 50.319 14.501  9.821  0.000  0.000
   0.000  0.000  0.000  0.000  0.000  0.000  0.000  0.000   0.00
 9 924 9 7 2 4 619 3539.6194 3540.7188
 11.618  0.696 24.346-47.634-35.943  3.456 13.990 42.662 -0.285
 -46.040-49.069 23.007 25.551  1.637  1.819-34.694-37.397   2.47
 91124 645 9 716 6 3541.7188 3542.6243
 14.752 -2.725 24.357-35.709-23.240 16.372  9.199 42.976 -0.099
 -34.784-37.527 23.572 25.901 10.857  5.516-22.609-26.148 -34.97
 91524 746 3 5 8 1 3545.6758 3546.7029
 16.778  2.573 24.720 14.770 30.992 13.504 12.615 35.502 -4.956
  18.491 14.050 22.309 25.187  2.188 11.316  0.000  0.000   0.00
 92524 9 4 2 5 7 1 3555.6216 3556.6194
 16.071 -1.379-23.691 30.433 45.488  9.534  0.578 26.721 -7.105
  32.500 25.570-22.738-25.933  6.691  2.843  0.000  0.000   0.00
 92624 9 7 1 1 2 3 3556.6194 3557.6284
 13.703  0.191  6.073-47.712-34.879  7.500 12.574 62.025 -0.011
 -47.710-47.984  6.069  6.581  7.450  0.050-34.696-35.239 -43.46
 92724 854 1 2 3 9 3557.6284 3558.6167
 15.134 -2.758  6.265-34.879-20.897 12.574 21.280 18.563  2.677
 -34.696-35.239  6.204  6.386  8.344  4.230-18.973-21.869 -45.65
 92824 911 1 2 3 2 3558.6167 3559.6152
 15.244  2.097 20.661  0.590 14.829  2.106  2.664 39.591 -0.910
   1.003  0.189 20.341 20.971  1.037  1.069 14.912 14.827 -37.82
 92924 913 1 8 9 6 3559.6152 3560.6160
 13.336 -0.695  7.222 -7.592  4.767 12.870  5.215 -7.099 -0.040
  -5.670 -9.756  7.460  6.955  6.816  6.055  7.451  3.393   2.46
 93024 912 2 4 6 4 3560.6160 3561.6563
 13.506 -0.058  6.527  4.767 17.793  5.215  2.984 -4.638  1.084
   7.451  3.393  6.744  6.417  1.766  3.449 21.555 16.415  -0.62
 93024 912 1 1 2 2 3560.6160 3561.6563
 14.045 -0.475 23.443-48.258-34.672 15.994 25.532 79.113  2.197
 -48.137-48.261 22.865 23.457  0.389 15.605-33.306-34.675-142.34
10 124 815 1 3 4 4 3561.6563 3562.6853
 13.502 -0.258  6.467 17.793 30.674  2.984  1.591 -5.256 -4.227
  21.555 16.415  6.811  6.342  0.800  2.184 30.867 30.330  59.01
10 124 815 1 1 2 4 3561.6563 3562.6853
 13.082 -0.185 22.949-34.672-22.223 25.532 17.425-63.228  5.119
 -33.306-34.675 25.443 22.944  0.050 25.482-20.473-29.044  59.82
10 224 732 1 3 4 5 3562.6853 3563.6201
 13.263  1.420  6.202 30.674 42.150  1.591  1.863 53.753  0.648
  30.867 30.330  5.940  6.668  1.020  0.571 42.700 41.792   0.75
10 224 732 0 0 1 1 3562.6853 3563.6201
 12.969 -0.320 26.159-57.036-45.834  7.880  0.475  0.000  0.000
   0.000  0.000  0.000  0.000  0.000  0.000  0.000  0.000   0.00
10 224 732 1 3 4 2 3562.6853 3563.6201
 15.173  0.069 22.758-22.223 -8.961 17.425 16.568 -3.412 -4.564
 -20.473-29.044 22.854 22.383 13.869  3.556 -8.802-12.306 -12.20
10 324 9 7 0 0 1 1 3563.6201 3564.6340
 13.935 -0.555 25.860-45.834-32.705  0.475  2.946  0.000  0.000
   0.000  0.000  0.000  0.000  0.000  0.000  0.000  0.000   0.00
10 324 9 7 1 1 2 3 3563.6201 3564.6340
 13.599 -0.200 22.822 -8.961  3.828 16.568  7.664-15.612 -0.410
  -8.802-12.306 22.863 21.961 15.819  0.749  3.951  0.942  -3.71
10 424 846 0 0 1 1 3564.6340 3565.6145
 13.910  1.016 25.297-32.705-20.032  2.946  0.050  0.000  0.000
   0.000  0.000  0.000  0.000  0.000  0.000  0.000  0.000   0.00
10 424 846 2 1 3 1 3564.6340 3565.6145
 14.121  0.989 22.620  3.828 16.708  7.664  8.790-19.325 -2.943
   3.951  0.942 22.659 21.685  7.352  0.312  0.000  0.000   0.00
101124 911 1 1 2 2 3571.6167 3572.6243
 13.521 -1.095-26.278 28.116 40.747 13.994  9.670 44.700  0.066
  28.148 24.779-26.250-29.240 13.863  0.131 40.765 37.333  -0.73
101124 911 1 1 2 4 3571.6167 3572.6243
 15.036 -0.975-30.067 10.084 24.242  1.899  2.445 16.379  0.775
  12.763 10.012-29.386-30.085  0.050  1.849 24.676 21.475  14.41
101224 9 0 1 1 2 1 3572.6243 3573.6272
 13.345  0.156-25.175 40.747 53.140  9.670  7.123 43.973 -4.316
  40.765 37.333-25.160-28.157  9.620  0.050  0.000  0.000   0.00
101224 9 0 2 2 4 1 3572.6243 3573.6272
 13.086 -0.193-29.084 24.242 36.376  2.445  0.261 30.787 -3.256
  24.676 21.475-28.859-30.525  2.114  0.331  0.000  0.000   0.00
101324 856 0 0 1 1 3573.6272 3574.6167
 12.791 -0.025-28.890 36.376 48.057  0.261  0.629  0.000  0.000
   0.000  0.000  0.000  0.000  0.000  0.000  0.000  0.000   0.00
101824 8 9 2 3 5 9 3578.6597 3579.6667
 15.247 -0.060 23.074-16.247 -1.887 24.046 23.769  5.855 -0.717
 -15.513-17.569 23.005 23.199 15.462  8.583 -1.447 -2.732  -9.38
101924 8 0 2 7 9 7 3579.6667 3580.6548
 13.425 -0.586 23.013 -1.887 10.405 23.769 47.892 -3.527 -0.265
  -1.447 -2.732 23.038 22.965 15.629  8.140 10.771  9.857 -19.73
102024 816 1 6 7 5 3580.6548 3581.6472
 13.954 -0.702 22.434 10.405 23.274 47.892 31.870-23.256 -0.129
  10.771  9.857 22.579 22.216 28.725 19.167 23.590 22.739  21.25
111524 754 3 4 7 9 3606.6702 3607.7041
 14.996 -0.148 27.228 -7.754  6.733  5.434 19.757  1.939  2.375
  -6.842 -8.934 27.200 27.263  3.064  2.369  7.269  2.669  12.84
111624 7 6 1 1 2 3 3607.7041 3608.6716
 13.878  0.124 18.186-59.512-47.040 29.870 32.103-66.040  0.024
 -59.465-59.753 18.285 17.668 25.068  4.802-46.975-47.459  17.22
111624 7 6 3 6 9 9 3607.7041 3608.6716
 13.758 -0.205 27.074  6.733 19.089 19.757  8.063 14.775 -1.375
   7.269  2.669 26.949 28.029 17.454  2.302 20.104 17.048   2.89
111724 753 1 2 3 4 3608.6716 3609.7041
 12.754 -0.344 18.305-47.040-34.887 32.103 42.183-48.816  5.163
 -46.975-47.459 18.376 17.851 27.786  4.317-33.873-39.989  41.85
111824 7 6 1 3 4 3 3609.7041 3610.6987
 15.205  0.108 17.950-34.887-20.747 42.183 42.845 -6.970 -5.388
 -33.873-39.989 18.068 17.357 35.185  6.998-20.580-21.059  23.09
111924 714 1 2 3 7 3610.6987 3611.7195
 13.271  0.168 18.058-20.747 -8.204 42.845 13.047 16.117  7.518
 -20.580-21.059 18.012 18.144 27.958 14.887 -7.052-14.984   3.37
112024 644 4 2 6 8 3611.7195 3612.6987
 14.102  0.512 24.446-51.455-38.611 49.089 50.422 14.770 -0.968
 -48.333-52.577 23.697 24.715 12.971 36.118-36.826-40.043   0.78
112024 644 3 4 730 3611.7195 3612.6987
 14.383 -0.919 19.693-10.605  2.514  9.851 74.258-45.293  3.755
 -10.261-11.923 20.020 18.439  7.812  2.039  4.759 -1.556  45.43
112024 644 3 4 730 3611.7195 3612.6987
 11.931  0.576 18.229 -8.204  2.514 13.047 74.258 19.488 -2.013
  -7.052-14.984 17.842 20.508 11.152  1.895  4.759 -1.556 -19.35
112424 716 3 6 9 9 3615.6965 3616.6973
 13.108  0.492 24.728 -0.706 11.426 23.213 26.596 -2.086  1.001
   0.702 -1.061 24.775 24.717  4.682 18.530 13.554 10.680   5.31
112424 71615173222 3615.6965 3616.6973
 14.438  1.816 18.452 39.126 52.589 42.324 57.935 10.904 -0.410
  44.066 35.463 17.549 19.121 18.018 24.306 55.691 47.458   1.32
112524 715 4 5 9 6 3616.6973 3617.7944
 14.093 -0.523 25.221 11.426 25.810 26.596 33.890  3.220 -1.125
  13.554 10.680 25.112 25.259  6.906 19.690 26.925 25.427 -26.15
112624 455 4 2 6 3 3617.7944 3618.6675
 13.257 -0.346 24.647 25.810 36.523 33.890 26.461-22.931  0.755
  26.925 25.427 25.076 24.500  8.670 25.221 38.649 36.225  31.48
112724 759 1 2 3 7 3618.6675 3619.7583
 14.418 -0.417 24.345 36.523 51.180 26.461 18.221  8.549 -0.354
  38.649 36.225 24.054 24.386  3.254 23.207 52.201 50.211 -23.04
12 324 624 2 1 3 1 3624.7327 3625.7300
 12.269  0.176 19.765 19.815 31.070  5.290  0.762 13.934 -3.733
  21.945 18.094 19.267 20.166  2.364  2.926  0.000  0.000   0.00
121224 454 5 4 9 4 3633.7952 3634.7410
 14.161 -0.932 28.302-15.845 -3.380  5.783  1.059 24.313  0.376
 -13.099-18.618 27.209 29.404  2.905  2.878 -1.382 -6.712   9.70
121224 454 1 1 2 2 3633.7952 3634.7410
 13.927 -0.465 21.465  0.296 12.540  9.846  0.613-13.880  0.498
   0.562 -0.979 21.526 21.172  8.144  1.703 13.004 10.956  -0.75
121324 612 0 0 1 2 3634.7410 3635.6909
 14.604  0.728 22.806-58.762-45.821  2.560  4.705  0.000  0.000
   0.000  0.000  0.000  0.000  0.000  0.000  0.000-46.129   0.00
121324 612 1 1 2 1 3634.7410 3635.6909
 15.407 -0.604 21.025 12.540 26.243  0.613  3.098-14.629 -1.976
  13.004 10.956 21.138 20.639  0.474  0.139  0.000  0.000   0.00
121424 724 1 1 2 2 3635.6909 3636.8826
 12.921 -1.306 23.497-45.821-31.593  4.705 10.750  2.154  2.854
 -45.723-46.129 23.494 23.508  3.572  1.133-31.462-34.273 -38.22
121424 724 0 0 1 1 3635.6909 3636.8826
 13.331 -1.027 21.959-55.673-40.956  4.835  3.501  0.000  0.000
   0.000  0.000  0.000  0.000  0.000  0.000  0.000  0.000   0.00
121424 724 0 0 1 1 3635.6909 3636.8826
 13.681  0.703 20.451 26.243 41.376  3.098  3.410  0.000  0.000
   0.000  0.000  0.000  0.000  0.000  0.000  0.000  0.000   0.00
122524 527 1 1 2 1 3646.7722 3647.6777
 13.438 -0.858 19.012 13.755 25.036  1.914  1.950 -0.928-71.532
  41.376-34.273 21.289 20.130  3.410  0.503  0.000  0.000   0.00
