 22624 811 4 4 811 3343.6589 3344.6465
 12.850 -0.225 26.674 26.453-15.747 -4.026  3.657  0.746 27.482
 -11.516 19.859 27.899  5.280  1.303 -0.644  7.472 13.024   0.25
 22624 811 4 4 811 3343.6589 3344.6465
 12.327 -0.337 29.144 28.811-15.887 -4.682  1.901  4.746 27.482
 -11.516 19.859 27.899  5.280  1.303 -0.644  7.472 13.024   0.25
 22624 811 4 4 811 3343.6589 3344.6465
 13.025 -0.657 27.739 27.090 -8.893  3.000  5.881  4.512 27.482
 -11.516 19.859 27.899  5.280  1.303 -0.644  7.472 13.024   0.25
 22624 811 4 4 811 3343.6589 3344.6465
 12.207 -0.472 28.413 27.947-10.810  0.276  0.050  0.401 27.482
 -11.516 19.859 27.899  5.280  1.303 -0.644  7.472 13.024   0.25
 22724 828 3 81116 3344.6465 3345.6541
 14.561 -0.332 26.453 26.118 -4.026  9.657  0.746  0.677 27.725
   0.377 27.899 36.044  6.583 -0.133  7.472 14.069 14.387  -0.52
 22724 828 3 81116 3344.6465 3345.6541
 14.490 -0.407 28.377 27.966 -4.973  8.639  0.257  0.238 27.725
   0.377 27.899 36.044  6.583 -0.133  7.472 14.069 14.387  -0.52
 22724 828 3 81116 3344.6465 3345.6541
 13.941 -0.344 28.811 28.464 -4.682  8.376  4.746  0.068 27.725
   0.377 27.899 36.044  6.583 -0.133  7.472 14.069 14.387  -0.52
 22724 828 3 81116 3344.6465 3345.6541
 13.696 -0.484 26.906 26.418 -2.540 10.271  2.436  1.646 27.725
   0.377 27.899 36.044  6.583 -0.133  7.472 14.069 14.387  -0.52
 22724 828 3 81116 3344.6465 3345.6541
 14.356 -0.611 27.090 26.475  3.000 16.477  4.512 10.674 27.725
   0.377 27.899 36.044  6.583 -0.133  7.472 14.069 14.387  -0.52
 22724 828 3 81116 3344.6465 3345.6541
 14.396 -0.585 27.524 26.934  3.617 17.135  8.063  2.322 27.725
   0.377 27.899 36.044  6.583 -0.133  7.472 14.069 14.387  -0.52
 22724 828 3 81116 3344.6465 3345.6541
 13.945 -0.581 27.292 26.707  4.308 17.371  3.199  5.000 27.725
   0.377 27.899 36.044  6.583 -0.133  7.472 14.069 14.387  -0.52
 41724 519 1 4 512 3394.7778 3395.5994
 13.459  1.103 19.845 20.751-35.824-25.577  1.620  0.670 21.304
 -35.622 13.655 15.440  4.129  0.382 22.768 24.426 13.946   0.57
 41724 519 1 4 512 3394.7778 3395.5994
 12.962  1.271 21.302 22.346-36.034-26.196  3.357  1.591 21.304
 -35.622 13.655 15.440  4.129  0.382 22.768 24.426 13.946   0.57
 41724 519 1 4 512 3394.7778 3395.5994
 13.651  1.219 22.521 23.522-37.298-26.894  4.115  0.497 21.304
 -35.622 13.655 15.440  4.129  0.382 22.768 24.426 13.946   0.57
 41724 519 1 4 512 3394.7778 3395.5994
 13.596  1.217 22.989 23.989-37.976-27.616  0.953  0.050 21.304
 -35.622 13.655 15.440  4.129  0.382 22.768 24.426 13.946   0.57
 41824 937 4 71113 3395.5994 3396.6006
 13.540  0.382-28.108-28.491-33.239-20.668  3.315  3.119-28.043
 -35.828 22.921 23.975  3.047 -0.067-30.942-15.642 15.649   0.31
 41824 937 4 71113 3395.5994 3396.6006
 13.920  0.459-28.824-29.283-34.093-21.141  3.747  8.080-28.043
 -35.828 22.921 23.975  3.047 -0.067-30.942-15.642 15.649   0.31
 41824 937 4 71113 3395.5994 3396.6006
 13.486  0.304-29.005-29.310-34.858-22.341  0.050  0.608-28.043
 -35.828 22.921 23.975  3.047 -0.067-30.942-15.642 15.649   0.31
 41824 937 4 71113 3395.5994 3396.6006
 14.087  0.086-29.224-29.310-35.459-22.341  4.889  0.608-28.043
 -35.828 22.921 23.975  3.047 -0.067-30.942-15.642 15.649   0.31
 41824 937 4 71113 3395.5994 3396.6006
 13.602  0.285-27.006-27.292-38.681-26.048  0.211  1.591-28.043
 -35.828 22.921 23.975  3.047 -0.067-30.942-15.642 15.649   0.31
 41824 937 5 71211 3395.5994 3396.6006
 13.619 -0.402 20.269 19.866-21.437 -8.787  0.050  4.764 21.770
 -24.975 15.440 21.072  4.511  1.284 24.426 34.624 13.206   0.36
 41824 937 5 71211 3395.5994 3396.6006
 13.755 -0.169 20.224 20.055-22.006 -9.219  1.850  1.103 21.770
 -24.975 15.440 21.072  4.511  1.284 24.426 34.624 13.206   0.36
 41824 937 5 71211 3395.5994 3396.6006
 13.412 -0.141 20.782 20.641-22.141 -9.697  3.557  0.050 21.770
 -24.975 15.440 21.072  4.511  1.284 24.426 34.624 13.206   0.36
 41824 937 5 71211 3395.5994 3396.6006
 13.263 -0.385 21.360 20.974-24.659-12.365  0.050  0.611 21.770
 -24.975 15.440 21.072  4.511  1.284 24.426 34.624 13.206   0.36
 41824 937 5 71211 3395.5994 3396.6006
 13.574 -0.215 21.872 21.657-25.820-13.215  2.350  0.050 21.770
 -24.975 15.440 21.072  4.511  1.284 24.426 34.624 13.206   0.36
 41824 937 5 71211 3395.5994 3396.6006
 13.947 -0.385 23.390 23.004-27.510-14.532  3.499  0.222 21.770
 -24.975 15.440 21.072  4.511  1.284 24.426 34.624 13.206   0.36
 41824 937 5 71211 3395.5994 3396.6006
 13.712 -0.543 23.989 23.445-27.616-14.873  0.050  9.510 21.770
 -24.975 15.440 21.072  4.511  1.284 24.426 34.624 13.206   0.36
 41824 937 5 71211 3395.5994 3396.6006
 13.331 -0.518 23.522 23.004-26.894-14.532  0.497  0.222 21.770
 -24.975 15.440 21.072  4.511  1.284 24.426 34.624 13.206   0.36
 41924 934 7 61321 3396.6006 3397.5911
 13.621 -0.299-26.922-26.626-17.259 -4.747  2.858  0.636-28.357
 -21.145 23.975 25.450  2.980  1.355-15.642-12.787 12.216  -0.54
 41924 934 7 61321 3396.6006 3397.5911
 13.173 -0.450-27.414-26.969-17.545 -5.477  0.050  0.947-28.357
 -21.145 23.975 25.450  2.980  1.355-15.642-12.787 12.216  -0.54
 41924 934 7 61321 3396.6006 3397.5911
 13.530 -0.377-29.283-28.910-21.141 -8.719  8.080  2.101-28.357
 -21.145 23.975 25.450  2.980  1.355-15.642-12.787 12.216  -0.54
 41924 934 7 61321 3396.6006 3397.5911
 13.869 -0.231-28.856-28.627-20.866 -8.109  2.578  0.568-28.357
 -21.145 23.975 25.450  2.980  1.355-15.642-12.787 12.216  -0.54
 41924 934 7 61321 3396.6006 3397.5911
 13.941 -0.194-29.310-29.118-22.341 -9.512  0.608  3.642-28.357
 -21.145 23.975 25.450  2.980  1.355-15.642-12.787 12.216  -0.54
 41924 934 7 61321 3396.6006 3397.5911
 13.967 -0.375-28.728-28.357-24.528-11.674  0.128  0.050-28.357
 -21.145 23.975 25.450  2.980  1.355-15.642-12.787 12.216  -0.54
 41924 934 7 61321 3396.6006 3397.5911
 13.767 -0.548-27.292-26.749-26.048-13.392  1.591  1.751-28.357
 -21.145 23.975 25.450  2.980  1.355-15.642-12.787 12.216  -0.54
 41924 934 6 511 8 3396.6006 3397.5911
 13.292  0.473 19.866 20.335 -8.787  3.399  4.764  0.050 22.134
 -12.738 21.072  8.899  5.795 -0.272 34.624 38.440 13.506   0.49
 41924 934 6 511 8 3396.6006 3397.5911
 13.728  0.282 20.055 20.335 -9.219  3.399  1.103  0.050 22.134
 -12.738 21.072  8.899  5.795 -0.272 34.624 38.440 13.506   0.49
 41924 934 6 511 8 3396.6006 3397.5911
 13.823  0.348 22.742 23.086-13.794 -1.082  2.582  0.423 22.134
 -12.738 21.072  8.899  5.795 -0.272 34.624 38.440 13.506   0.49
 41924 934 6 511 8 3396.6006 3397.5911
 13.512  0.622 23.004 23.620-14.532 -2.128  0.222  3.727 22.134
 -12.738 21.072  8.899  5.795 -0.272 34.624 38.440 13.506   0.49
 41924 934 6 511 8 3396.6006 3397.5911
 13.857  0.177 23.445 23.620-14.873 -2.128  9.510  3.727 22.134
 -12.738 21.072  8.899  5.795 -0.272 34.624 38.440 13.506   0.49
 41924 934 6 511 8 3396.6006 3397.5911
 13.842  0.338 23.728 24.063-14.125 -1.394  1.118  1.680 22.134
 -12.738 21.072  8.899  5.795 -0.272 34.624 38.440 13.506   0.49
 42024 94812 92125 3397.5911 3398.5874
 13.601  0.154-27.147-27.301 -2.915  9.656  0.456  0.698-27.825
 -10.024 25.450 41.928  4.336  1.318-12.787 -1.554 13.094  -0.45
 42024 94812 92125 3397.5911 3398.5874
 13.514  0.174-26.691-26.864 -4.496  7.988  0.123  0.637-27.825
 -10.024 25.450 41.928  4.336  1.318-12.787 -1.554 13.094  -0.45
 42024 94812 92125 3397.5911 3398.5874
 13.766  0.239-26.626-26.864 -4.747  7.988  0.636  0.637-27.825
 -10.024 25.450 41.928  4.336  1.318-12.787 -1.554 13.094  -0.45
 42024 94812 92125 3397.5911 3398.5874
 12.899  0.328-28.627-28.954 -8.109  3.763  0.568  0.403-27.825
 -10.024 25.450 41.928  4.336  1.318-12.787 -1.554 13.094  -0.45
 42024 94812 92125 3397.5911 3398.5874
 13.512  0.044-28.910-28.954 -8.719  3.763  2.101  0.403-27.825
 -10.024 25.450 41.928  4.336  1.318-12.787 -1.554 13.094  -0.45
 42024 94812 92125 3397.5911 3398.5874
 13.111 -0.023-29.118-29.095 -9.512  2.572  3.642  6.426-27.825
 -10.024 25.450 41.928  4.336  1.318-12.787 -1.554 13.094  -0.45
 42024 94812 92125 3397.5911 3398.5874
 13.676  0.174-27.829-28.003 -8.957  3.689  4.036  0.050-27.825
 -10.024 25.450 41.928  4.336  1.318-12.787 -1.554 13.094  -0.45
 42024 94812 92125 3397.5911 3398.5874
 13.226  0.333-28.357-28.689-11.674  0.523  0.050  1.750-27.825
 -10.024 25.450 41.928  4.336  1.318-12.787 -1.554 13.094  -0.45
 42024 94812 92125 3397.5911 3398.5874
 13.837  0.206-27.309-27.514-11.311  1.495  0.368  0.050-27.825
 -10.024 25.450 41.928  4.336  1.318-12.787 -1.554 13.094  -0.45
 42024 94812 92125 3397.5911 3398.5874
 13.039  0.277-26.575-26.850-11.219  0.792  1.303  3.331-27.825
 -10.024 25.450 41.928  4.336  1.318-12.787 -1.554 13.094  -0.45
 42024 94812 92125 3397.5911 3398.5874
 13.666  0.165-27.502-27.666-13.948 -1.312  2.903  1.031-27.825
 -10.024 25.450 41.928  4.336  1.318-12.787 -1.554 13.094  -0.45
 42024 94812 92125 3397.5911 3398.5874
 13.065  0.154-27.016-27.169-13.935 -1.898  0.971 12.535-27.825
 -10.024 25.450 41.928  4.336  1.318-12.787 -1.554 13.094  -0.45
 42024 94812 92125 3397.5911 3398.5874
 13.292  0.370-27.631-28.000-12.917 -0.654  1.570  0.281-27.825
 -10.024 25.450 41.928  4.336  1.318-12.787 -1.554 13.094  -0.45
 42024 948 4 4 8 4 3397.5911 3398.5874
 14.069  0.343 23.620 23.961 -2.128 10.909  3.727  0.201 22.621
  -0.340  8.899  2.502  5.523 -4.589 38.440 26.010 12.572   1.30
 42024 948 4 4 8 4 3397.5911 3398.5874
 13.762 -0.020 24.084 24.064 -1.915 10.816  0.215  1.230 22.621
  -0.340  8.899  2.502  5.523 -4.589 38.440 26.010 12.572   1.30
 42024 948 4 4 8 4 3397.5911 3398.5874
 13.627  0.275 24.063 24.338 -1.394 11.203  1.680  0.127 22.621
  -0.340  8.899  2.502  5.523 -4.589 38.440 26.010 12.572   1.30
 42124 95317 82519 3398.5874 3399.5847
 14.217  0.601-26.887-27.486  9.867 23.061  2.708  9.486-27.372
   2.042 41.928 57.367  5.653  2.456 -1.554  6.194 14.168   0.41
 42124 95317 82519 3398.5874 3399.5847
 14.593  0.302-26.770-27.071  9.154 22.723  0.352  0.050-27.372
   2.042 41.928 57.367  5.653  2.456 -1.554  6.194 14.168   0.41
 42124 95317 82519 3398.5874 3399.5847
 14.428  0.186-27.301-27.486  9.656 23.061  0.698  9.486-27.372
   2.042 41.928 57.367  5.653  2.456 -1.554  6.194 14.168   0.41
 42124 95317 82519 3398.5874 3399.5847
 14.366  0.473-26.749-27.220  8.650 21.992  0.383  0.050-27.372
   2.042 41.928 57.367  5.653  2.456 -1.554  6.194 14.168   0.41
 42124 95317 82519 3398.5874 3399.5847
 14.176  0.160-26.503-26.662  5.537 18.691  5.721  0.202-27.372
   2.042 41.928 57.367  5.653  2.456 -1.554  6.194 14.168   0.41
 42124 95317 82519 3398.5874 3399.5847
 14.547  0.251-26.416-26.667  4.981 18.504  0.249  1.930-27.372
   2.042 41.928 57.367  5.653  2.456 -1.554  6.194 14.168   0.41
 42124 95317 82519 3398.5874 3399.5847
 13.876  0.186-28.000-28.186 -0.654 12.200  0.281  4.248-27.372
   2.042 41.928 57.367  5.653  2.456 -1.554  6.194 14.168   0.41
 42124 95317 82519 3398.5874 3399.5847
 14.142  0.318-27.666-27.983 -1.312 11.807  1.031  3.594-27.372
   2.042 41.928 57.367  5.653  2.456 -1.554  6.194 14.168   0.41
 5 824 938 4 5 910 3415.5979 3416.5930
 13.707 -0.204 30.924 30.721-17.421 -4.762  1.359  2.021 31.724
 -15.944  9.843 12.039  3.803 -2.011 14.404 -8.792 12.800  -0.50
 5 824 938 4 5 910 3415.5979 3416.5930
 13.843 -0.362 31.421 31.061-17.035 -4.240  0.393  1.940 31.724
 -15.944  9.843 12.039  3.803 -2.011 14.404 -8.792 12.800  -0.50
 5 824 938 4 5 910 3415.5979 3416.5930
 13.577 -0.072 32.562 32.490-15.971 -3.442  0.255  0.050 31.724
 -15.944  9.843 12.039  3.803 -2.011 14.404 -8.792 12.800  -0.50
 5 824 938 4 5 910 3415.5979 3416.5930
 13.811 -0.520 31.523 31.005-12.409  0.354  0.448  0.050 31.724
 -15.944  9.843 12.039  3.803 -2.011 14.404 -8.792 12.800  -0.50
 5 824 938 4 5 910 3415.5979 3416.5930
 13.530 -0.384 31.387 31.005-12.129  0.354  0.127  0.050 31.724
 -15.944  9.843 12.039  3.803 -2.011 14.404 -8.792 12.800  -0.50
 5 924 945 5 510 4 3416.5930 3417.7444
 13.044 -0.060 30.721 30.652 -4.762  9.122  2.021  2.282 31.223
  -4.187 12.039  9.196  1.792  2.258 -8.792 -1.949 15.018  -0.07
 5 924 945 5 510 4 3416.5930 3417.7444
 14.023  0.283 31.061 31.386 -4.240 10.770  1.940  3.260 31.223
  -4.187 12.039  9.196  1.792  2.258 -8.792 -1.949 15.018  -0.07
 5 924 945 5 510 4 3416.5930 3417.7444
 13.576 -0.049 31.443 31.386 -3.727 10.770  2.569  3.260 31.223
  -4.187 12.039  9.196  1.792  2.258 -8.792 -1.949 15.018  -0.07
 5 924 945 5 510 4 3416.5930 3417.7444
 13.892 -0.023 32.118 32.092 -0.926 13.935  0.102  0.607 31.223
  -4.187 12.039  9.196  1.792  2.258 -8.792 -1.949 15.018  -0.07
 5 924 945 5 510 4 3416.5930 3417.7444
 13.550 -0.112 31.177 31.048  0.531 14.997  0.709  3.046 31.223
  -4.187 12.039  9.196  1.792  2.258 -8.792 -1.949 15.018  -0.07
 5 924 945 5 510 4 3416.5930 3417.7444
 13.703  0.038 31.005 31.048  0.354 14.997  0.050  3.046 31.223
  -4.187 12.039  9.196  1.792  2.258 -8.792 -1.949 15.018  -0.07
 51024 6 7 2 2 4 7 3417.7444 3418.6001
 12.543 -0.243 30.652 30.444  9.122 19.010  2.282  1.055 31.139
  11.971  9.196  6.838  4.050 -0.096 -1.949 -4.800 13.150  -0.25
 51024 6 7 2 2 4 7 3417.7444 3418.6001
 12.475  0.043 32.092 32.128 13.935 23.765  0.607  0.717 31.139
  11.971  9.196  6.838  4.050 -0.096 -1.949 -4.800 13.150  -0.25
 51024 6 7 0 0 1 4 3417.7444 3418.6001
 12.576  0.309-20.986-21.251-58.917-49.000  0.228  0.815-20.986
 -58.917  0.228  6.279  0.000  3.986  0.000  0.952 14.829   0.20
 51424 948 4 71119 3421.5916 3422.5874
 13.897  0.022-20.360-20.382 -4.950  7.909  2.093  2.727-20.092
  -8.038 19.988 41.740  5.231 -0.389  8.319  6.833 12.904   0.00
 51424 948 4 71119 3421.5916 3422.5874
 13.545  0.056-19.825-19.880 -5.508  7.000  7.992  4.346-20.092
  -8.038 19.988 41.740  5.231 -0.389  8.319  6.833 12.904   0.00
 51424 948 4 71119 3421.5916 3422.5874
 13.457  0.057-21.158-21.215-10.281  2.139  2.504  2.953-20.092
  -8.038 19.988 41.740  5.231 -0.389  8.319  6.833 12.904   0.00
 51424 948 4 71119 3421.5916 3422.5874
 13.625 -0.071-19.671-19.601 -9.855  2.733  1.624  7.835-20.092
  -8.038 19.988 41.740  5.231 -0.389  8.319  6.833 12.904   0.00
 51424 948 4 71119 3421.5916 3422.5874
 13.676  0.304-21.082-21.385-12.077  0.561  2.605  6.634-20.092
  -8.038 19.988 41.740  5.231 -0.389  8.319  6.833 12.904   0.00
 51424 948 4 71119 3421.5916 3422.5874
 13.803 -0.140-19.785-19.646-10.961  1.804  0.186  2.167-20.092
  -8.038 19.988 41.740  5.231 -0.389  8.319  6.833 12.904   0.00
 51424 948 0 0 1 1 3421.5916 3422.5874
 14.078 -0.382-29.104-28.724-50.947-37.910  6.176  4.125-29.104
 -50.947  6.176  4.125  0.000  0.000  0.000  0.000 14.078  -0.38
 51524 953 9101920 3422.5874 3423.5945
 13.884  0.631-20.382-21.018  7.909 20.898  2.727  3.570-20.091
   3.831 41.740 27.816  4.842  0.847  6.833  5.508 13.747   0.81
 51524 953 9101920 3422.5874 3423.5945
 13.397  0.535-19.727-20.266  7.623 20.121  0.050  5.119-20.091
   3.831 41.740 27.816  4.842  0.847  6.833  5.508 13.747   0.81
 51524 953 9101920 3422.5874 3423.5945
 14.016  0.383-19.880-20.266  7.000 20.121  4.346  5.119-20.091
   3.831 41.740 27.816  4.842  0.847  6.833  5.508 13.747   0.81
 51524 953 9101920 3422.5874 3423.5945
 13.758  0.451-19.088-19.542  6.480 19.343  1.747  0.256-20.091
   3.831 41.740 27.816  4.842  0.847  6.833  5.508 13.747   0.81
 51524 953 9101920 3422.5874 3423.5945
 14.148  0.812-19.056-19.874  5.996 19.251  4.035  0.612-20.091
   3.831 41.740 27.816  4.842  0.847  6.833  5.508 13.747   0.81
 51524 953 9101920 3422.5874 3423.5945
 13.831  0.412-20.744-21.159  6.180 19.116  0.050  0.124-20.091
   3.831 41.740 27.816  4.842  0.847  6.833  5.508 13.747   0.81
 51524 953 9101920 3422.5874 3423.5945
 13.550  0.845-19.646-20.497  1.804 14.456  2.167  2.828-20.091
   3.831 41.740 27.816  4.842  0.847  6.833  5.508 13.747   0.81
 51524 953 9101920 3422.5874 3423.5945
 13.887  0.818-19.673-20.497  1.465 14.456  1.755  2.828-20.091
   3.831 41.740 27.816  4.842  0.847  6.833  5.508 13.747   0.81
 51524 953 9101920 3422.5874 3423.5945
 13.650  0.450-21.385-21.838  0.561 13.313  6.634  0.050-20.091
   3.831 41.740 27.816  4.842  0.847  6.833  5.508 13.747   0.81
 51524 953 0 0 1 2 3422.5874 3423.5945
 12.750  0.262-28.724-28.987-37.910-26.063  4.125  1.800-28.724
 -37.910  4.125  2.165  0.000  0.360  0.000-43.725 12.799   0.30
 51624 943 9112011 3423.5945 3424.5806
 13.972  0.174-21.226-21.398 20.485 33.292  0.968  8.921-20.906
  16.682 27.816 41.751  5.688 -0.644  5.508  1.111 14.784   0.11
 51624 943 9112011 3423.5945 3424.5806
 14.370  0.180-20.266-20.444 20.121 33.320  5.119  0.780-20.906
  16.682 27.816 41.751  5.688 -0.644  5.508  1.111 14.784   0.11
 51624 943 9112011 3423.5945 3424.5806
 13.787  0.086-21.500-21.585 15.229 27.853  2.480  2.734-20.906
  16.682 27.816 41.751  5.688 -0.644  5.508  1.111 14.784   0.11
 51624 943 9112011 3423.5945 3424.5806
 13.941  0.238-20.497-20.732 14.456 27.233  2.828 13.005-20.906
  16.682 27.816 41.751  5.688 -0.644  5.508  1.111 14.784   0.11
 51624 943 9112011 3423.5945 3424.5806
 14.385  0.367-20.370-20.732 14.018 27.233  1.584 13.005-20.906
  16.682 27.816 41.751  5.688 -0.644  5.508  1.111 14.784   0.11
 51624 943 9112011 3423.5945 3424.5806
 14.563  0.462-20.276-20.732 13.844 27.233  0.356 13.005-20.906
  16.682 27.816 41.751  5.688 -0.644  5.508  1.111 14.784   0.11
 51624 943 9112011 3423.5945 3424.5806
 14.101  0.433-21.210-21.637 13.477 26.410  1.013  0.050-20.906
  16.682 27.816 41.751  5.688 -0.644  5.508  1.111 14.784   0.11
 51624 943 9112011 3423.5945 3424.5806
 14.511  0.294-21.347-21.637 13.073 26.410  0.700  0.050-20.906
  16.682 27.816 41.751  5.688 -0.644  5.508  1.111 14.784   0.11
 51624 943 9112011 3423.5945 3424.5806
 14.532  0.317-22.153-22.466 12.794 26.153  0.113  0.794-20.906
  16.682 27.816 41.751  5.688 -0.644  5.508  1.111 14.784   0.11
 51624 943 9112011 3423.5945 3424.5806
 14.229  0.036-22.351-22.386 12.562 25.622  0.405  0.581-20.906
  16.682 27.816 41.751  5.688 -0.644  5.508  1.111 14.784   0.11
 51624 943 1 1 2 1 3423.5945 3424.5806
 13.700  0.349-29.236-29.580-25.766-13.227  0.365  1.083-29.029
 -26.013  2.165  1.083  0.360 -0.360-43.725  0.000 13.951   0.56
 51624 943 1 1 2 1 3423.5945 3424.5806
 14.002  0.601-28.987-29.580-26.063-13.227  1.800  1.083-29.029
 -26.013  2.165  1.083  0.360 -0.360-43.725  0.000 13.951   0.56
 5172410 3 5 61110 3424.5806 3425.5840
 13.229 -0.409-20.444-20.033 33.320 45.606  0.780  0.050-21.018
  30.289 41.751 26.874  5.044  0.609  1.111  6.802 13.334  -0.11
 5172410 3 5 61110 3424.5806 3425.5840
 13.965 -0.341-21.398-21.056 33.292 46.318  8.921  1.391-21.018
  30.289 41.751 26.874  5.044  0.609  1.111  6.802 13.334  -0.11
 5172410 3 5 61110 3424.5806 3425.5840
 13.338  0.033-20.856-20.889 32.170 44.566 13.252  0.248-21.018
  30.289 41.751 26.874  5.044  0.609  1.111  6.802 13.334  -0.11
 5172410 3 5 61110 3424.5806 3425.5840
 13.327 -0.319-21.585-21.265 27.853 40.238  2.734  7.546-21.018
  30.289 41.751 26.874  5.044  0.609  1.111  6.802 13.334  -0.11
 5172410 3 5 61110 3424.5806 3425.5840
 13.692 -0.027-20.732-20.705 27.233 39.984 13.005  3.609-21.018
  30.289 41.751 26.874  5.044  0.609  1.111  6.802 13.334  -0.11
 5172410 3 5 61110 3424.5806 3425.5840
 13.774  0.006-21.637-21.643 26.410 39.244  0.050  1.669-21.018
  30.289 41.751 26.874  5.044  0.609  1.111  6.802 13.334  -0.11
 51824 958 6 410 4 3425.5840 3426.5911
 14.061  0.045-20.033-20.078 45.606 58.774  0.050  0.221-20.908
  42.681 26.874  0.371  5.653 -1.178  6.802 14.713 16.182  -0.44
 51824 958 6 410 4 3425.5840 3426.5911
 14.179  0.361-20.117-20.480 44.785 58.071  0.532  0.050-20.908
  42.681 26.874  0.371  5.653 -1.178  6.802 14.713 16.182  -0.44
 51824 958 6 410 4 3425.5840 3426.5911
 14.736  0.253-20.889-21.144 44.566 58.413  0.248  0.050-20.908
  42.681 26.874  0.371  5.653 -1.178  6.802 14.713 16.182  -0.44
 51824 958 6 410 4 3425.5840 3426.5911
 14.111  0.111-21.331-21.443 40.771 53.988  2.816  0.050-20.908
  42.681 26.874  0.371  5.653 -1.178  6.802 14.713 16.182  -0.44
 51824 958 6 410 4 3425.5840 3426.5911
 14.640  0.177-21.265-21.443 40.238 53.988  7.546  0.050-20.908
  42.681 26.874  0.371  5.653 -1.178  6.802 14.713 16.182  -0.44
 51924 948 0 0 1 1 3426.5911 3427.5911
 14.699 -0.422-22.038-21.616-56.105-42.391  5.293  6.580-22.038
 -56.105  5.293  6.580  0.000  0.000  0.000  0.000 14.699  -0.42
 52024 948 0 0 1 1 3427.5911 3428.6299
 13.815  0.700-21.616-22.344-42.391-29.061  6.580  2.309-21.616
 -42.391  6.580  2.309  0.000  0.000  0.000  0.000 13.815   0.70
 52024 948 1 1 2 1 3427.5911 3428.6299
 13.469 -1.003 36.983 35.941-38.923-25.953  3.373  6.710 36.984
 -38.890  3.715  6.710  0.287 -0.287 -2.403  0.000 13.437  -1.00
 52024 948 1 1 2 1 3427.5911 3428.6299
 13.124 -1.015 36.995 35.941-38.564-25.953  0.342  6.710 36.984
 -38.890  3.715  6.710  0.287 -0.287 -2.403  0.000 13.437  -1.00
 52124 852 0 0 1 2 3428.6299 3429.5798
 13.601 -1.384-22.344-21.029-29.061-17.075  2.309  6.483-22.344
 -29.061  2.309  6.759  0.000  1.483  0.000-36.497 13.546  -1.42
 52124 852 0 0 1 4 3428.6299 3429.5798
 13.733  1.226 35.941 37.105-25.953-13.842  6.710  1.517 35.941
 -25.953  6.710  2.122  0.000  3.701  0.000 10.377 12.361   1.43
 5222410 4 1 1 2 3 3429.5798 3430.5820
 12.481 -0.515-20.147-19.631-18.352 -6.831  0.275  1.215-20.993
 -17.127  6.759  7.181  1.483  2.224-36.497-39.796 13.768   0.59
 5222410 4 1 3 4 9 3429.5798 3430.5820
 13.129 -1.279 37.580 36.298-23.050-10.880  0.050  0.050 37.295
 -15.145  2.122 16.642  3.701 -2.367 10.377-24.062 10.978  -1.26
 5222410 4 1 3 4 9 3429.5798 3430.5820
 13.745 -1.184 37.887 36.701-18.051 -5.264  0.504  0.338 37.295
 -15.145  2.122 16.642  3.701 -2.367 10.377-24.062 10.978  -1.26
 5222410 4 1 3 4 9 3429.5798 3430.5820
 13.255 -1.046 36.807 35.758-17.485 -5.189  0.050 10.452 37.295
 -15.145  2.122 16.642  3.701 -2.367 10.377-24.062 10.978  -1.26
 5222410 4 1 3 4 9 3429.5798 3430.5820
 13.258 -1.330 37.105 35.773-13.842 -1.543  1.517  0.983 37.295
 -15.145  2.122 16.642  3.701 -2.367 10.377-24.062 10.978  -1.26
 5232410 1 1 2 3 1 3430.5820 3431.5938
 14.063 -0.824-22.007-21.173 -3.777  9.456  5.916  8.396-21.589
  -4.317  7.181  8.396  3.707 -3.707-39.796  0.000 14.596  -0.41
 52424 945 0 0 1 1 3431.5938 3432.5791
 13.844 -0.801-21.173-20.385  9.456 22.128  8.396  4.260-21.173
   9.456  8.396  4.260  0.000  0.000  0.000  0.000 13.844  -0.80
 5252410 5 0 0 1 1 3432.5791 3433.5952
 13.085  0.922-20.385-21.321 22.128 34.422  4.260  0.300-20.385
  22.128  4.260  0.300  0.000  0.000  0.000  0.000 13.085   0.92
 52724 811 1 4 5 5 3434.6589 3435.6570
 14.174 -0.062 18.019 17.958 -3.465  9.698  0.295  0.050 19.337
  -2.077  6.123  1.200  3.307  0.799 36.181 27.551 15.095  -0.37
 52724 811 1 4 5 5 3434.6589 3435.6570
 13.372 -0.059 20.398 20.339 -3.074  9.288  0.679  0.162 19.337
  -2.077  6.123  1.200  3.307  0.799 36.181 27.551 15.095  -0.37
 52724 811 1 4 5 5 3434.6589 3435.6570
 14.162 -0.409 20.747 20.339 -3.863  9.288  1.775  0.162 19.337
  -2.077  6.123  1.200  3.307  0.799 36.181 27.551 15.095  -0.37
 6 124 943 6131917 3439.5945 3440.5911
 13.076  0.182 28.917 29.098-43.974-31.923  1.596  0.574 31.153
 -45.707 41.901 87.590  8.425 -0.167 13.530 13.338 12.616   0.08
 6 124 943 6131917 3439.5945 3440.5911
 13.015  0.121 29.954 30.075-42.099-30.109 17.045 22.367 31.153
 -45.707 41.901 87.590  8.425 -0.167 13.530 13.338 12.616   0.08
 6 124 943 6131917 3439.5945 3440.5911
 12.968  0.242 30.446 30.687-41.594-29.651  3.733 18.504 31.153
 -45.707 41.901 87.590  8.425 -0.167 13.530 13.338 12.616   0.08
 6 124 943 6131917 3439.5945 3440.5911
 13.167  0.284 30.679 30.962-44.007-31.865  0.234 10.890 31.153
 -45.707 41.901 87.590  8.425 -0.167 13.530 13.338 12.616   0.08
 6 124 943 6131917 3439.5945 3440.5911
 12.787  0.251 31.598 31.848-46.032-34.269  0.752  0.050 31.153
 -45.707 41.901 87.590  8.425 -0.167 13.530 13.338 12.616   0.08
 6 124 943 6131917 3439.5945 3440.5911
 13.098  0.064 32.032 32.095-48.182-36.109  4.408 12.461 31.153
 -45.707 41.901 87.590  8.425 -0.167 13.530 13.338 12.616   0.08
 6 124 943 6131917 3439.5945 3440.5911
 13.175  0.315 33.970 34.284-53.229-41.080  0.736  3.247 31.153
 -45.707 41.901 87.590  8.425 -0.167 13.530 13.338 12.616   0.08
 6 124 943 6131917 3439.5945 3440.5911
 13.402  0.093 33.498 33.591-54.523-42.148  0.146  0.201 31.153
 -45.707 41.901 87.590  8.425 -0.167 13.530 13.338 12.616   0.08
 6 124 943 6131917 3439.5945 3440.5911
 12.475  0.143 32.803 32.946-56.321-44.869  4.956  4.656 31.153
 -45.707 41.901 87.590  8.425 -0.167 13.530 13.338 12.616   0.08
 6 124 943 6131917 3439.5945 3440.5911
 12.964  0.146 31.487 31.632-56.638-44.699  0.414  0.050 31.153
 -45.707 41.901 87.590  8.425 -0.167 13.530 13.338 12.616   0.08
 6 224 948 4131720 3440.5911 3441.5862
 13.602  0.252 30.075 30.325-30.109-17.551 22.367 22.036 31.232
 -34.114 87.590 60.598  8.258  1.654 13.338 13.922 11.706   0.39
 6 224 948 4131720 3440.5911 3441.5862
 13.635 -0.061 29.098 29.037-31.923-19.333  0.574  0.050 31.232
 -34.114 87.590 60.598  8.258  1.654 13.338 13.922 11.706   0.39
 6 224 948 4131720 3440.5911 3441.5862
 13.868 -0.011 30.962 30.951-31.865-19.042 10.890  4.504 31.232
 -34.114 87.590 60.598  8.258  1.654 13.338 13.922 11.706   0.39
 6 224 948 4131720 3440.5911 3441.5862
 14.014  0.157 31.526 31.683-35.048-22.080  0.250  0.451 31.232
 -34.114 87.590 60.598  8.258  1.654 13.338 13.922 11.706   0.39
 6 224 948 4131720 3440.5911 3441.5862
 13.211  0.356 32.292 32.646-39.294-27.125  3.203  4.339 31.232
 -34.114 87.590 60.598  8.258  1.654 13.338 13.922 11.706   0.39
 6 224 948 4131720 3440.5911 3441.5862
 13.382  0.409 33.591 33.998-42.148-29.808  0.201  4.241 31.232
 -34.114 87.590 60.598  8.258  1.654 13.338 13.922 11.706   0.39
 6 224 948 4131720 3440.5911 3441.5862
 13.216  0.240 32.946 33.185-44.869-32.696  4.656  1.867 31.232
 -34.114 87.590 60.598  8.258  1.654 13.338 13.922 11.706   0.39
 6 324 956 7132025 3441.5862 3442.5869
 12.826 -0.362 29.037 28.674-19.333 -7.482  0.050  3.814 31.618
 -23.443 60.598 59.879  9.912 -3.159 13.922 14.537 10.794   0.37
 6 324 956 7132025 3441.5862 3442.5869
 13.735 -0.080 30.435 30.356-19.328 -6.567  3.604  3.423 31.618
 -23.443 60.598 59.879  9.912 -3.159 13.922 14.537 10.794   0.37
 6 324 956 7132025 3441.5862 3442.5869
 13.551 -0.529 30.866 30.336-20.439 -7.862  0.050  0.196 31.618
 -23.443 60.598 59.879  9.912 -3.159 13.922 14.537 10.794   0.37
 6 324 956 7132025 3441.5862 3442.5869
 13.429 -0.190 31.991 31.802-23.460-11.005  0.166  0.214 31.618
 -23.443 60.598 59.879  9.912 -3.159 13.922 14.537 10.794   0.37
 6 324 956 7132025 3441.5862 3442.5869
 13.134 -0.491 32.453 31.961-25.517-13.357  3.769  8.372 31.618
 -23.443 60.598 59.879  9.912 -3.159 13.922 14.537 10.794   0.37
 6 324 956 7132025 3441.5862 3442.5869
 13.542 -0.306 32.841 32.535-25.757-13.189  0.273 12.453 31.618
 -23.443 60.598 59.879  9.912 -3.159 13.922 14.537 10.794   0.37
 6 324 956 7132025 3441.5862 3442.5869
 13.418 -0.154 33.248 33.094-27.996-15.553  1.503  1.487 31.618
 -23.443 60.598 59.879  9.912 -3.159 13.922 14.537 10.794   0.37
 6 324 956 7132025 3441.5862 3442.5869
 13.545 -0.190 33.998 33.808-29.808-17.237  4.241  1.349 31.618
 -23.443 60.598 59.879  9.912 -3.159 13.922 14.537 10.794   0.37
 6 324 956 7132025 3441.5862 3442.5869
 13.489 -0.113 32.307 32.194-32.182-19.667  6.550  0.687 31.618
 -23.443 60.598 59.879  9.912 -3.159 13.922 14.537 10.794   0.37
 6 324 956 7132025 3441.5862 3442.5869
 12.823 -0.292 33.181 32.889-31.931-20.083  3.094  3.724 31.618
 -23.443 60.598 59.879  9.912 -3.159 13.922 14.537 10.794   0.37
 6 324 956 7132025 3441.5862 3442.5869
 13.587 -0.295 33.185 32.889-32.696-20.083  1.867  3.724 31.618
 -23.443 60.598 59.879  9.912 -3.159 13.922 14.537 10.794   0.37
 6 424 95411142527 3442.5869 3443.5869
 13.495  0.403 31.396 31.799-19.521 -7.009  0.050  0.137 31.990
 -13.626 59.879 71.612  6.753  2.872 14.537 15.406 15.906  -0.54
 6 424 95411142527 3442.5869 3443.5869
 14.106  0.448 32.889 33.337-20.083 -6.960  3.724  0.050 31.990
 -13.626 59.879 71.612  6.753  2.872 14.537 15.406 15.906  -0.54
 6 424 95411142527 3442.5869 3443.5869
 13.156  0.168 32.679 32.848-18.973 -6.800  1.106  0.433 31.990
 -13.626 59.879 71.612  6.753  2.872 14.537 15.406 15.906  -0.54
 6 424 95411142527 3442.5869 3443.5869
 13.180  0.169 33.168 33.337-19.157 -6.960  1.931  0.050 31.990
 -13.626 59.879 71.612  6.753  2.872 14.537 15.406 15.906  -0.54
 6 424 95411142527 3442.5869 3443.5869
 13.420  0.057 33.599 33.657-19.728 -7.291  4.033  0.189 31.990
 -13.626 59.879 71.612  6.753  2.872 14.537 15.406 15.906  -0.54
 6 424 95411142527 3442.5869 3443.5869
 13.677  0.112 33.808 33.920-17.237 -4.542  1.349  0.050 31.990
 -13.626 59.879 71.612  6.753  2.872 14.537 15.406 15.906  -0.54
 6 424 95411142527 3442.5869 3443.5869
 13.134  0.073 33.847 33.920-16.694 -4.542  1.681  0.050 31.990
 -13.626 59.879 71.612  6.753  2.872 14.537 15.406 15.906  -0.54
 6 424 95411142527 3442.5869 3443.5869
 13.491  0.454 33.465 33.920-17.050 -4.542  3.986  0.050 31.990
 -13.626 59.879 71.612  6.753  2.872 14.537 15.406 15.906  -0.54
 6 424 95411142527 3442.5869 3443.5869
 13.315  0.294 32.546 32.840-15.465 -3.132  1.722  0.985 31.990
 -13.626 59.879 71.612  6.753  2.872 14.537 15.406 15.906  -0.54
 6 424 95411142527 3442.5869 3443.5869
 13.815  0.414 31.961 32.375-13.357 -0.525  8.372  6.196 31.990
 -13.626 59.879 71.612  6.753  2.872 14.537 15.406 15.906  -0.54
 6 424 95411142527 3442.5869 3443.5869
 13.333  0.345 32.535 32.880-13.189 -0.838 12.453  2.863 31.990
 -13.626 59.879 71.612  6.753  2.872 14.537 15.406 15.906  -0.54
 6 424 95411142527 3442.5869 3443.5869
 13.917  0.125 30.336 30.462 -7.862  5.072  0.196  0.624 31.990
 -13.626 59.879 71.612  6.753  2.872 14.537 15.406 15.906  -0.54
 6 424 95411142527 3442.5869 3443.5869
 13.504  0.037 29.746 29.784 -9.136  3.385  0.727  0.050 31.990
 -13.626 59.879 71.612  6.753  2.872 14.537 15.406 15.906  -0.54
 6 424 95411142527 3442.5869 3443.5869
 13.737  0.220 28.674 28.894 -7.482  5.273  3.814  0.050 31.990
 -13.626 59.879 71.612  6.753  2.872 14.537 15.406 15.906  -0.54
 6 424 95411142527 3442.5869 3443.5869
 13.326  0.407 30.356 30.762 -6.567  5.777  3.423  8.467 31.990
 -13.626 59.879 71.612  6.753  2.872 14.537 15.406 15.906  -0.54
 6 424 95411142527 3442.5869 3443.5869
 13.218  0.167 30.288 30.455 -5.369  6.867  4.348 20.771 31.990
 -13.626 59.879 71.612  6.753  2.872 14.537 15.406 15.906  -0.54
 6 62410 5 6 61218 3444.5791 3445.6943
 17.421 -1.407 32.894 31.325  4.631 22.964  0.488  0.050 32.122
   8.782 34.540 82.680  4.661  2.659  5.272 16.052 16.637  -1.87
 6 62410 5 6 61218 3444.5791 3445.6943
 17.439 -1.020 32.461 31.323  9.404 27.758  1.057  0.050 32.122
   8.782 34.540 82.680  4.661  2.659  5.272 16.052 16.637  -1.87
 6 62410 5 6 61218 3444.5791 3445.6943
 17.795 -1.373 30.624 29.092 12.430 31.181  0.182  9.920 32.122
   8.782 34.540 82.680  4.661  2.659  5.272 16.052 16.637  -1.87
 61124 937 2 1 3 2 3449.5994 3450.5869
 13.586  0.171 21.779 21.947-21.063 -8.616  1.047  0.090 22.438
 -19.103  8.670  0.334  2.192  0.301-20.013 -5.483 13.582  -0.32
 61124 937 2 1 3 2 3449.5994 3450.5869
 12.881 -0.165 22.349 22.186-17.688 -5.937  0.824  0.244 22.438
 -19.103  8.670  0.334  2.192  0.301-20.013 -5.483 13.582  -0.32
 61224 954 1 1 2 9 3450.5869 3451.6138
 13.711  0.119 21.947 22.069 -8.616  4.459  0.090  2.055 22.121
  -6.660  0.334 19.683  2.493  1.435 -5.483  3.350 13.756   0.25
 61324 915 2 2 4 5 3451.6138 3452.5938
 13.404  0.263-25.184-25.442-15.976 -3.804  0.050  0.050-24.927
 -16.147  8.472  0.606  2.396  1.826 23.886 26.034 14.474  -0.06
 61324 915 2 2 4 5 3451.6138 3452.5938
 13.153  0.242-25.393-25.631-16.645 -4.718  5.810  0.314-24.927
 -16.147  8.472  0.606  2.396  1.826 23.886 26.034 14.474  -0.06
 61324 915 4 5 910 3451.6138 3452.5938
 14.567 -0.242 22.069 21.833  4.459 17.771  2.055  0.781 22.375
   6.460 19.683 21.447  3.928  0.651  3.350 -0.390 13.477   0.03
 61324 915 4 5 910 3451.6138 3452.5938
 13.771 -0.410 22.704 22.302  4.015 16.547  5.894  6.530 22.375
   6.460 19.683 21.447  3.928  0.651  3.350 -0.390 13.477   0.03
 61324 915 4 5 910 3451.6138 3452.5938
 14.344 -0.260 21.472 21.217  4.866 17.959  0.050  1.021 22.375
   6.460 19.683 21.447  3.928  0.651  3.350 -0.390 13.477   0.03
 61324 915 4 5 910 3451.6138 3452.5938
 13.702 -0.199 22.337 22.143  8.197 20.661  6.862  3.858 22.375
   6.460 19.683 21.447  3.928  0.651  3.350 -0.390 13.477   0.03
 61324 915 4 5 910 3451.6138 3452.5938
 14.166 -0.086 22.454 22.369  9.068 21.987  2.954  0.050 22.375
   6.460 19.683 21.447  3.928  0.651  3.350 -0.390 13.477   0.03
 61424 945 4 61011 3452.5938 3453.5930
 14.880 -0.168 22.501 22.333 16.021 29.911  2.873  0.050 22.403
  18.704 21.447  9.384  4.579  1.730 -0.390 -1.683 15.331   0.37
 61424 945 4 61011 3452.5938 3453.5930
 14.935 -0.429 22.761 22.333 15.967 29.911  0.194  0.050 22.403
  18.704 21.447  9.384  4.579  1.730 -0.390 -1.683 15.331   0.37
 61424 945 4 61011 3452.5938 3453.5930
 14.910 -0.118 22.302 22.185 16.547 30.466  6.530  0.130 22.403
  18.704 21.447  9.384  4.579  1.730 -0.390 -1.683 15.331   0.37
 61424 945 4 61011 3452.5938 3453.5930
 15.406 -0.449 21.833 21.384 17.771 32.186  0.781  0.050 22.403
  18.704 21.447  9.384  4.579  1.730 -0.390 -1.683 15.331   0.37
 61424 945 4 61011 3452.5938 3453.5930
 15.468 -0.210 21.217 21.007 17.959 32.436  1.021  0.460 22.403
  18.704 21.447  9.384  4.579  1.730 -0.390 -1.683 15.331   0.37
 61424 945 4 61011 3452.5938 3453.5930
 14.704 -0.386 22.923 22.537 22.635 36.348  3.198  0.257 22.403
  18.704 21.447  9.384  4.579  1.730 -0.390 -1.683 15.331   0.37
 61524 945 1 2 3 1 3453.5930 3454.5903
 14.676  0.309-23.695-24.004 15.115 28.772  2.301  1.831-23.959
  14.018  2.815  1.831  5.684 -5.684 14.743  0.000 15.776   0.04
 61924 930 1 1 2 5 3457.6035 3458.5825
 12.222  0.556 37.319 37.863-43.208-32.200  4.865  1.291 37.189
 -44.416  6.837  5.915  3.369  0.458 -7.675-12.677 12.709   0.25
 61924 930 1 1 2 5 3457.6035 3458.5825
 12.674  0.300 36.869 37.163-47.399-35.949  1.971  1.471 37.189
 -44.416  6.837  5.915  3.369  0.458 -7.675-12.677 12.709   0.25
 6202410 0 2 3 5 4 3458.5825 3459.5869
 13.538  0.786 36.890 37.678-34.327-21.718  0.938  1.172 37.430
 -32.932  5.915  3.705  3.827 -2.683-12.677-47.369 11.505  -0.33
 6202410 0 0 0 1 1 3458.5825 3459.5869
 15.005 -0.015 37.459 37.445-29.210-15.128  5.570 10.722 37.459
 -29.210  5.570 10.722  0.000  0.000  0.000  0.000 15.005  -0.01
 62124 954 0 0 1 1 3459.5869 3460.5833
 13.531 -0.673 37.445 36.774-15.128 -2.621 10.722  1.507 37.445
 -15.128 10.722  1.507  0.000  0.000  0.000  0.000 13.531  -0.67
 6222410 0 0 0 1 1 3460.5833 3461.5923
 14.669  0.122 36.774 36.898 -2.621 11.191  1.507  9.553 36.774
  -2.621  1.507  9.553  0.000  0.000  0.000  0.000 14.669   0.12
 62324 946 0 0 1 1 3461.5923 3462.5881
 13.473 -0.243 36.898 36.655 11.191 23.633  9.553  0.986 36.898
  11.191  9.553  0.986  0.000  0.000  0.000  0.000 13.473  -0.24
 62424 952 0 0 1 1 3462.5881 3463.5881
 13.196  0.026 36.655 36.681 23.633 35.849  0.986  5.029 36.655
  23.633  0.986  5.029  0.000  0.000  0.000  0.000 13.196   0.03
 7 224 637 1 1 2 3 3470.7244 3471.5730
 15.417  0.902 18.907 19.672-37.788-25.536  0.673  0.182 18.920
 -38.071  0.723  0.843  3.876 -3.087  2.926-30.931 15.153   0.45
 7 224 637 1 2 311 3470.7244 3471.5730
 13.052  0.073 31.872 31.934-12.816 -2.571  4.909  5.393 32.763
 -14.801 16.555 16.687  2.689 -0.607 28.098 27.411 13.770   0.17
 7 224 637 1 2 311 3470.7244 3471.5730
 12.931  0.201 33.092 33.262-15.534 -5.392 10.987  1.700 32.763
 -14.801 16.555 16.687  2.689 -0.607 28.098 27.411 13.770   0.17
 7 3241015 2 1 3 8 3471.5730 3472.5750
 14.119 -0.707 19.194 18.485-26.242-13.074  0.611  2.222 19.305
 -26.044  0.843 10.267  0.790  3.515-30.931  6.459 12.991  -0.03
 7 3241015 2 1 3 8 3471.5730 3472.5750
 13.559 -0.490 19.333 18.842-25.479-12.873  0.050  0.141 19.305
 -26.044  0.843 10.267  0.790  3.515-30.931  6.459 12.991  -0.03
 7 3241015 2 1 3 8 3471.5730 3472.5750
 13.616 -0.828 19.672 18.842-25.536-12.873  0.182  0.141 19.305
 -26.044  0.843 10.267  0.790  3.515-30.931  6.459 12.991  -0.03
 7 3241015 2 3 5 1 3471.5730 3472.5750
 14.418 -0.414 25.989 25.574-31.584-18.118  6.086  3.492 26.204
 -30.386 10.099  3.492  3.762 -3.762 -7.569  0.000 13.222  -0.63
 7 3241015 2 3 5 1 3471.5730 3472.5750
 14.873 -0.821 26.396 25.574-32.041-18.118  0.895  3.492 26.204
 -30.386 10.099  3.492  3.762 -3.762 -7.569  0.000 13.222  -0.63
 7 3241015 5 611 4 3471.5730 3472.5750
 12.960  0.184 34.489 34.673 -7.341  4.665  0.449  4.825 32.910
  -3.946 16.687 13.264  2.082  1.969 27.411 33.626 12.162   0.20
 7 3241015 5 611 4 3471.5730 3472.5750
 12.614 -0.231 34.904 34.673 -6.994  4.665  0.774  4.825 32.910
  -3.946 16.687 13.264  2.082  1.969 27.411 33.626 12.162   0.20
 7 3241015 5 611 4 3471.5730 3472.5750
 13.446 -0.217 33.262 33.045 -5.392  7.101  1.700  1.701 32.910
  -3.946 16.687 13.264  2.082  1.969 27.411 33.626 12.162   0.20
 7 3241015 5 611 4 3471.5730 3472.5750
 12.850  0.137 32.772 32.909 -4.714  7.182  2.195  1.332 32.910
  -3.946 16.687 13.264  2.082  1.969 27.411 33.626 12.162   0.20
 7 3241015 5 611 4 3471.5730 3472.5750
 13.172 -0.155 31.934 31.778 -2.571  9.647  5.393  5.406 32.910
  -3.946 16.687 13.264  2.082  1.969 27.411 33.626 12.162   0.20
 7 4241011 0 0 1 2 3472.5750 3473.5813
 14.291 -0.526 25.574 25.044-18.118 -4.722  3.492  0.183 25.574
 -18.118  3.492  0.233  0.000  2.279  0.000 48.943 13.937  -0.16
 7 4241011 0 0 1 4 3472.5750 3473.5813
 13.055 -0.868 20.186 19.312-11.135  1.017  2.155  0.532 20.186
 -11.135  2.155  6.624  0.000  2.994  0.000 24.120 14.324  -0.81
 7 4241011 1 3 4 9 3472.5750 3473.5813
 13.696 -0.018 32.909 32.891  7.182 19.979  1.332  3.429 33.107
   7.261 13.264  6.590  4.052 -2.255 33.626 38.554 13.447   0.19
 7 4241011 1 3 4 9 3472.5750 3473.5813
 13.776 -0.153 33.045 32.891  7.101 19.979  1.701  3.429 33.107
   7.261 13.264  6.590  4.052 -2.255 33.626 38.554 13.447   0.19
 7 4241011 1 3 4 9 3472.5750 3473.5813
 13.266 -0.169 31.778 31.608  9.647 22.010  5.406  0.279 33.107
   7.261 13.264  6.590  4.052 -2.255 33.626 38.554 13.447   0.19
 7 52410 3 4 5 9 3 3473.5813 3474.5784
 14.897 -1.796 34.966 33.175 18.776 32.655  0.224  1.030 33.302
  19.807  6.590  3.994  1.797  0.660 38.554 37.186 14.927  -0.89
 7 52410 3 4 5 9 3 3473.5813 3474.5784
 14.415 -1.655 35.007 33.357 18.687 32.086  0.715  0.730 33.302
  19.807  6.590  3.994  1.797  0.660 38.554 37.186 14.927  -0.89
 7 62410 7 1 2 3 3 3474.5784 3475.5798
 13.640 -0.731 33.357 32.625 32.086 44.765  0.730  0.405 32.420
  33.717  3.994  9.727  2.457  1.354 37.186-36.975 13.978  -0.97
 7 62410 7 1 2 3 3 3474.5784 3475.5798
 13.071 -0.550 33.175 32.625 32.655 44.765  1.030  0.405 32.420
  33.717  3.994  9.727  2.457  1.354 37.186-36.975 13.978  -0.97
 7 62410 7 1 2 3 3 3474.5784 3475.5798
 12.938 -0.436 31.766 31.329 34.738 46.714  2.235  9.038 32.420
  33.717  3.994  9.727  2.457  1.354 37.186-36.975 13.978  -0.97
 7 72410 4 0 0 1 1 3475.5798 3476.5813
 14.170 -0.342 17.996 17.654 20.029 33.239  4.169  1.921 17.996
  20.029  4.169  1.921  0.000  0.000  0.000  0.000 14.170  -0.34
 7 72410 4 1 1 2 1 3475.5798 3476.5813
 14.462  0.025 19.588 19.614 29.850 43.353  4.276  4.050 19.582
  29.800  4.326  4.050  4.190 -4.190 -7.751  0.000 14.513   0.03
 7 82410 3 3 2 5 4 3476.5813 3477.6243
 13.469 -0.621 22.342 21.694-52.438-39.410  8.132  6.096 22.471
 -54.153 17.848 34.255  6.256 -2.667  5.241  2.495 15.370  -0.69
 7 82410 3 3 2 5 4 3476.5813 3477.6243
 12.801 -0.525 21.273 20.726-56.530-44.199  0.050  0.374 22.471
 -54.153 17.848 34.255  6.256 -2.667  5.241  2.495 15.370  -0.69
 7 82410 3 3 2 5 4 3476.5813 3477.6243
 12.747 -0.534 22.885 22.328-58.877-46.602  5.347  3.095 22.471
 -54.153 17.848 34.255  6.256 -2.667  5.241  2.495 15.370  -0.69
 7 82410 3 0 0 1 1 3476.5813 3477.6243
 13.617  0.791 19.614 20.439 43.353 56.536  4.050  3.937 19.614
  43.353  4.050  3.937  0.000  0.000  0.000  0.000 13.617   0.79
 7 924 9 0 1 3 4 7 3477.6243 3478.5854
 13.576 -0.204  5.853  5.657-24.077-11.970  4.159  0.050  5.806
 -24.255  4.407  7.491  3.245  1.158-14.730 -6.120 14.818  -0.22
 7 924 9 0 1 3 4 7 3477.6243 3478.5854
 13.907 -0.212  5.628  5.424-27.879-15.453  0.050  1.477  5.806
 -24.255  4.407  7.491  3.245  1.158-14.730 -6.120 14.818  -0.22
 7 924 9 0 1 3 4 7 3477.6243 3478.5854
 14.152  0.180  4.741  4.914-27.723-15.062  0.149  0.050  5.806
 -24.255  4.407  7.491  3.245  1.158-14.730 -6.120 14.818  -0.22
 7 924 9 0 1 3 4 6 3477.6243 3478.5854
 14.260  0.539 20.726 21.244-44.199-31.434  0.374  0.908 21.748
 -39.142 34.255 36.099  3.589  3.247  2.495  6.328 12.744   0.35
 7 924 9 0 1 3 4 6 3477.6243 3478.5854
 13.779  0.126 21.694 21.815-39.410-27.107  6.096  8.396 21.748
 -39.142 34.255 36.099  3.589  3.247  2.495  6.328 12.744   0.35
 71024 956 2 5 710 3478.5854 3479.5825
 16.470  0.890  4.954  5.841-10.963  4.486  0.731  0.151  5.599
 -10.954  7.491 21.496  4.403 -1.631 -6.120 18.848 13.848   0.42
 71024 956 2 5 710 3478.5854 3479.5825
 16.611  0.789  5.424  6.210-15.453  0.136  1.477  1.151  5.599
 -10.954  7.491 21.496  4.403 -1.631 -6.120 18.848 13.848   0.42
 71024 956 2 5 710 3478.5854 3479.5825
 16.849  0.630  4.914  5.542-15.062  0.764  0.050  0.050  5.599
 -10.954  7.491 21.496  4.403 -1.631 -6.120 18.848 13.848   0.42
 71024 956 2 5 710 3478.5854 3479.5825
 16.175  0.932  5.675  6.604-14.968  0.186  0.050  4.612  5.599
 -10.954  7.491 21.496  4.403 -1.631 -6.120 18.848 13.848   0.42
 71024 956 3 3 6 7 3478.5854 3479.5825
 13.622 -0.129 22.911 22.782-34.172-21.564  5.685  6.731 22.081
 -27.834 36.099 16.397  6.836  0.876  6.328  7.045 11.514   0.24
 71024 956 3 3 6 7 3478.5854 3479.5825
 14.090  0.009 22.581 22.591-32.253-19.178  1.752  2.317 22.081
 -27.834 36.099 16.397  6.836  0.876  6.328  7.045 11.514   0.24
 71024 956 3 3 6 7 3478.5854 3479.5825
 13.918 -0.272 21.815 21.544-27.107-14.204  8.396  1.767 22.081
 -27.834 36.099 16.397  6.836  0.876  6.328  7.045 11.514   0.24
 71024 956 3 3 6 7 3478.5854 3479.5825
 13.215 -0.178 21.722 21.544-26.407-14.204 12.200  1.767 22.081
 -27.834 36.099 16.397  6.836  0.876  6.328  7.045 11.514   0.24
 71024 956 3 3 6 7 3478.5854 3479.5825
 13.915 -0.371 22.330 21.960-24.547-11.647  7.159  3.634 22.081
 -27.834 36.099 16.397  6.836  0.876  6.328  7.045 11.514   0.24
 7112410 0 4 3 7 9 3479.5825 3480.5833
 14.839 -0.211 22.591 22.379-19.178 -5.308  2.317  0.337 22.321
 -17.327 16.397 12.623  7.712 -2.175  7.045 10.689 17.028  -0.84
 7112410 0 4 3 7 9 3479.5825 3480.5833
 14.548 -0.178 21.544 21.365-14.204 -0.625  1.767  3.218 22.321
 -17.327 16.397 12.623  7.712 -2.175  7.045 10.689 17.028  -0.84
 7112410 0 4 3 7 9 3479.5825 3480.5833
 14.510 -0.151 21.960 21.809-11.647  1.894  3.634  0.050 22.321
 -17.327 16.397 12.623  7.712 -2.175  7.045 10.689 17.028  -0.84
 7112410 0 4 3 7 9 3479.5825 3480.5833
 14.278  0.083 21.726 21.809-11.414  1.894  0.050  0.050 22.321
 -17.327 16.397 12.623  7.712 -2.175  7.045 10.689 17.028  -0.84
 7112410 0 6 41012 3479.5825 3480.5833
 14.462 -0.549  5.542  4.992  0.764 14.257  0.050  0.050  6.015
   1.880 21.496 23.633  2.772  3.509 18.848  1.804 14.987  -0.57
 7112410 0 6 41012 3479.5825 3480.5833
 15.083 -0.690  5.204  4.513  3.028 17.142  1.581  0.475  6.015
   1.880 21.496 23.633  2.772  3.509 18.848  1.804 14.987  -0.57
 7112410 0 6 41012 3479.5825 3480.5833
 14.573 -0.588  5.101  4.513  3.538 17.142  1.587  0.475  6.015
   1.880 21.496 23.633  2.772  3.509 18.848  1.804 14.987  -0.57
 7112410 0 6 41012 3479.5825 3480.5833
 15.310 -0.610  5.894  5.283  3.780 18.121  0.581  0.713  6.015
   1.880 21.496 23.633  2.772  3.509 18.848  1.804 14.987  -0.57
 7112410 0 6 41012 3479.5825 3480.5833
 14.605 -0.557  5.841  5.283  4.486 18.121  0.151  0.713  6.015
   1.880 21.496 23.633  2.772  3.509 18.848  1.804 14.987  -0.57
 7112410 0 6 41012 3479.5825 3480.5833
 14.908 -0.252  5.555  5.303  4.798 18.737  1.682  9.930  6.015
   1.880 21.496 23.633  2.772  3.509 18.848  1.804 14.987  -0.57
 7122410 0 5 4 9 1 3480.5833 3481.6013
 14.190 -0.048 21.365 21.316 -0.625 12.825  3.218  6.158 21.478
  -1.266 12.623  6.158  5.538 -5.538 10.689  0.000 14.820  -0.16
 7122410 0 5 4 9 1 3480.5833 3481.6013
 13.693  0.131 21.183 21.316 -0.119 12.825  6.153  6.158 21.478
  -1.266 12.623  6.158  5.538 -5.538 10.689  0.000 14.820  -0.16
 7122410 0 6 612 6 3480.5833 3481.6013
 13.965 -0.237  6.049  5.807 12.776 25.997  4.306  7.112  5.444
  15.898 23.633 24.353  6.281  0.173  1.804  5.845 15.243  -0.16
 7122410 0 6 612 6 3480.5833 3481.6013
 13.973 -0.239  5.049  4.805 13.866 27.095  0.179  0.207  5.444
  15.898 23.633 24.353  6.281  0.173  1.804  5.845 15.243  -0.16
 7122410 0 6 612 6 3480.5833 3481.6013
 14.571 -0.334  5.798  5.458 18.216 32.054  1.624  2.641  5.444
  15.898 23.633 24.353  6.281  0.173  1.804  5.845 15.243  -0.16
 7122410 0 6 612 6 3480.5833 3481.6013
 14.950 -0.511  5.283  4.763 18.121 32.345  0.713  6.031  5.444
  15.898 23.633 24.353  6.281  0.173  1.804  5.845 15.243  -0.16
 7122410 0 6 612 6 3480.5833 3481.6013
 14.344 -0.530  5.303  4.763 18.737 32.345  9.930  6.031  5.444
  15.898 23.633 24.353  6.281  0.173  1.804  5.845 15.243  -0.16
 7122410 0 6 612 6 3480.5833 3481.6013
 14.221 -0.293  5.757  5.458 18.572 32.054  0.758  2.641  5.444
  15.898 23.633 24.353  6.281  0.173  1.804  5.845 15.243  -0.16
 71324 933 3 3 6 3 3481.6013 3482.5833
 15.250 -0.207  5.458  5.255 32.054 46.068  2.641  1.384  5.279
  30.420 24.353 11.834  6.454 -5.627  5.845 17.034 16.200   0.19
 71324 933 3 3 6 3 3481.6013 3482.5833
 14.572  0.083  5.174  5.255 32.720 46.068  7.910  1.384  5.279
  30.420 24.353 11.834  6.454 -5.627  5.845 17.034 16.200   0.19
 7142410 0 5 4 9 3 3482.5833 3483.6084
 14.214  1.307 21.456 22.796 21.850 35.416  0.322  4.485 22.018
  21.967 22.836 14.232  7.308 -4.339 11.393 20.059 16.149  -0.10
 7142410 0 5 4 9 3 3482.5833 3483.6084
 13.962  1.077 20.191 21.295 23.496 36.804  0.754  0.890 22.018
  21.967 22.836 14.232  7.308 -4.339 11.393 20.059 16.149  -0.10
 7142410 0 5 4 9 3 3482.5833 3483.6084
 14.741  0.919 20.587 21.529 24.546 38.652  0.241  8.857 22.018
  21.967 22.836 14.232  7.308 -4.339 11.393 20.059 16.149  -0.10
 7142410 0 1 1 2 1 3482.5833 3483.6084
 14.976 -0.429  5.626  5.187 39.010 53.357  2.683  1.610  5.635
  39.082  9.506  1.610  0.101 -0.101 -6.671  0.000 14.905  -0.44
 7142410 0 1 1 2 1 3482.5833 3483.6084
 14.878 -0.440  5.638  5.187 39.110 53.357  6.823  1.610  5.635
  39.082  9.506  1.610  0.101 -0.101 -6.671  0.000 14.905  -0.44
 7142410 0 1 2 3 1 3482.5833 3483.6084
 14.975 -0.002  5.545  5.542 45.342 59.689  8.332  9.866  5.469
  45.367 11.834  9.866  0.827 -0.827 17.034  0.000 14.951   0.07
 7142410 0 1 2 3 1 3482.5833 3483.6084
 15.302  0.225  5.311  5.542 45.007 59.689  2.118  9.866  5.469
  45.367 11.834  9.866  0.827 -0.827 17.034  0.000 14.951   0.07
 71524 923 1 2 3 7 3483.6084 3484.6028
 13.942 -1.786 22.796 21.020 35.416 48.308  4.485  1.448 21.914
  37.517 14.232 19.265  2.969 -0.495 20.059  7.542 14.152  -1.09
 71524 923 1 2 3 7 3483.6084 3484.6028
 14.057 -1.471 21.529 20.066 38.652 51.657  8.857  6.069 21.914
  37.517 14.232 19.265  2.969 -0.495 20.059  7.542 14.152  -1.09
 72324 919 7 2 9 3 3491.6111 3492.6577
 16.390 -0.976 28.604 27.583 -3.733 12.396  0.754  1.405 27.994
   0.488  5.445  5.054  2.857  1.471-10.775  6.608 15.692  -0.74
 72324 919 7 2 9 3 3491.6111 3492.6577
 16.169 -0.678 27.679 26.969  1.563 17.460  1.321  2.042 27.994
   0.488  5.445  5.054  2.857  1.471-10.775  6.608 15.692  -0.74
 72324 919 7 2 9 3 3491.6111 3492.6577
 15.553 -0.997 28.012 26.969  2.207 17.460  0.612  2.042 27.994
   0.488  5.445  5.054  2.857  1.471-10.775  6.608 15.692  -0.74
 72324 919 7 2 9 3 3491.6111 3492.6577
 16.437 -1.075 28.357 27.232  0.762 16.940  0.171  1.607 27.994
   0.488  5.445  5.054  2.857  1.471-10.775  6.608 15.692  -0.74
 72724 749 1 4 5 7 3495.6736 3496.6243
 14.329  0.368 35.391 35.741-47.414-34.721  1.910  0.734 35.901
 -40.543 18.120 10.076  6.584  1.220 -2.540 -3.401 15.361   0.13
 72724 749 1 4 5 7 3495.6736 3496.6243
 14.138  0.674 35.073 35.714-43.899-31.388  0.050  0.050 35.901
 -40.543 18.120 10.076  6.584  1.220 -2.540 -3.401 15.361   0.13
 72824 9 0 2 5 7 3 3496.6243 3497.5911
 13.638 -1.353 35.933 34.625-25.770-13.532  0.238  5.755 36.023
 -26.870 10.076 13.395  7.804 -7.247 -3.401 36.513 14.496  -1.23
 72924 948 2 2 4 4 3497.5911 3498.5964
 12.980  0.790 34.725 35.519-23.194-11.126  0.939  0.569 34.081
 -22.753  9.545  0.899  3.057 -1.694  9.551 18.775 12.578   1.07
 72924 948 2 2 4 4 3497.5911 3498.5964
 12.428  1.206 34.483 35.695-21.368 -9.854  0.120  0.050 34.081
 -22.753  9.545  0.899  3.057 -1.694  9.551 18.775 12.578   1.07
 72924 948 2 1 3 3 3497.5911 3498.5964
 12.328  0.297 34.625 34.924-13.532 -2.119  5.755  0.050 34.830
 -13.802 13.395 21.188  0.557  1.310 36.513-12.886 13.677   0.07
 72924 948 2 1 3 3 3497.5911 3498.5964
 12.111 -0.040 34.964 34.924-13.314 -2.119  0.540  0.050 34.830
 -13.802 13.395 21.188  0.557  1.310 36.513-12.886 13.677   0.07
 72924 948 2 1 3 3 3497.5911 3498.5964
 12.852 -0.062 34.986 34.924-14.059 -2.119  7.101  0.050 34.830
 -13.802 13.395 21.188  0.557  1.310 36.513-12.886 13.677   0.07
 73024 941 2 2 4 2 3498.5964 3499.5911
 13.467 -0.161 35.519 35.359-11.126  1.293  0.569  0.506 35.160
 -11.089  0.899  0.838  1.363 -1.114 18.775 84.865 13.440   0.10
 73024 941 1 2 3 1 3498.5964 3499.5911
 13.944 -0.115 34.919 34.805 -0.960 11.933 20.492 13.320 34.905
  -1.033 21.188 13.320  1.867 -1.867-12.886  0.000 14.017  -0.10
 73124 948 0 0 1 1 3499.5911 3500.5945
 13.602 -0.227 34.805 34.577 11.933 24.601 13.320  0.248 34.805
  11.933 13.320  0.248  0.000  0.000  0.000  0.000 13.602  -0.23
 8 124 943 0 0 1 2 3500.5945 3501.5874
 13.155 -0.182 34.577 34.396 24.601 36.693  0.248  8.934 34.577
  24.601  0.248 10.555  0.000  2.442  0.000-25.103 12.742  -0.34
 8 224 953 0 0 1 2 3501.5874 3502.5881
 14.004  0.212  6.358  6.570-58.325-45.291 14.258 19.012  6.358
 -58.325 14.258 19.062  0.000  4.785  0.000 -9.219 13.991   0.21
 8 224 953 1 1 2 2 3501.5874 3502.5881
 12.579 -0.068 33.360 33.292 34.018 45.627  1.621  2.703 34.237
  36.283 10.555 22.581  2.442  0.648-25.103-21.352 13.380   0.05
 8 224 953 1 1 2 2 3501.5874 3502.5881
 13.387  0.021 34.396 34.417 36.693 49.110  8.934 19.877 34.237
  36.283 10.555 22.581  2.442  0.648-25.103-21.352 13.380   0.05
 8 52410 0 0 0 1 1 3504.5825 3505.5923
 14.145 -0.233  6.355  6.119-19.163 -5.869 15.569 34.273  6.355
 -19.163 15.569 34.273  0.000  0.000  0.000  0.000 14.145  -0.23
 8 52410 0 0 0 1 1 3504.5825 3505.5923
 14.008 -0.329 24.907 24.574-49.963-36.806  5.193  2.432 24.907
 -49.963  5.193  2.432  0.000  0.000  0.000  0.000 14.008  -0.33
 8 624 946 0 0 1 2 3505.5923 3506.6077
 14.069  0.140  6.119  6.262 -5.869  7.422 34.273 35.659  6.119
  -5.869 34.273 35.709  0.000  3.419  0.000 -1.278 14.064   0.14
 8 624 946 0 0 1 1 3505.5923 3506.6077
 13.751 -0.198 24.574 24.373-36.806-23.839  2.432  4.000 24.574
 -36.806  2.432  4.000  0.000  0.000  0.000  0.000 13.751  -0.20
 8 724 924 1 1 2 1 3506.6077 3507.8069
 14.426  0.271  6.262  6.587  7.422 23.550 35.659 30.210  6.262
   7.417 35.709 30.210  3.419 -3.419 -1.278  0.000 14.430   0.27
 8 724 924 0 0 1 1 3506.6077 3507.8069
 13.903  0.169 24.373 24.576-23.839 -8.339  4.000  4.823 24.373
 -23.839  4.000  4.823  0.000  0.000  0.000  0.000 13.903   0.17
 8 824 437 0 0 1 1 3507.8069 3508.5813
 13.250 -0.048 24.576 24.539 -8.339  1.163  4.823  1.906 24.576
  -8.339  4.823  1.906  0.000  0.000  0.000  0.000 13.250  -0.05
 8 824 437 0 0 1 2 3507.8069 3508.5813
 14.426 -0.017  6.587  6.574 23.550 33.962 30.210 22.983  6.587
  23.550 30.210 23.033  0.000  1.475  0.000-86.837 14.426  -0.01
 8 92410 3 1 1 2 1 3508.5813 3509.6313
 14.685  0.035  6.574  6.611 33.962 48.354 22.983 20.504  6.577
  33.962 23.033 20.504  1.475 -1.475-86.837  0.000 14.685   0.03
 81624 949 1 1 2 1 3515.5903 3516.5952
 14.073  0.701 15.898 16.602-59.632-46.474  6.845 13.490 15.894
 -59.633  6.895 13.490  0.505 -0.505-73.543  0.000 14.075   0.70
 81724 942 0 0 1 1 3516.5952 3517.5923
 13.824 -0.540 16.602 16.064-46.474-33.665 13.490 20.354 16.602
 -46.474 13.490 20.354  0.000  0.000  0.000  0.000 13.824  -0.54
 81724 942 2 2 4 3 3516.5952 3517.5923
 14.251 -0.403 19.940 19.539-58.714-45.479  2.303  1.904 19.623
 -58.142  9.624  4.069  0.648 -0.312  0.026 27.575 13.817  -0.27
 81724 942 2 2 4 3 3516.5952 3517.5923
 13.685 -0.373 19.644 19.272-57.838-45.169  4.694  1.866 19.623
 -58.142  9.624  4.069  0.648 -0.312  0.026 27.575 13.817  -0.27
 81724 942 2 2 4 3 3516.5952 3517.5923
 14.121 -0.068 19.340 19.272-58.273-45.169  2.577  1.866 19.623
 -58.142  9.624  4.069  0.648 -0.312  0.026 27.575 13.817  -0.27
 81824 946 0 0 1 1 3517.5923 3518.6133
 14.605  0.388 16.064 16.460-33.665-19.756 20.354 10.492 16.064
 -33.665 20.354 10.492  0.000  0.000  0.000  0.000 14.605   0.39
 81824 946 1 2 3 2 3517.5923 3518.6133
 14.115  0.096 19.272 19.370-45.169-31.759  1.866  2.984 19.356
 -45.340  4.069  3.619  0.336  0.169 27.575 59.371 14.236   0.09
 81824 946 1 2 3 2 3517.5923 3518.6133
 14.152  0.261 19.539 19.805-45.479-32.032  1.904  0.635 19.356
 -45.340  4.069  3.619  0.336  0.169 27.575 59.371 14.236   0.09
 81924 916 0 0 1 1 3518.6133 3519.6313
 14.044 -0.610 16.460 15.839-19.756 -6.455 10.492 23.788 16.460
 -19.756 10.492 23.788  0.000  0.000  0.000  0.000 14.044  -0.61
 81924 916 1 1 2 2 3518.6133 3519.6313
 14.686 -0.070 19.370 19.299-31.759-17.805  2.984  0.050 19.447
 -31.807  3.619  0.100  0.505  0.349 59.371-38.823 14.388  -0.41
 81924 916 1 1 2 2 3518.6133 3519.6313
 14.955 -0.497 19.805 19.299-32.032-17.805  0.635  0.050 19.447
 -31.807  3.619  0.100  0.505  0.349 59.371-38.823 14.388  -0.41
 82024 850 0 0 1 2 3519.6313 3520.5945
 14.070 -0.250 15.839 15.598 -6.455  6.153 23.788  5.369 15.839
  -6.455 23.788  7.306  0.000  0.660  0.000 22.306 13.896  -0.18
 82124 943 1 1 2 2 3520.5945 3521.6729
 13.297 -0.203 15.849 15.630  5.519 18.803  1.937  4.795 15.664
   5.985  7.306  9.096  0.660 -0.031 22.306 19.286 13.135  -0.12
 82124 943 1 1 2 2 3520.5945 3521.6729
 13.280 -0.163 15.598 15.422  6.153 19.419  5.369  4.301 15.664
   5.985  7.306  9.096  0.660 -0.031 22.306 19.286 13.135  -0.12
 82224 751 1 1 2 2 3521.6729 3522.6604
 14.347 -0.321 15.630 15.313 18.803 32.003  4.795  2.324 15.532
  19.094  9.096  3.387  0.629 -0.032 19.286 24.280 14.231  -0.30
 82224 751 1 1 2 2 3521.6729 3522.6604
 14.294 -0.359 15.422 15.068 19.419 32.567  4.301  1.063 15.532
  19.094  9.096  3.387  0.629 -0.032 19.286 24.280 14.231  -0.30
 82324 8 8 1 2 3 1 3522.6604 3523.5916
 14.374 -0.008 20.450 20.443 22.593 35.066  0.254  0.186 20.499
  22.880  0.354  0.186  2.033 -2.033-20.613  0.000 14.066  -0.06
 82324 8 8 1 2 3 1 3522.6604 3523.5916
 14.375  0.333 20.133 20.443 22.592 35.066  0.050  0.186 20.499
  22.880  0.354  0.186  2.033 -2.033-20.613  0.000 14.066  -0.06
 82324 8 8 1 1 2 2 3522.6604 3523.5916
 14.691 -0.315 15.313 15.020 32.003 44.771  2.324  4.542 15.236
  32.180  3.387  9.010  0.597  0.101 24.280 14.754 14.873  -0.33
 82324 8 8 1 1 2 2 3522.6604 3523.5916
 14.835 -0.242 15.068 14.842 32.567 45.469  1.063  4.468 15.236
  32.180  3.387  9.010  0.597  0.101 24.280 14.754 14.873  -0.33
 82424 948 1 1 2 2 3523.5916 3524.5916
 13.855  0.076 15.020 15.096 44.771 57.645  4.542  1.594 14.932
  45.117  9.010  3.201  0.698 -0.037 14.754 11.154 13.846   0.10
 82424 948 1 1 2 2 3523.5916 3524.5916
 13.828  0.126 14.842 14.968 45.469 58.316  4.468  1.608 14.932
  45.117  9.010  3.201  0.698 -0.037 14.754 11.154 13.846   0.10
 82924 930 0 0 1 1 3528.6035 3529.5979
 14.211 -0.248  4.943  4.696-59.094-45.937 22.210 17.790  4.943
 -59.094 22.210 17.790  0.000  0.000  0.000  0.000 14.211  -0.25
 82924 930 7121919 3528.6035 3529.5979
 14.005  0.344 21.537 21.880-15.887 -2.935  0.596  0.120 22.147
 -14.787 40.244 92.918  5.223  2.657  0.325 -1.044 12.657   0.07
 82924 930 7121919 3528.6035 3529.5979
 14.034  0.402 22.896 23.296-15.819 -2.838  0.050  0.332 22.147
 -14.787 40.244 92.918  5.223  2.657  0.325 -1.044 12.657   0.07
 82924 930 7121919 3528.6035 3529.5979
 14.476  0.239 23.109 23.346-14.851 -1.431  2.358  0.050 22.147
 -14.787 40.244 92.918  5.223  2.657  0.325 -1.044 12.657   0.07
 82924 930 7121919 3528.6035 3529.5979
 13.967  0.498 22.801 23.296-13.935 -1.021  5.877  0.513 22.147
 -14.787 40.244 92.918  5.223  2.657  0.325 -1.044 12.657   0.07
 82924 930 7121919 3528.6035 3529.5979
 14.497  0.526 22.251 22.774-13.329  0.111  0.050  0.768 22.147
 -14.787 40.244 92.918  5.223  2.657  0.325 -1.044 12.657   0.07
 82924 930 7121919 3528.6035 3529.5979
 14.080  0.687 22.091 22.774-12.915  0.111  0.050  0.768 22.147
 -14.787 40.244 92.918  5.223  2.657  0.325 -1.044 12.657   0.07
 82924 930 7121919 3528.6035 3529.5979
 13.677  0.649 21.511 22.156-11.204  1.422  3.238  0.304 22.147
 -14.787 40.244 92.918  5.223  2.657  0.325 -1.044 12.657   0.07
 82924 930 7121919 3528.6035 3529.5979
 13.663  0.503 21.815 22.316-10.245  2.367  3.718  5.006 22.147
 -14.787 40.244 92.918  5.223  2.657  0.325 -1.044 12.657   0.07
 82924 930 7121919 3528.6035 3529.5979
 14.149  0.291 22.027 22.316-10.729  2.367  5.583  5.006 22.147
 -14.787 40.244 92.918  5.223  2.657  0.325 -1.044 12.657   0.07
 9 124 755 0 0 1 2 3531.6694 3532.6152
 13.854  0.454  4.706  5.136-17.789 -5.614 17.208  6.057  4.706
 -17.789 17.208  9.088  0.000  0.431  0.000-87.053 13.846   0.30
 9 124 755 8 71517 3531.6694 3532.6152
 13.977  0.284 21